1 0.8180970149253731 0.6651119402985075 0.04291044776119403 0.04291044776119403
1 0.8255597014925373 0.5848880597014925 0.048507462686567165 0.04477611940298507
1 0.8348880597014925 0.5009328358208955 0.04477611940298507 0.04477611940298507
1 0.8432835820895522 0.41884328358208955 0.04664179104477612 0.04291044776119403
1 0.7042910447761194 0.6557835820895522 0.05783582089552239 0.05783582089552239
1 0.7117537313432836 0.5736940298507462 0.06343283582089553 0.06343283582089553
1 0.7201492537313433 0.4916044776119403 0.05970149253731343 0.05783582089552239
1 0.7285447761194029 0.4085820895522388 0.05970149253731343 0.05970149253731343
1 0.5569029850746269 0.6399253731343284 0.07276119402985075 0.07276119402985075
1 0.5643656716417911 0.5597014925373134 0.07276119402985075 0.07276119402985075
1 0.5690298507462687 0.478544776119403 0.07649253731343283 0.07462686567164178
1 0.5764925373134329 0.39738805970149255 0.07649253731343283 0.07462686567164178
1 0.37779850746268656 0.5727611940298507 0.09328358208955224 0.0914179104477612
1 0.23227611940298507 0.5615671641791045 0.08955223880597014 0.08768656716417911
1 0.24253731343283583 0.416044776119403 0.0914179104477612 0.09328358208955224
1 0.3880597014925373 0.4253731343283582 0.09328358208955224 0.0914179104477612