1 0.48601973684210525 0.2080592105263158 0.06414473684210527 0.06085526315789474
1 0.37088815789473684 0.42269736842105265 0.027960526315789474 0.02631578947368421
1 0.5172697368421053 0.44819078947368424 0.024671052631578948 0.024671052631578948
1 0.42351973684210525 0.5616776315789473 0.027960526315789474 0.024671052631578948
1 0.17351973684210525 0.5723684210526315 0.07072368421052631 0.0625
1 0.6488486842105263 0.6554276315789473 0.06414473684210527 0.06085526315789474
1 0.22039473684210525 0.30098684210526316 0.09539473684210527 0.09210526315789473
1 0.16858552631578946 0.4375 0.06743421052631579 0.06907894736842106
1 0.6981907894736842 0.3832236842105263 0.09375 0.10197368421052631
1 0.7154605263157895 0.5279605263157895 0.07894736842105263 0.07236842105263158
1 0.3963815789473684 0.7582236842105263 0.10526315789473684 0.09539473684210527