1 0.4292763157894737 0.26644736842105265 0.06907894736842106 0.06578947368421052
1 0.553453947368421 0.26480263157894735 0.06414473684210527 0.06578947368421052
1 0.43256578947368424 0.38898026315789475 0.06907894736842106 0.06743421052631579
1 0.555921052631579 0.38651315789473684 0.06907894736842106 0.06578947368421052
1 0.39226973684210525 0.5460526315789473 0.05756578947368421 0.05921052631578947
1 0.4613486842105263 0.5452302631578947 0.05756578947368421 0.05756578947368421
1 0.5287828947368421 0.5419407894736842 0.05756578947368421 0.05756578947368421
1 0.5995065789473685 0.540296052631579 0.06085526315789474 0.05756578947368421
1 0.39226973684210525 0.6726973684210527 0.047697368421052634 0.046052631578947366
1 0.4629934210526316 0.671875 0.047697368421052634 0.047697368421052634
1 0.5328947368421053 0.6685855263157895 0.046052631578947366 0.047697368421052634
1 0.602796052631579 0.6685855263157895 0.047697368421052634 0.047697368421052634
1 0.3939144736842105 0.7705592105263158 0.03453947368421053 0.03453947368421053
1 0.46463815789473684 0.7689144736842105 0.03453947368421053 0.03453947368421053
1 0.5361842105263158 0.7664473684210527 0.03289473684210526 0.03289473684210526
1 0.6052631578947368 0.7648026315789473 0.03618421052631579 0.03289473684210526