1 0.3199013157894737 0.25493421052631576 0.08388157894736842 0.07894736842105263
1 0.43667763157894735 0.18174342105263158 0.0805921052631579 0.0805921052631579
1 0.3988486842105263 0.3717105263157895 0.0805921052631579 0.07894736842105263
1 0.515625 0.296875 0.0805921052631579 0.08388157894736842
1 0.453125 0.5427631578947368 0.06414473684210527 0.0625
1 0.5172697368421053 0.5024671052631579 0.06414473684210527 0.06743421052631579
1 0.5805921052631579 0.4605263157894737 0.06578947368421052 0.06578947368421052
1 0.6447368421052632 0.41694078947368424 0.06578947368421052 0.06414473684210527
1 0.5304276315789473 0.6611842105263158 0.05098684210526316 0.05263157894736842
1 0.59375 0.6192434210526315 0.05263157894736842 0.054276315789473686
1 0.6587171052631579 0.5740131578947368 0.05098684210526316 0.05263157894736842
1 0.7220394736842105 0.5337171052631579 0.05263157894736842 0.05098684210526316
1 0.5888157894736842 0.75 0.039473684210526314 0.039473684210526314
1 0.6529605263157895 0.7072368421052632 0.04276315789473684 0.04276315789473684
1 0.7162828947368421 0.6636513157894737 0.03782894736842105 0.04111842105263158
1 0.7804276315789473 0.6225328947368421 0.03782894736842105 0.04111842105263158