1 0.4205020920502092 0.6579497907949791 0.02510460251046025 0.027196652719665274
1 0.4372384937238494 0.5627615062761506 0.02510460251046025 0.02510460251046025
1 0.5878661087866108 0.6569037656903766 0.02510460251046025 0.02510460251046025
1 0.47175732217573224 0.9309623430962343 0.014644351464435146 0.016736401673640166
1 0.12552301255230125 0.9571129707112971 0.016736401673640166 0.01882845188284519
1 0.1108786610878661 0.5366108786610879 0.016736401673640166 0.014644351464435146
1 0.16736401673640167 0.34414225941422594 0.02092050209205021 0.02301255230125523
1 0.401673640167364 0.16317991631799164 0.02092050209205021 0.016736401673640166
1 0.4905857740585774 0.22698744769874477 0.02301255230125523 0.027196652719665274
1 0.4560669456066946 0.35564853556485354 0.016736401673640166 0.016736401673640166
1 0.5271966527196653 0.4424686192468619 0.016736401673640166 0.014644351464435146
1 0.5449790794979079 0.37656903765690375 0.014644351464435146 0.016736401673640166
1 0.4801255230125523 0.3054393305439331 0.01882845188284519 0.012552301255230125
1 0.5941422594142259 0.8556485355648535 0.016736401673640166 0.02510460251046025
1 0.6192468619246861 0.6715481171548117 0.016736401673640166 0.016736401673640166
1 0.39748953974895396 0.604602510460251 0.016736401673640166 0.016736401673640166