1 0.7152777777777778 0.7400793650793651 0.03968253968253968 0.037698412698412696
1 0.7172619047619048 0.6626984126984127 0.03968253968253968 0.037698412698412696
1 0.7192460317460317 0.5853174603174603 0.03968253968253968 0.037698412698412696
1 0.7222222222222222 0.5069444444444444 0.037698412698412696 0.03571428571428571
1 0.6081349206349206 0.7351190476190477 0.05555555555555555 0.051587301587301584
1 0.6101190476190477 0.6577380952380952 0.05555555555555555 0.051587301587301584
1 0.6111111111111112 0.5803571428571429 0.05357142857142857 0.051587301587301584
1 0.6130952380952381 0.5049603174603174 0.05357142857142857 0.051587301587301584
1 0.46924603174603174 0.7301587301587301 0.06944444444444445 0.06547619047619048
1 0.4722222222222222 0.6547619047619048 0.06746031746031746 0.06547619047619048
1 0.4712301587301587 0.5793650793650794 0.06944444444444445 0.06547619047619048
1 0.4732142857142857 0.5029761904761905 0.06944444444444445 0.06746031746031746
1 0.2996031746031746 0.6785714285714286 0.07936507936507936 0.07936507936507936
1 0.3005952380952381 0.5426587301587301 0.07936507936507936 0.07738095238095238
1 0.1636904761904762 0.6755952380952381 0.07738095238095238 0.07539682539682539
1 0.16567460317460317 0.5386904761904762 0.07539682539682539 0.07738095238095238