1 0.3190789473684211 0.39226973684210525 0.0625 0.06085526315789474
1 0.38898026315789475 0.3067434210526316 0.06085526315789474 0.06085526315789474
1 0.4761513157894737 0.375 0.06414473684210527 0.0625
1 0.4087171052631579 0.4621710526315789 0.06414473684210527 0.0625
1 0.6085526315789473 0.43338815789473684 0.05263157894736842 0.05098684210526316
1 0.5699013157894737 0.48273026315789475 0.05098684210526316 0.05098684210526316
1 0.5328947368421053 0.53125 0.05263157894736842 0.05263157894736842
1 0.4942434210526316 0.5822368421052632 0.054276315789473686 0.05263157894736842
1 0.6981907894736842 0.5032894736842105 0.04111842105263158 0.039473684210526314
1 0.6611842105263158 0.5526315789473685 0.039473684210526314 0.039473684210526314
1 0.6233552631578947 0.602796052631579 0.039473684210526314 0.04111842105263158
1 0.584703947368421 0.6529605263157895 0.04111842105263158 0.04276315789473684
1 0.7664473684210527 0.5567434210526315 0.029605263157894735 0.027960526315789474
1 0.7286184210526315 0.6060855263157895 0.029605263157894735 0.03125
1 0.6924342105263158 0.65625 0.029605263157894735 0.029605263157894735
1 0.6537828947368421 0.7080592105263158 0.03125 0.03125