1 0.24259868421052633 0.3618421052631579 0.03125 0.029605263157894735
1 0.24424342105263158 0.42598684210526316 0.03125 0.029605263157894735
1 0.24588815789473684 0.4901315789473684 0.03125 0.029605263157894735
1 0.24671052631578946 0.5550986842105263 0.029605263157894735 0.027960526315789474
1 0.3314144736842105 0.36101973684210525 0.044407894736842105 0.04111842105263158
1 0.33305921052631576 0.4251644736842105 0.044407894736842105 0.04111842105263158
1 0.3355263157894737 0.48930921052631576 0.04276315789473684 0.04111842105263158
1 0.3371710526315789 0.5518092105263158 0.04276315789473684 0.04111842105263158
1 0.4465460526315789 0.359375 0.054276315789473686 0.05098684210526316
1 0.4473684210526316 0.421875 0.05263157894736842 0.05098684210526316
1 0.45148026315789475 0.484375 0.054276315789473686 0.05098684210526316
1 0.453125 0.5476973684210527 0.054276315789473686 0.05263157894736842
1 0.5888157894736842 0.39473684210526316 0.0625 0.0625
1 0.59375 0.5074013157894737 0.0625 0.06085526315789474
1 0.7014802631578947 0.39144736842105265 0.06085526315789474 0.05921052631578947
1 0.7055921052631579 0.5041118421052632 0.05921052631578947 0.06085526315789474