1 0.24424342105263158 0.34868421052631576 0.06743421052631579 0.06907894736842106
1 0.24177631578947367 0.4777960526315789 0.07236842105263158 0.07072368421052631
1 0.3717105263157895 0.34868421052631576 0.06907894736842106 0.06907894736842106
1 0.3725328947368421 0.4761513157894737 0.07072368421052631 0.07072368421052631
1 0.5304276315789473 0.30838815789473684 0.06085526315789474 0.06085526315789474
1 0.5296052631578947 0.37911184210526316 0.05921052631578947 0.05756578947368421
1 0.5320723684210527 0.44901315789473684 0.06085526315789474 0.05921052631578947
1 0.53125 0.5205592105263158 0.05921052631578947 0.06085526315789474
1 0.6578947368421053 0.30838815789473684 0.046052631578947366 0.047697368421052634
1 0.6603618421052632 0.37664473684210525 0.047697368421052634 0.046052631578947366
1 0.6611842105263158 0.44819078947368424 0.049342105263157895 0.047697368421052634
1 0.662828947368421 0.5197368421052632 0.049342105263157895 0.046052631578947366
1 0.7541118421052632 0.30756578947368424 0.03125 0.03289473684210526
1 0.7557565789473685 0.37664473684210525 0.03453947368421053 0.03289473684210526
1 0.7582236842105263 0.44819078947368424 0.03289473684210526 0.03453947368421053
1 0.7606907894736842 0.5189144736842105 0.03453947368421053 0.03453947368421053