1 0.21518987341772153 0.2521613832853026 0.09620253164556962 0.10662824207492795
1 0.3227848101265823 0.10230547550432277 0.09367088607594937 0.10662824207492795
1 0.4569620253164557 0.2219020172910663 0.09873417721518987 0.10951008645533142
1 0.3531645569620253 0.3746397694524496 0.09873417721518987 0.10951008645533142
1 0.660759493670886 0.3242074927953891 0.0810126582278481 0.0893371757925072
1 0.6012658227848101 0.4106628242074928 0.07848101265822785 0.0893371757925072
1 0.5443037974683544 0.4956772334293948 0.0810126582278481 0.09221902017291066
1 0.48481012658227846 0.5850144092219021 0.08354430379746836 0.09221902017291066
1 0.7987341772151899 0.44668587896253603 0.06329113924050633 0.069164265129683
1 0.7417721518987341 0.5331412103746398 0.060759493670886074 0.069164265129683
1 0.6835443037974683 0.6210374639769453 0.060759493670886074 0.07204610951008646
1 0.6240506329113924 0.7089337175792507 0.06329113924050633 0.07492795389048991
1 0.9037974683544304 0.5403458213256485 0.04556962025316456 0.04899135446685879
1 0.8455696202531645 0.6268011527377522 0.04556962025316456 0.05475504322766571
1 0.789873417721519 0.7146974063400576 0.04556962025316456 0.05187319884726225
1 0.730379746835443 0.8054755043227666 0.04810126582278481 0.05475504322766571