1 0.3963815789473684 0.17516447368421054 0.04276315789473684 0.04111842105263158
1 0.48273026315789475 0.17434210526315788 0.04111842105263158 0.039473684210526314
1 0.5674342105263158 0.17516447368421054 0.04276315789473684 0.04111842105263158
1 0.6537828947368421 0.17516447368421054 0.04111842105263158 0.04111842105263158
1 0.39555921052631576 0.2894736842105263 0.054276315789473686 0.05263157894736842
1 0.48026315789473684 0.29194078947368424 0.05592105263157895 0.05756578947368421
1 0.5649671052631579 0.2902960526315789 0.05756578947368421 0.05756578947368421
1 0.6521381578947368 0.29194078947368424 0.05756578947368421 0.05756578947368421
1 0.3939144736842105 0.4457236842105263 0.07072368421052631 0.06907894736842106
1 0.4786184210526316 0.4457236842105263 0.07236842105263158 0.06907894736842106
1 0.5649671052631579 0.4465460526315789 0.07072368421052631 0.07072368421052631
1 0.649671052631579 0.44819078947368424 0.07236842105263158 0.07072368421052631
1 0.43832236842105265 0.6389802631578947 0.09046052631578948 0.08717105263157894
1 0.59375 0.640625 0.08881578947368421 0.09046052631578948
1 0.4375 0.7976973684210527 0.09210526315789473 0.08881578947368421
1 0.5945723684210527 0.8001644736842105 0.09046052631578948 0.09046052631578948