1 0.7624521072796935 0.25191570881226055 0.13409961685823754 0.1206896551724138
1 0.6044061302681992 0.26915708812260536 0.07854406130268199 0.07471264367816093
1 0.6044061302681992 0.3726053639846743 0.08620689655172414 0.07854406130268199
1 0.6015325670498084 0.48563218390804597 0.0842911877394636 0.08237547892720307
1 0.6044061302681992 0.6120689655172413 0.09770114942528736 0.09386973180076628
1 0.43773946360153254 0.2710727969348659 0.07471264367816093 0.07088122605363985
1 0.43773946360153254 0.3764367816091954 0.09386973180076628 0.09386973180076628
1 0.44157088122605365 0.4904214559386973 0.09003831417624521 0.07662835249042145
1 0.4386973180076628 0.6149425287356322 0.10344827586206896 0.08812260536398467
1 0.6082375478927203 0.7557471264367817 0.15517241379310345 0.1475095785440613
1 0.4425287356321839 0.7567049808429118 0.14559386973180077 0.1417624521072797
1 0.764367816091954 0.774904214559387 0.12260536398467432 0.1206896551724138
1 0.30842911877394635 0.5220306513409961 0.11877394636015326 0.11685823754789272