1 0.3329113924050633 0.07204610951008646 0.08354430379746836 0.09221902017291066
1 0.46329113924050636 0.07636887608069164 0.08607594936708861 0.10086455331412104
1 0.5936708860759494 0.07348703170028818 0.08860759493670886 0.10086455331412104
1 0.7278481012658228 0.07636887608069164 0.08860759493670886 0.10086455331412104
1 0.330379746835443 0.345821325648415 0.10886075949367088 0.12103746397694524
1 0.4607594936708861 0.345821325648415 0.11139240506329114 0.12103746397694524
1 0.5936708860759494 0.3472622478386167 0.10886075949367088 0.1239193083573487
1 0.7240506329113924 0.35014409221902015 0.11139240506329114 0.1239193083573487
1 0.3987341772151899 0.6844380403458213 0.13924050632911392 0.15273775216138327
1 0.6379746835443038 0.6873198847262247 0.13670886075949368 0.1585014409221902
1 0.39746835443037976 0.9423631123919308 0.14177215189873418 0.11527377521613832
1 0.6392405063291139 0.9438040345821326 0.13924050632911392 0.11239193083573487