1 0.7112970711297071 0.36506276150627615 0.0899581589958159 0.08577405857740586
1 0.6171548117154811 0.2489539748953975 0.0899581589958159 0.08786610878661087
1 0.5951882845188284 0.4602510460251046 0.08577405857740586 0.08577405857740586
1 0.5 0.3472803347280335 0.08786610878661087 0.08786610878661087
1 0.48221757322175735 0.6098326359832636 0.07322175732217573 0.07112970711297072
1 0.4309623430962343 0.547071129707113 0.07112970711297072 0.07112970711297072
1 0.3786610878661088 0.48640167364016734 0.07322175732217573 0.07322175732217573
1 0.3263598326359833 0.4236401673640167 0.07531380753138076 0.07112970711297072
1 0.3702928870292887 0.7018828451882845 0.056485355648535567 0.05439330543933055
1 0.3190376569037657 0.641213389121339 0.056485355648535567 0.056485355648535567
1 0.26673640167364016 0.5794979079497908 0.058577405857740586 0.056485355648535567
1 0.21338912133891214 0.5188284518828452 0.058577405857740586 0.056485355648535567
1 0.28661087866108786 0.7709205020920502 0.0397489539748954 0.03765690376569038
1 0.23430962343096234 0.7102510460251046 0.04184100418410042 0.0397489539748954
1 0.18305439330543932 0.649581589958159 0.04184100418410042 0.04184100418410042
1 0.12761506276150628 0.5878661087866108 0.04184100418410042 0.04184100418410042