1 0.12278481012658228 0.24639769452449567 0.04810126582278481 0.05475504322766571
1 0.1962025316455696 0.16714697406340057 0.04810126582278481 0.05187319884726225
1 0.2683544303797468 0.09077809798270893 0.04556962025316456 0.04899135446685879
1 0.34177215189873417 0.020172910662824207 0.04556962025316456 0.040345821325648415
1 0.4341772151898734 0.1239193083573487 0.06835443037974684 0.07492795389048991
1 0.3620253164556962 0.2017291066282421 0.06582278481012659 0.07492795389048991
1 0.289873417721519 0.28097982708933716 0.06835443037974684 0.07204610951008646
1 0.21772151898734177 0.35878962536023057 0.06582278481012659 0.07204610951008646
1 0.5607594936708861 0.2723342939481268 0.08354430379746836 0.09510086455331412
1 0.4873417721518987 0.34870317002881845 0.08354430379746836 0.09221902017291066
1 0.41645569620253164 0.42939481268011526 0.08354430379746836 0.09221902017291066
1 0.3430379746835443 0.5086455331412104 0.08354430379746836 0.09510086455331412
1 0.6708860759493671 0.5057636887608069 0.10126582278481013 0.11239193083573487
1 0.5417721518987342 0.6512968299711815 0.10126582278481013 0.11527377521613832
1 0.8037974683544303 0.659942363112392 0.09873417721518987 0.11527377521613832
1 0.669620253164557 0.8069164265129684 0.09873417721518987 0.10951008645533142