0 0.060546875 0.0640625 0.12109375 0.0859375
0 0.64140625 0.2546875 0.0671875 0.1
0 0.04921875 0.57578125 0.0984375 0.1328125
0 0.4890625 0.70625 0.065625 0.0515625
1 0.4935546875 0.26475781249999997 0.012609375 0.0163125
1 0.505046875 0.250671875 0.0133515625 0.01928125
1 0.5158046875 0.2373203125 0.011125 0.0133515625
1 0.5291484375 0.2236015625 0.009640625 0.012609375
1 0.5117265625 0.28107812499999996 0.0103828125 0.014835937499999998
1 0.5232187500000001 0.267359375 0.012609375 0.012609375
1 0.5361953125000001 0.25289843749999996 0.014835937499999998 0.014835937499999998
1 0.546578125 0.24103124999999997 0.0133515625 0.014835937499999998
1 0.535828125 0.30110156250000003 0.014093749999999999 0.01928125
1 0.5480625 0.28997656250000003 0.0163125 0.02225
1 0.5584453125 0.276625 0.020765625 0.020765625
1 0.574390625 0.26179687500000004 0.0170546875 0.017796875
1 0.59775 0.29850781249999997 0.017796875 0.0229921875
1 0.571796875 0.32371875 0.02521875 0.020023437499999998
1 0.62296875 0.32409374999999996 0.026695312500000002 0.020765625
1 0.601828125 0.34634375 0.0185390625 0.020765625
1 0.129046875 0.585890625 0.017796875 0.023734375
1 0.1249609375 0.5606718749999999 0.0215078125 0.0163125
1 0.12051562499999999 0.5280390625 0.015570312499999999 0.017796875
1 0.0726796875 0.53175 0.01928125 0.023734375
1 0.5958984375 0.684890625 0.020023437499999998 0.015570312499999999
1 0.5944140625000001 0.7164140625 0.0170546875 0.017796875
1 0.563265625 0.71159375 0.014093749999999999 0.0185390625
1 0.56734375 0.679703125 0.01928125 0.020023437499999998
1 0.5295234375 0.66746875 0.017796875 0.0133515625
1 0.527296875 0.684890625 0.014835937499999998 0.011125
1 0.5265546875 0.7034374999999999 0.0163125 0.009640625
1 0.5250703125 0.720125 0.014835937499999998 0.014835937499999998
1 0.49466406249999995 0.6689453125 0.0133515625 0.017796875
1 0.46907812499999996 0.6637578125 0.011125 0.014835937499999998
1 0.4661171875 0.7145625 0.015570312499999999 0.015570312499999999
1 0.49503906249999996 0.682296875 0.012609375 0.0118671875