1 0.4473684210526316 0.4588815789473684 0.02631578947368421 0.02631578947368421
1 0.4868421052631579 0.5180921052631579 0.02631578947368421 0.02631578947368421
1 0.3618421052631579 0.5460526315789473 0.02631578947368421 0.02631578947368421
1 0.3379934210526316 0.14226973684210525 0.02138157894736842 0.02138157894736842
1 0.28207236842105265 0.18914473684210525 0.02138157894736842 0.019736842105263157
1 0.28125 0.22203947368421054 0.019736842105263157 0.019736842105263157
1 0.28042763157894735 0.3462171052631579 0.014802631578947368 0.014802631578947368
1 0.4440789473684211 0.15460526315789475 0.019736842105263157 0.019736842105263157
1 0.6685855263157895 0.36348684210526316 0.018092105263157895 0.01644736842105263
1 0.7384868421052632 0.4901315789473684 0.023026315789473683 0.023026315789473683
1 0.709703947368421 0.7047697368421053 0.018092105263157895 0.018092105263157895
1 0.6324013157894737 0.7171052631578947 0.024671052631578948 0.02631578947368421
1 0.5838815789473685 0.6332236842105263 0.01644736842105263 0.01644736842105263
1 0.5032894736842105 0.6258223684210527 0.01644736842105263 0.014802631578947368
1 0.5279605263157895 0.6685855263157895 0.01644736842105263 0.018092105263157895
1 0.5970394736842105 0.6710526315789473 0.01644736842105263 0.01644736842105263
1 0.2565789473684211 0.4473684210526316 0.023026315789473683 0.023026315789473683
1 0.3371710526315789 0.5550986842105263 0.01644736842105263 0.018092105263157895
1 0.48601973684210525 0.4753289473684211 0.018092105263157895 0.01644736842105263