1 0.421875 0.3067434210526316 0.08717105263157894 0.08717105263157894
1 0.4934210526315789 0.3840460526315789 0.09210526315789473 0.09046052631578948
1 0.4185855263157895 0.4555921052631579 0.08717105263157894 0.08881578947368421
1 0.34375 0.37993421052631576 0.08881578947368421 0.08881578947368421
1 0.602796052631579 0.4597039473684211 0.07072368421052631 0.07072368421052631
1 0.5616776315789473 0.49917763157894735 0.07072368421052631 0.07072368421052631
1 0.522203947368421 0.5370065789473685 0.07072368421052631 0.07072368421052631
1 0.4786184210526316 0.5748355263157895 0.06907894736842106 0.06743421052631579
1 0.6735197368421053 0.5353618421052632 0.054276315789473686 0.054276315789473686
1 0.631578947368421 0.5731907894736842 0.05592105263157895 0.05756578947368421
1 0.5896381578947368 0.6118421052631579 0.054276315789473686 0.05592105263157895
1 0.5493421052631579 0.6513157894736842 0.05592105263157895 0.05592105263157895
1 0.7245065789473685 0.5921052631578947 0.04111842105263158 0.04276315789473684
1 0.6825657894736842 0.6299342105263158 0.039473684210526314 0.039473684210526314
1 0.6422697368421053 0.6685855263157895 0.04111842105263158 0.04111842105263158
1 0.6011513157894737 0.7072368421052632 0.03782894736842105 0.039473684210526314