1 0.8867713004484304 0.3273542600896861 0.13228699551569506 0.13228699551569506
1 0.7701793721973094 0.21300448430493274 0.13004484304932734 0.12780269058295965
1 0.7713004484304933 0.44506726457399104 0.13004484304932734 0.13004484304932734
1 0.6547085201793722 0.3307174887892377 0.13004484304932734 0.13004484304932734
1 0.6681614349775785 0.6266816143497758 0.10538116591928251 0.10538116591928251
1 0.6042600896860987 0.5650224215246636 0.10986547085201794 0.10986547085201794
1 0.5426008968609866 0.5033632286995515 0.10538116591928251 0.10538116591928251
1 0.47757847533632286 0.4405829596412556 0.10762331838565023 0.10762331838565023
1 0.5571748878923767 0.7410313901345291 0.08968609865470852 0.08744394618834081
1 0.492152466367713 0.679372197309417 0.08744394618834081 0.08744394618834081
1 0.42937219730941706 0.6165919282511211 0.08968609865470852 0.08968609865470852
1 0.36771300448430494 0.554932735426009 0.08520179372197309 0.08520179372197309
1 0.47197309417040356 0.827354260089686 0.06278026905829596 0.06278026905829596
1 0.4080717488789238 0.7634529147982063 0.05829596412556054 0.05829596412556054
1 0.34417040358744394 0.702914798206278 0.05829596412556054 0.06053811659192825
1 0.2836322869955157 0.6401345291479821 0.06053811659192825 0.05829596412556054