1 0.5 0.20212765957446807 0.06382978723404255 0.06170212765957447
1 0.574468085106383 0.22234042553191488 0.05531914893617021 0.0574468085106383
1 0.6478723404255319 0.2393617021276596 0.06382978723404255 0.06170212765957447
1 0.7212765957446808 0.2574468085106383 0.0574468085106383 0.05531914893617021
1 0.4765957446808511 0.30638297872340425 0.07659574468085106 0.07659574468085106
1 0.551063829787234 0.324468085106383 0.08085106382978724 0.08085106382978724
1 0.624468085106383 0.3414893617021277 0.07659574468085106 0.07872340425531915
1 0.7 0.3595744680851064 0.07659574468085106 0.07659574468085106
1 0.6680851063829787 0.4946808510638298 0.1 0.09787234042553192
1 0.5957446808510638 0.4765957446808511 0.1 0.1
1 0.5212765957446809 0.45851063829787236 0.09787234042553192 0.09574468085106383
1 0.44574468085106383 0.4425531914893617 0.09787234042553192 0.09787234042553192
1 0.5851063829787234 0.6510638297872341 0.12127659574468085 0.12340425531914893
1 0.45 0.6234042553191489 0.12978723404255318 0.12978723404255318
1 0.5553191489361702 0.7904255319148936 0.125531914893617 0.125531914893617
1 0.41914893617021276 0.7595744680851064 0.12978723404255318 0.12978723404255318