1 0.2231800766283525 0.3544061302681992 0.05747126436781609 0.05747126436781609
1 0.2777777777777778 0.2950191570881226 0.05555555555555555 0.05555555555555555
1 0.3314176245210728 0.23467432950191572 0.06321839080459771 0.06130268199233716
1 0.38697318007662834 0.1752873563218391 0.05555555555555555 0.05747126436781609
1 0.303639846743295 0.4281609195402299 0.07471264367816093 0.07662835249042145
1 0.35919540229885055 0.36973180076628354 0.08045977011494253 0.08045977011494253
1 0.4109195402298851 0.30938697318007663 0.08045977011494253 0.08045977011494253
1 0.4664750957854406 0.24904214559386972 0.07854406130268199 0.07854406130268199
1 0.4109195402298851 0.5277777777777778 0.09578544061302682 0.09578544061302682
1 0.46455938697318006 0.46839080459770116 0.09770114942528736 0.09770114942528736
1 0.5191570881226054 0.40804597701149425 0.09770114942528736 0.09770114942528736
1 0.5747126436781609 0.3496168582375479 0.09961685823754789 0.09961685823754789
1 0.5747126436781609 0.617816091954023 0.12260536398467432 0.12260536398467432
1 0.6743295019157088 0.5095785440613027 0.12643678160919541 0.12643678160919541
1 0.6848659003831418 0.7174329501915708 0.12643678160919541 0.12643678160919541
1 0.7854406130268199 0.6111111111111112 0.12452107279693486 0.12643678160919541