1 0.5263157894736842 0.27631578947368424 0.125 0.125
1 0.5953947368421053 0.3618421052631579 0.0756578947368421 0.0756578947368421
1 0.5435855263157895 0.4120065789473684 0.0805921052631579 0.0805921052631579
1 0.4901315789473684 0.46875 0.08223684210526316 0.08223684210526316
1 0.42680921052631576 0.5304276315789473 0.09375 0.09375
1 0.6759868421052632 0.4449013157894737 0.07236842105263158 0.07072368421052631
1 0.6241776315789473 0.49588815789473684 0.09375 0.09375
1 0.5657894736842105 0.5501644736842105 0.08223684210526316 0.08388157894736842
1 0.5057565789473685 0.6118421052631579 0.09375 0.09539473684210527
1 0.35444078947368424 0.5986842105263158 0.14967105263157895 0.14802631578947367
1 0.4350328947368421 0.680921052631579 0.13980263157894737 0.14144736842105263
1 0.2680921052631579 0.5320723684210527 0.11842105263157894 0.12006578947368421
1 0.615953947368421 0.6307565789473685 0.11677631578947369 0.11677631578947369