1 0.25583657587548636 0.6828793774319066 0.10505836575875487 0.10311284046692606
1 0.3472762645914397 0.7607003891050583 0.10894941634241245 0.10700389105058365
1 0.3356031128404669 0.5924124513618677 0.10700389105058365 0.10894941634241245
1 0.42509727626459143 0.6712062256809338 0.10894941634241245 0.10700389105058365
1 0.39883268482490275 0.45038910505836577 0.08754863813229571 0.08754863813229571
1 0.448443579766537 0.49416342412451364 0.08365758754863813 0.08560311284046693
1 0.5 0.5379377431906615 0.08560311284046693 0.08560311284046693
1 0.5515564202334631 0.5826848249027238 0.08560311284046693 0.08560311284046693
1 0.4776264591439689 0.35700389105058367 0.07198443579766536 0.07198443579766536
1 0.5282101167315175 0.40175097276264593 0.07198443579766536 0.07198443579766536
1 0.5797665369649806 0.4464980544747082 0.07392996108949416 0.07198443579766536
1 0.632295719844358 0.4892996108949416 0.07198443579766536 0.07003891050583658
1 0.5408560311284046 0.28696498054474706 0.05252918287937743 0.05252918287937743
1 0.5904669260700389 0.33073929961089493 0.058365758754863814 0.05642023346303502
1 0.642023346303502 0.3754863813229572 0.05252918287937743 0.05252918287937743
1 0.6945525291828794 0.42023346303501946 0.054474708171206226 0.054474708171206226