1 0.44642857142857145 0.3458646616541353 0.09022556390977443 0.08834586466165413
1 0.5554511278195489 0.33364661654135336 0.09022556390977443 0.09022556390977443
1 0.4567669172932331 0.45394736842105265 0.08834586466165413 0.08834586466165413
1 0.5639097744360902 0.44454887218045114 0.08834586466165413 0.08834586466165413
1 0.43796992481203006 0.5892857142857143 0.07330827067669173 0.07330827067669173
1 0.4981203007518797 0.5827067669172933 0.07330827067669173 0.07142857142857142
1 0.5554511278195489 0.5789473684210527 0.07330827067669173 0.07330827067669173
1 0.6137218045112782 0.5742481203007519 0.07330827067669173 0.07330827067669173
1 0.4492481203007519 0.693609022556391 0.05639097744360902 0.05639097744360902
1 0.5075187969924813 0.6889097744360902 0.05639097744360902 0.05639097744360902
1 0.5639097744360902 0.6851503759398496 0.06015037593984962 0.06015037593984962
1 0.6240601503759399 0.6795112781954887 0.06015037593984962 0.06015037593984962
1 0.4567669172932331 0.7716165413533834 0.041353383458646614 0.039473684210526314
1 0.5150375939849624 0.7678571428571429 0.041353383458646614 0.041353383458646614
1 0.5723684210526315 0.7631578947368421 0.043233082706766915 0.043233082706766915
1 0.631578947368421 0.7593984962406015 0.041353383458646614 0.041353383458646614