1 0.5863486842105263 0.2680921052631579 0.04111842105263158 0.04276315789473684
1 0.6291118421052632 0.31167763157894735 0.04111842105263158 0.04111842105263158
1 0.671875 0.3560855263157895 0.04111842105263158 0.04111842105263158
1 0.7154605263157895 0.3996710526315789 0.04276315789473684 0.04276315789473684
1 0.5271381578947368 0.32648026315789475 0.05756578947368421 0.05756578947368421
1 0.569078947368421 0.3692434210526316 0.05921052631578947 0.06085526315789474
1 0.6118421052631579 0.4136513157894737 0.05921052631578947 0.05756578947368421
1 0.6546052631578947 0.45805921052631576 0.05921052631578947 0.06085526315789474
1 0.4465460526315789 0.4029605263157895 0.07072368421052631 0.07236842105263158
1 0.48930921052631576 0.4473684210526316 0.07072368421052631 0.07236842105263158
1 0.53125 0.4901315789473684 0.07236842105263158 0.07236842105263158
1 0.5740131578947368 0.5353618421052632 0.07236842105263158 0.07401315789473684
1 0.37006578947368424 0.5238486842105263 0.08552631578947369 0.08717105263157894
1 0.4473684210526316 0.6036184210526315 0.08881578947368421 0.08881578947368421
1 0.2878289473684211 0.600328947368421 0.08552631578947369 0.08552631578947369
1 0.3651315789473684 0.6825657894736842 0.08881578947368421 0.08881578947368421