1 0.4243421052631579 0.2993421052631579 0.03618421052631579 0.03618421052631579
1 0.4777960526315789 0.3001644736842105 0.03453947368421053 0.03453947368421053
1 0.5296052631578947 0.3026315789473684 0.03289473684210526 0.03289473684210526
1 0.5814144736842105 0.3034539473684211 0.03453947368421053 0.03453947368421053
1 0.5805921052631579 0.375 0.049342105263157895 0.049342105263157895
1 0.5279605263157895 0.37335526315789475 0.049342105263157895 0.049342105263157895
1 0.4753289473684211 0.3717105263157895 0.049342105263157895 0.049342105263157895
1 0.42351973684210525 0.37088815789473684 0.047697368421052634 0.047697368421052634
1 0.578125 0.46957236842105265 0.06085526315789474 0.06085526315789474
1 0.5263157894736842 0.46792763157894735 0.0625 0.06085526315789474
1 0.4745065789473684 0.46792763157894735 0.06085526315789474 0.06085526315789474
1 0.42105263157894735 0.4654605263157895 0.0625 0.0625
1 0.5435855263157895 0.5879934210526315 0.07401315789473684 0.07401315789473684
1 0.44819078947368424 0.5863486842105263 0.07401315789473684 0.07401315789473684
1 0.5435855263157895 0.6866776315789473 0.07401315789473684 0.07401315789473684
1 0.4457236842105263 0.6850328947368421 0.07236842105263158 0.07401315789473684