1 0.4300986842105263 0.2738486842105263 0.03453947368421053 0.03453947368421053
1 0.39555921052631576 0.31167763157894735 0.03453947368421053 0.03453947368421053
1 0.359375 0.3495065789473684 0.03453947368421053 0.03453947368421053
1 0.32319078947368424 0.3873355263157895 0.03453947368421053 0.03453947368421053
1 0.4819078947368421 0.32401315789473684 0.049342105263157895 0.049342105263157895
1 0.4465460526315789 0.3618421052631579 0.047697368421052634 0.049342105263157895
1 0.41118421052631576 0.3988486842105263 0.049342105263157895 0.047697368421052634
1 0.37582236842105265 0.43667763157894735 0.047697368421052634 0.047697368421052634
1 0.5485197368421053 0.38898026315789475 0.06085526315789474 0.06085526315789474
1 0.5131578947368421 0.4251644736842105 0.05921052631578947 0.06085526315789474
1 0.48026315789473684 0.4629934210526316 0.05921052631578947 0.06085526315789474
1 0.4449013157894737 0.5008223684210527 0.06085526315789474 0.06085526315789474
1 0.609375 0.4909539473684211 0.07072368421052631 0.07072368421052631
1 0.5485197368421053 0.5567434210526315 0.07072368421052631 0.07072368421052631
1 0.6759868421052632 0.5526315789473685 0.06907894736842106 0.06907894736842106
1 0.6143092105263158 0.6200657894736842 0.06743421052631579 0.06907894736842106