1 0.6578947368421053 0.3256578947368421 0.07236842105263158 0.07236842105263158
1 0.46957236842105265 0.3824013157894737 0.03125 0.03125
1 0.5386513157894737 0.4810855263157895 0.027960526315789474 0.027960526315789474
1 0.4194078947368421 0.4917763157894737 0.029605263157894735 0.029605263157894735
1 0.27055921052631576 0.35444078947368424 0.07401315789473684 0.07401315789473684
1 0.49506578947368424 0.6735197368421053 0.07236842105263158 0.07072368421052631
1 0.453125 0.22697368421052633 0.1069078947368421 0.10526315789473684
1 0.34539473684210525 0.2746710526315789 0.07894736842105263 0.07894736842105263
1 0.6792763157894737 0.5460526315789473 0.1118421052631579 0.1118421052631579
1 0.6060855263157895 0.6389802631578947 0.08717105263157894 0.08717105263157894
1 0.29276315789473684 0.5879934210526315 0.11513157894736842 0.11348684210526316