0 0.31640625 0.633203125 0.0234375 0.07578125
0 0.622265625 0.65078125 0.10546875 0.29375
1 0.2896875 0.60878125 0.01121875 0.0110859375
1 0.256703125 0.6579843750000001 0.014328125 0.012859375000000001
1 0.2538515625 0.618125 0.0108515625 0.011289062499999999
1 0.2778984375 0.61584375 0.018578125 0.011625
1 0.25187499999999996 0.582625 0.0103515625 0.01121875
1 0.2863203125 0.5796171875 0.0114609375 0.01103125
1 0.5805 0.6286562499999999 0.0201640625 0.0318359375
1 0.2641796875 0.583328125 0.0083359375 0.0078125
1 0.27616406250000003 0.581765625 0.0052109375 0.0098984375
1 0.2658203125 0.6148203125 0.007000000000000001 0.0131796875
1 0.268078125 0.6611484375 0.0090625 0.017710937500000003
1 0.2789921875 0.655171875 0.010296875 0.0181171875
1 0.2927890625 0.6566171875 0.009882812500000001 0.017710937500000003
1 0.2868671875 0.7080078125 0.012507812500000002 0.025468750000000002