1 0.34868421052631576 0.32730263157894735 0.01644736842105263 0.019736842105263157
1 0.2845394736842105 0.4473684210526316 0.01644736842105263 0.01644736842105263
1 0.2590460526315789 0.6167763157894737 0.02138157894736842 0.019736842105263157
1 0.23355263157894737 0.8018092105263158 0.019736842105263157 0.02138157894736842
1 0.40460526315789475 0.023848684210526317 0.019736842105263157 0.018092105263157895
1 0.7327302631578947 0.4300986842105263 0.011513157894736841 0.014802631578947368
1 0.7549342105263158 0.28207236842105265 0.013157894736842105 0.014802631578947368
1 0.7162828947368421 0.5805921052631579 0.014802631578947368 0.019736842105263157
1 0.6973684210526315 0.7310855263157895 0.013157894736842105 0.011513157894736841
1 0.7582236842105263 0.8133223684210527 0.023026315789473683 0.02138157894736842
1 0.680921052631579 0.8733552631578947 0.01644736842105263 0.01644736842105263