1 0.2251984126984127 0.2638888888888889 0.05357142857142857 0.057539682539682536
1 0.21428571428571427 0.3680555555555556 0.051587301587301584 0.05357142857142857
1 0.20634920634920634 0.47023809523809523 0.05357142857142857 0.05555555555555555
1 0.1974206349206349 0.5744047619047619 0.05357142857142857 0.05357142857142857
1 0.3621031746031746 0.2757936507936508 0.06944444444444445 0.07142857142857142
1 0.35615079365079366 0.37797619047619047 0.07539682539682539 0.07341269841269842
1 0.34523809523809523 0.4791666666666667 0.07539682539682539 0.07539682539682539
1 0.3382936507936508 0.5843253968253969 0.07539682539682539 0.07539682539682539
1 0.5505952380952381 0.2906746031746032 0.09126984126984126 0.09126984126984126
1 0.5416666666666666 0.39186507936507936 0.09126984126984126 0.09325396825396826
1 0.5327380952380952 0.49603174603174605 0.09325396825396826 0.09325396825396826
1 0.5257936507936508 0.5982142857142857 0.09325396825396826 0.09523809523809523
1 0.7777777777777778 0.36408730158730157 0.11507936507936507 0.11706349206349206
1 0.7638888888888888 0.5505952380952381 0.11706349206349206 0.11706349206349206
1 0.9543650793650794 0.37896825396825395 0.09126984126984126 0.11904761904761904
1 0.9474206349206349 0.5684523809523809 0.10515873015873016 0.11706349206349206