1 0.28326612903225806 0.4405241935483871 0.0967741935483871 0.0967741935483871
1 0.4435483870967742 0.4375 0.1028225806451613 0.10080645161290322
1 0.4485887096774194 0.59375 0.10080645161290322 0.0967741935483871
1 0.2862903225806452 0.6008064516129032 0.1028225806451613 0.0967741935483871
1 0.6381048387096774 0.3901209677419355 0.07862903225806452 0.08064516129032258
1 0.6411290322580645 0.4778225806451613 0.07862903225806452 0.07862903225806452
1 0.6441532258064516 0.561491935483871 0.08064516129032258 0.07661290322580645
1 0.6431451612903226 0.6481854838709677 0.08064516129032258 0.07661290322580645
1 0.7973790322580645 0.3860887096774194 0.0625 0.0625
1 0.7953629032258065 0.4737903225806452 0.06653225806451613 0.0625
1 0.7973790322580645 0.5594758064516129 0.06451612903225806 0.06451612903225806
1 0.8014112903225806 0.6451612903225806 0.06451612903225806 0.0625
1 0.9122983870967742 0.3870967741935484 0.046370967741935484 0.046370967741935484
1 0.9122983870967742 0.4737903225806452 0.046370967741935484 0.04435483870967742
1 0.9153225806451613 0.5594758064516129 0.046370967741935484 0.046370967741935484
1 0.9173387096774194 0.6441532258064516 0.04233870967741935 0.04233870967741935