1 0.18452380952380953 0.3680555555555556 0.047619047619047616 0.047619047619047616
1 0.24404761904761904 0.30456349206349204 0.04365079365079365 0.04563492063492063
1 0.30654761904761907 0.23809523809523808 0.047619047619047616 0.04563492063492063
1 0.36607142857142855 0.17063492063492064 0.04365079365079365 0.047619047619047616
1 0.2718253968253968 0.4513888888888889 0.05952380952380952 0.05952380952380952
1 0.3353174603174603 0.38591269841269843 0.06349206349206349 0.06349206349206349
1 0.3958333333333333 0.31845238095238093 0.06547619047619048 0.06349206349206349
1 0.45634920634920634 0.25297619047619047 0.05952380952380952 0.05952380952380952
1 0.39384920634920634 0.5634920634920635 0.07936507936507936 0.07936507936507936
1 0.45634920634920634 0.49603174603174605 0.07936507936507936 0.07936507936507936
1 0.5158730158730159 0.42857142857142855 0.07936507936507936 0.08134920634920635
1 0.5773809523809523 0.3630952380952381 0.07738095238095238 0.07936507936507936
1 0.5783730158730159 0.6666666666666666 0.10119047619047619 0.10317460317460317
1 0.6904761904761905 0.5436507936507936 0.10119047619047619 0.0992063492063492
1 0.7023809523809523 0.7807539682539683 0.10317460317460317 0.10515873015873016
1 0.8174603174603174 0.6577380952380952 0.10119047619047619 0.0992063492063492