1 0.19783464566929135 0.7559055118110236 0.10039370078740158 0.1062992125984252
1 0.12007874015748031 0.610236220472441 0.10236220472440945 0.10236220472440945
1 0.343503937007874 0.6712598425196851 0.10039370078740158 0.10236220472440945
1 0.26476377952755903 0.5255905511811023 0.1062992125984252 0.10236220472440945
1 0.5531496062992126 0.6210629921259843 0.08070866141732283 0.08267716535433071
1 0.5098425196850394 0.5413385826771654 0.08661417322834646 0.08267716535433071
1 0.4655511811023622 0.46161417322834647 0.08464566929133858 0.08464566929133858
1 0.4183070866141732 0.38188976377952755 0.08267716535433071 0.08464566929133858
1 0.7007874015748031 0.5383858267716536 0.06692913385826772 0.06496062992125984
1 0.655511811023622 0.4596456692913386 0.0688976377952756 0.06692913385826772
1 0.6072834645669292 0.3779527559055118 0.06692913385826772 0.06496062992125984
1 0.5639763779527559 0.2992125984251969 0.06496062992125984 0.06692913385826772
1 0.8110236220472441 0.4763779527559055 0.051181102362204724 0.051181102362204724
1 0.765748031496063 0.39665354330708663 0.05511811023622047 0.05511811023622047
1 0.719488188976378 0.3169291338582677 0.0531496062992126 0.04921259842519685
1 0.6751968503937008 0.2372047244094488 0.0531496062992126 0.04921259842519685