1 0.743421052631579 0.3199013157894737 0.07894736842105263 0.08388157894736842
1 0.8166118421052632 0.43667763157894735 0.0805921052631579 0.0805921052631579
1 0.6266447368421053 0.3988486842105263 0.07894736842105263 0.0805921052631579
1 0.7014802631578947 0.515625 0.08388157894736842 0.0805921052631579
1 0.4555921052631579 0.453125 0.0625 0.06414473684210527
1 0.49588815789473684 0.5172697368421053 0.06743421052631579 0.06414473684210527
1 0.537828947368421 0.5805921052631579 0.06578947368421052 0.06578947368421052
1 0.5814144736842105 0.6447368421052632 0.06414473684210527 0.06578947368421052
1 0.3371710526315789 0.5304276315789473 0.05263157894736842 0.05098684210526316
1 0.37911184210526316 0.59375 0.054276315789473686 0.05263157894736842
1 0.4243421052631579 0.6587171052631579 0.05263157894736842 0.05098684210526316
1 0.46463815789473684 0.7220394736842105 0.05098684210526316 0.05263157894736842
1 0.24835526315789475 0.5888157894736842 0.039473684210526314 0.039473684210526314
1 0.2911184210526316 0.6529605263157895 0.04276315789473684 0.04276315789473684
1 0.3347039473684211 0.7162828947368421 0.04111842105263158 0.03782894736842105
1 0.37582236842105265 0.7804276315789473 0.04111842105263158 0.03782894736842105