1 0.6060855263157895 0.3190789473684211 0.06085526315789474 0.0625
1 0.6916118421052632 0.38898026315789475 0.06085526315789474 0.06085526315789474
1 0.6233552631578947 0.4761513157894737 0.0625 0.06414473684210527
1 0.5361842105263158 0.4087171052631579 0.0625 0.06414473684210527
1 0.5649671052631579 0.6085526315789473 0.05098684210526316 0.05263157894736842
1 0.515625 0.5699013157894737 0.05098684210526316 0.05098684210526316
1 0.46710526315789475 0.5328947368421053 0.05263157894736842 0.05263157894736842
1 0.4161184210526316 0.4942434210526316 0.05263157894736842 0.054276315789473686
1 0.49506578947368424 0.6981907894736842 0.039473684210526314 0.04111842105263158
1 0.4457236842105263 0.6611842105263158 0.039473684210526314 0.039473684210526314
1 0.39555921052631576 0.6233552631578947 0.04111842105263158 0.039473684210526314
1 0.34539473684210525 0.584703947368421 0.04276315789473684 0.04111842105263158
1 0.44161184210526316 0.7664473684210527 0.027960526315789474 0.029605263157894735
1 0.39226973684210525 0.7286184210526315 0.03125 0.029605263157894735
1 0.34210526315789475 0.6924342105263158 0.029605263157894735 0.029605263157894735
1 0.2902960526315789 0.6537828947368421 0.03125 0.03125