1 0.2040358744394619 0.1210762331838565 0.10089686098654709 0.09865470852017937
1 0.3721973094170404 0.10426008968609865 0.09417040358744394 0.09641255605381166
1 0.2219730941704036 0.28699551569506726 0.10089686098654709 0.10089686098654709
1 0.3901345291479821 0.26905829596412556 0.10089686098654709 0.09865470852017937
1 0.1860986547085202 0.5044843049327354 0.08520179372197309 0.08744394618834081
1 0.2802690582959641 0.49551569506726456 0.08520179372197309 0.08520179372197309
1 0.3710762331838565 0.48318385650224216 0.08520179372197309 0.08520179372197309
1 0.4674887892376682 0.47197309417040356 0.08968609865470852 0.08520179372197309
1 0.20179372197309417 0.6771300448430493 0.06950672645739911 0.06726457399103139
1 0.297085201793722 0.6670403587443946 0.06950672645739911 0.06950672645739911
1 0.3923766816143498 0.6547085201793722 0.06726457399103139 0.06950672645739911
1 0.48654708520179374 0.6468609865470852 0.06950672645739911 0.06950672645739911
1 0.21524663677130046 0.8094170403587444 0.0515695067264574 0.0515695067264574
1 0.3116591928251121 0.7993273542600897 0.0515695067264574 0.0515695067264574
1 0.4080717488789238 0.7869955156950673 0.04932735426008968 0.04932735426008968
1 0.5022421524663677 0.7769058295964125 0.053811659192825115 0.04932735426008968