1 0.4295366795366795 0.775096525096525 0.07722007722007722 0.08108108108108109
1 0.32915057915057916 0.6785714285714286 0.07915057915057915 0.08108108108108109
1 0.5260617760617761 0.6756756756756757 0.07722007722007722 0.07722007722007722
1 0.4295366795366795 0.5791505791505791 0.07915057915057915 0.07915057915057915
1 0.6727799227799228 0.583976833976834 0.0637065637065637 0.06563706563706563
1 0.6187258687258688 0.5308880308880309 0.0637065637065637 0.0637065637065637
1 0.5685328185328186 0.4777992277992278 0.0637065637065637 0.06563706563706563
1 0.5144787644787645 0.4247104247104247 0.0637065637065637 0.06756756756756757
1 0.7664092664092664 0.48841698841698844 0.05019305019305019 0.052123552123552123
1 0.7142857142857143 0.4362934362934363 0.052123552123552123 0.052123552123552123
1 0.6621621621621622 0.3832046332046332 0.052123552123552123 0.05405405405405406
1 0.61003861003861 0.32915057915057916 0.052123552123552123 0.05405405405405406
1 0.8359073359073359 0.416988416988417 0.03474903474903475 0.03667953667953668
1 0.7847490347490348 0.3638996138996139 0.03667953667953668 0.03861003861003861
1 0.7335907335907336 0.31177606177606176 0.03861003861003861 0.03861003861003861
1 0.6814671814671814 0.2557915057915058 0.03861003861003861 0.03861003861003861