1 0.34375 0.044407894736842105 0.013157894736842105 0.01644736842105263
1 0.3338815789473684 0.34786184210526316 0.013157894736842105 0.014802631578947368
1 0.29194078947368424 0.47368421052631576 0.014802631578947368 0.019736842105263157
1 0.2894736842105263 0.6414473684210527 0.01644736842105263 0.01644736842105263
1 0.2845394736842105 0.3503289473684211 0.02631578947368421 0.029605263157894735
1 0.28125 0.23684210526315788 0.02631578947368421 0.029605263157894735
1 0.7023026315789473 0.23519736842105263 0.013157894736842105 0.013157894736842105
1 0.7023026315789473 0.3815789473684211 0.013157894736842105 0.013157894736842105
1 0.703125 0.5279605263157895 0.011513157894736841 0.013157894736842105
1 0.6858552631578947 0.10855263157894737 0.013157894736842105 0.013157894736842105
1 0.7105263157894737 0.8231907894736842 0.01644736842105263 0.014802631578947368