1 0.46938775510204084 0.9704081632653061 0.08979591836734693 0.05918367346938776
1 0.6244897959183674 0.9714285714285714 0.09387755102040816 0.05714285714285714
1 0.47551020408163264 0.8306122448979592 0.09591836734693877 0.09183673469387756
1 0.6295918367346939 0.8357142857142857 0.09387755102040816 0.09387755102040816
1 0.42346938775510207 0.6357142857142857 0.07755102040816327 0.07551020408163266
1 0.5102040816326531 0.636734693877551 0.07142857142857142 0.07551020408163266
1 0.5989795918367347 0.6418367346938776 0.07755102040816327 0.07346938775510205
1 0.6857142857142857 0.6438775510204081 0.07551020408163266 0.07551020408163266
1 0.42653061224489797 0.4775510204081633 0.06326530612244897 0.061224489795918366
1 0.5153061224489796 0.4806122448979592 0.061224489795918366 0.061224489795918366
1 0.6030612244897959 0.48367346938775513 0.0653061224489796 0.06326530612244897
1 0.6908163265306122 0.4846938775510204 0.061224489795918366 0.06326530612244897
1 0.4316326530612245 0.35408163265306125 0.04693877551020408 0.044897959183673466
1 0.5183673469387755 0.35714285714285715 0.04897959183673469 0.04897959183673469
1 0.6061224489795919 0.36122448979591837 0.044897959183673466 0.044897959183673466
1 0.6948979591836735 0.363265306122449 0.04693877551020408 0.04693877551020408