1 0.36380597014925375 0.04291044776119403 0.014925373134328358 0.018656716417910446
1 0.35261194029850745 0.3871268656716418 0.014925373134328358 0.016791044776119403
1 0.3050373134328358 0.5298507462686567 0.016791044776119403 0.022388059701492536
1 0.30223880597014924 0.7201492537313433 0.018656716417910446 0.018656716417910446
1 0.2966417910447761 0.38992537313432835 0.029850746268656716 0.033582089552238806
1 0.292910447761194 0.26119402985074625 0.029850746268656716 0.033582089552238806
1 0.7705223880597015 0.2593283582089552 0.014925373134328358 0.014925373134328358
1 0.7705223880597015 0.4253731343283582 0.014925373134328358 0.014925373134328358
1 0.7714552238805971 0.5914179104477612 0.013059701492537313 0.014925373134328358
1 0.7518656716417911 0.11567164179104478 0.014925373134328358 0.014925373134328358
1 0.7798507462686567 0.9263059701492538 0.018656716417910446 0.016791044776119403