1 0.7779605263157895 0.37335526315789475 0.03618421052631579 0.03618421052631579
1 0.7763157894736842 0.4498355263157895 0.03618421052631579 0.03782894736842105
1 0.774671052631579 0.5254934210526315 0.03618421052631579 0.03782894736842105
1 0.7738486842105263 0.6011513157894737 0.03782894736842105 0.03782894736842105
1 0.6743421052631579 0.3725328947368421 0.049342105263157895 0.05098684210526316
1 0.6735197368421053 0.4473684210526316 0.054276315789473686 0.05263157894736842
1 0.6735197368421053 0.5238486842105263 0.05098684210526316 0.05098684210526316
1 0.6710526315789473 0.5995065789473685 0.05263157894736842 0.054276315789473686
1 0.5370065789473685 0.3684210526315789 0.06414473684210527 0.0625
1 0.5361842105263158 0.4449013157894737 0.0625 0.06414473684210527
1 0.5345394736842105 0.5197368421052632 0.0625 0.0625
1 0.5328947368421053 0.5962171052631579 0.0625 0.06414473684210527
1 0.36348684210526316 0.40789473684210525 0.0756578947368421 0.0756578947368421
1 0.3626644736842105 0.5460526315789473 0.07730263157894737 0.07894736842105263
1 0.22615131578947367 0.4037828947368421 0.07401315789473684 0.07401315789473684
1 0.22121710526315788 0.5427631578947368 0.07730263157894737 0.0756578947368421