1 0.4745065789473684 0.23355263157894737 0.03125 0.03289473684210526
1 0.41776315789473684 0.2713815789473684 0.03289473684210526 0.03289473684210526
1 0.36019736842105265 0.3100328947368421 0.03289473684210526 0.03453947368421053
1 0.3042763157894737 0.3470394736842105 0.03289473684210526 0.03289473684210526
1 0.5254934210526315 0.31414473684210525 0.044407894736842105 0.046052631578947366
1 0.46957236842105265 0.3519736842105263 0.044407894736842105 0.046052631578947366
1 0.4128289473684211 0.38898026315789475 0.046052631578947366 0.044407894736842105
1 0.3560855263157895 0.42680921052631576 0.044407894736842105 0.044407894736842105
1 0.5929276315789473 0.41776315789473684 0.054276315789473686 0.05592105263157895
1 0.5370065789473685 0.45476973684210525 0.054276315789473686 0.054276315789473686
1 0.4819078947368421 0.4925986842105263 0.05592105263157895 0.054276315789473686
1 0.42598684210526316 0.5296052631578947 0.05592105263157895 0.05592105263157895
1 0.6381578947368421 0.5666118421052632 0.06578947368421052 0.06743421052631579
1 0.5394736842105263 0.6332236842105263 0.06578947368421052 0.06578947368421052
1 0.703125 0.6636513157894737 0.06414473684210527 0.06414473684210527
1 0.6044407894736842 0.7294407894736842 0.06414473684210527 0.06414473684210527