1 0.41694078947368424 0.3001644736842105 0.06414473684210527 0.06743421052631579
1 0.32894736842105265 0.37911184210526316 0.06578947368421052 0.06743421052631579
1 0.49588815789473684 0.3873355263157895 0.06414473684210527 0.06414473684210527
1 0.41118421052631576 0.46710526315789475 0.06578947368421052 0.06578947368421052
1 0.618421052631579 0.46957236842105265 0.05263157894736842 0.054276315789473686
1 0.5707236842105263 0.5131578947368421 0.05263157894736842 0.05263157894736842
1 0.5263157894736842 0.5567434210526315 0.05263157894736842 0.054276315789473686
1 0.4786184210526316 0.600328947368421 0.05263157894736842 0.05592105263157895
1 0.6949013157894737 0.5542763157894737 0.04111842105263158 0.04276315789473684
1 0.649671052631579 0.5970394736842105 0.04276315789473684 0.04276315789473684
1 0.6036184210526315 0.640625 0.04276315789473684 0.044407894736842105
1 0.5575657894736842 0.6850328947368421 0.04276315789473684 0.044407894736842105
1 0.7524671052631579 0.6167763157894737 0.027960526315789474 0.029605263157894735
1 0.7072368421052632 0.6603618421052632 0.029605263157894735 0.03125
1 0.6620065789473685 0.703125 0.03125 0.03125
1 0.615953947368421 0.7491776315789473 0.03125 0.03125