1 0.6488486842105263 0.24095394736842105 0.03782894736842105 0.03782894736842105
1 0.6916118421052632 0.3001644736842105 0.03453947368421053 0.03453947368421053
1 0.7351973684210527 0.35773026315789475 0.03618421052631579 0.03782894736842105
1 0.7787828947368421 0.4152960526315789 0.03453947368421053 0.03782894736842105
1 0.5682565789473685 0.3042763157894737 0.044407894736842105 0.049342105263157895
1 0.6118421052631579 0.3626644736842105 0.049342105263157895 0.05098684210526316
1 0.6570723684210527 0.4194078947368421 0.047697368421052634 0.049342105263157895
1 0.7014802631578947 0.4777960526315789 0.047697368421052634 0.047697368421052634
1 0.5978618421052632 0.5583881578947368 0.06085526315789474 0.06085526315789474
1 0.553453947368421 0.5024671052631579 0.06085526315789474 0.06085526315789474
1 0.5098684210526315 0.4440789473684211 0.05921052631578947 0.05921052631578947
1 0.46381578947368424 0.3881578947368421 0.05921052631578947 0.0625
1 0.4407894736842105 0.625 0.0756578947368421 0.0756578947368421
1 0.35773026315789475 0.5230263157894737 0.0805921052631579 0.07894736842105263
1 0.3355263157894737 0.7105263157894737 0.07894736842105263 0.07894736842105263
1 0.25164473684210525 0.6069078947368421 0.07894736842105263 0.08223684210526316