0 0.2125 0.468359375 0.1640625 0.02265625
0 0.7 0.30703125 0.0578125 0.0484375
1 0.6042500000000001 0.26932812500000003 0.0191171875 0.023078124999999998
1 0.6049140625 0.299984375 0.016484375000000002 0.01978125
1 0.6358984375000001 0.30163281249999996 0.0191171875 0.0191171875
1 0.6408437499999999 0.269984375 0.017140625 0.0217578125
1 0.6787578125 0.262734375 0.0191171875 0.0204375
1 0.678421875 0.280203125 0.0145078125 0.0131875
1 0.710734375 0.26570312500000004 0.0184609375 0.0118671875
1 0.7097421875000001 0.2821796875 0.0059375 0.0092265625
1 0.7357812499999999 0.269 0.010546875 0.0118671875
1 0.7341328125000001 0.2848203125 0.0072499999999999995 0.0092265625
1 0.7341328125000001 0.30262500000000003 0.0072499999999999995 0.007914062500000001
1 0.4025078125 0.8959921874999999 0.023078124999999998 0.01978125
1 0.4104140625 0.9332499999999999 0.0217578125 0.02703125
1 0.3603125 0.8969843750000001 0.013843749999999998 0.013843749999999998
1 0.36624218750000004 0.9131406249999999 0.0217578125 0.0118671875
1 0.371515625 0.9286328125000001 0.0178046875 0.016484375000000002
1 0.3725078125 0.9454453125000001 0.0184609375 0.0184609375
1 0.34152343749999997 0.9533515625 0.0118671875 0.017140625