0 0.041796875 0.11328125 0.08359375 0.2265625
0 0.45546875 0.118359375 0.0546875 0.06484375
0 0.468359375 0.025390625 0.08515625 0.05078125
1 0.43627343749999997 0.692078125 0.0210546875 0.0204921875
1 0.42990625 0.7224609375 0.0230390625 0.0221171875
1 0.4644921875 0.7329921875000001 0.0213125 0.0220703125
1 0.4691640625 0.6999140625 0.0191015625 0.0186171875
1 0.44732031250000004 0.06596874999999999 0.020874999999999998 0.0206796875
1 0.43156249999999996 0.7647734374999999 0.0181328125 0.0180546875
1 0.40900781249999996 0.792921875 0.0159140625 0.014921875000000001
1 0.41284375000000006 0.7611328125 0.018390625 0.018125
1 0.46548437500000006 0.7712734375 0.016828125 0.016421875
1 0.4772421875 0.0709375 0.02175 0.024359375
1 0.4813203125 0.12310937500000001 0.017796875 0.01928125
1 0.48317187500000003 0.1609296875 0.015570312499999999 0.014835937499999998
1 0.46759375 0.1587109375 0.011125 0.020765625
1 0.45239062499999994 0.153515625 0.0103828125 0.0163125
1 0.4371875 0.14425 0.00815625 0.0229921875
1 0.43644531249999996 0.176140625 0.006671874999999999 0.011125
1 0.4483125 0.1794765625 0.005187499999999999 0.0103828125
1 0.4627734375 0.1850390625 0.0074140625000000005 0.015570312499999999
1 0.4779765625 0.1891171875 0.012609375 0.0163125
1 0.4256953125 0.79496875 0.008242187500000001 0.015210937499999999
1 0.44217968750000003 0.79909375 0.0133125 0.0183828125
1 0.45707812499999995 0.8022578125000001 0.0126796875 0.014578125
1 0.45327343750000004 0.8253984375 0.008875 0.0126796875
1 0.43647656250000005 0.8244453125 0.0095078125 0.0158515625
1 0.419359375 0.8200078124999999 0.008242187500000001 0.0133125
1 0.4022421875 0.8143046875 0.0133125 0.0133125
1 0.44800000000000006 0.769078125 0.013843749999999998 0.024390625