1 0.743421052631579 0.6258223684210527 0.049342105263157895 0.047697368421052634
1 0.694078947368421 0.6743421052631579 0.046052631578947366 0.046052631578947366
1 0.6447368421052632 0.7236842105263158 0.049342105263157895 0.049342105263157895
1 0.5953947368421053 0.772203947368421 0.046052631578947366 0.047697368421052634
1 0.678453947368421 0.5592105263157895 0.06085526315789474 0.0625
1 0.6282894736842105 0.6069078947368421 0.06578947368421052 0.06578947368421052
1 0.5805921052631579 0.65625 0.06578947368421052 0.06578947368421052
1 0.5296052631578947 0.7047697368421053 0.06578947368421052 0.06414473684210527
1 0.5896381578947368 0.46875 0.0805921052631579 0.07894736842105263
1 0.540296052631579 0.5172697368421053 0.0805921052631579 0.0805921052631579
1 0.4917763157894737 0.5666118421052632 0.08223684210526316 0.0805921052631579
1 0.44161184210526316 0.6143092105263158 0.0805921052631579 0.0805921052631579
1 0.45394736842105265 0.3840460526315789 0.10197368421052631 0.10032894736842106
1 0.36430921052631576 0.47286184210526316 0.10361842105263158 0.10361842105263158
1 0.36430921052631576 0.2935855263157895 0.10361842105263158 0.10361842105263158
1 0.2730263157894737 0.3807565789473684 0.10197368421052631 0.10361842105263158