1 0.740953947368421 0.5370065789473685 0.09375 0.09375
1 0.7154605263157895 0.6447368421052632 0.09210526315789473 0.09210526315789473
1 0.6291118421052632 0.5139802631578947 0.09046052631578948 0.09046052631578948
1 0.6052631578947368 0.6241776315789473 0.09539473684210527 0.09375
1 0.5 0.4473684210526316 0.07236842105263158 0.07236842105263158
1 0.4868421052631579 0.5074013157894737 0.0756578947368421 0.07401315789473684
1 0.4745065789473684 0.5682565789473685 0.07401315789473684 0.07401315789473684
1 0.4629934210526316 0.6291118421052632 0.07401315789473684 0.07401315789473684
1 0.3881578947368421 0.4243421052631579 0.05921052631578947 0.05921052631578947
1 0.37664473684210525 0.484375 0.0625 0.06085526315789474
1 0.3651315789473684 0.5460526315789473 0.05921052631578947 0.05921052631578947
1 0.3519736842105263 0.6069078947368421 0.05921052631578947 0.05921052631578947
1 0.3042763157894737 0.40625 0.046052631578947366 0.046052631578947366
1 0.29276315789473684 0.46792763157894735 0.049342105263157895 0.047697368421052634
1 0.28042763157894735 0.5287828947368421 0.044407894736842105 0.044407894736842105
1 0.2680921052631579 0.5896381578947368 0.046052631578947366 0.044407894736842105