1 0.6726973684210527 0.6578947368421053 0.07236842105263158 0.07236842105263158
1 0.615953947368421 0.46957236842105265 0.03125 0.03125
1 0.5172697368421053 0.5386513157894737 0.027960526315789474 0.027960526315789474
1 0.506578947368421 0.4194078947368421 0.029605263157894735 0.029605263157894735
1 0.6430921052631579 0.27055921052631576 0.0756578947368421 0.07401315789473684
1 0.3248355263157895 0.49506578947368424 0.07072368421052631 0.07236842105263158
1 0.7713815789473685 0.453125 0.10526315789473684 0.1069078947368421
1 0.7236842105263158 0.34539473684210525 0.07894736842105263 0.07894736842105263
1 0.45148026315789475 0.6792763157894737 0.11348684210526316 0.1118421052631579
1 0.359375 0.6060855263157895 0.08717105263157894 0.08717105263157894
1 0.4095394736842105 0.29276315789473684 0.11513157894736842 0.11513157894736842