1 0.7286184210526315 0.42351973684210525 0.039473684210526314 0.04111842105263158
1 0.6875 0.3815789473684211 0.04276315789473684 0.04276315789473684
1 0.647203947368421 0.33963815789473684 0.04111842105263158 0.04111842105263158
1 0.6044407894736842 0.296875 0.04111842105263158 0.04111842105263158
1 0.6710526315789473 0.4810855263157895 0.05592105263157895 0.054276315789473686
1 0.6291118421052632 0.4399671052631579 0.05756578947368421 0.05756578947368421
1 0.5888157894736842 0.3980263157894737 0.05592105263157895 0.05592105263157895
1 0.546875 0.35444078947368424 0.054276315789473686 0.054276315789473686
1 0.5945723684210527 0.5550986842105263 0.06743421052631579 0.06743421052631579
1 0.5542763157894737 0.5139802631578947 0.06907894736842106 0.06743421052631579
1 0.5131578947368421 0.47368421052631576 0.06907894736842106 0.06907894736842106
1 0.4712171052631579 0.43256578947368424 0.07072368421052631 0.06907894736842106
1 0.4769736842105263 0.6217105263157895 0.08552631578947369 0.08552631578947369
1 0.4037828947368421 0.6957236842105263 0.08388157894736842 0.08223684210526316
1 0.32730263157894735 0.6233552631578947 0.08552631578947369 0.08552631578947369
1 0.40131578947368424 0.5476973684210527 0.08552631578947369 0.08552631578947369