1 0.7220394736842105 0.5263157894736842 0.125 0.125
1 0.6365131578947368 0.5953947368421053 0.0756578947368421 0.0756578947368421
1 0.5863486842105263 0.5435855263157895 0.0805921052631579 0.0805921052631579
1 0.5279605263157895 0.4901315789473684 0.08223684210526316 0.08223684210526316
1 0.46792763157894735 0.42680921052631576 0.09375 0.09375
1 0.5526315789473685 0.6759868421052632 0.07236842105263158 0.07236842105263158
1 0.5016447368421053 0.6241776315789473 0.09210526315789473 0.09375
1 0.4473684210526316 0.5657894736842105 0.08223684210526316 0.08223684210526316
1 0.38569078947368424 0.5057565789473685 0.09375 0.09375
1 0.3996710526315789 0.35444078947368424 0.14802631578947367 0.14967105263157895
1 0.31743421052631576 0.4350328947368421 0.14144736842105263 0.13980263157894737
1 0.4662828947368421 0.2680921052631579 0.12006578947368421 0.11842105263157894
1 0.3675986842105263 0.615953947368421 0.11677631578947369 0.11677631578947369