1 0.6373355263157895 0.33305921052631576 0.03782894736842105 0.03782894736842105
1 0.5822368421052632 0.3223684210526316 0.039473684210526314 0.039473684210526314
1 0.5279605263157895 0.31167763157894735 0.03618421052631579 0.03782894736842105
1 0.4745065789473684 0.3001644736842105 0.03782894736842105 0.03782894736842105
1 0.6200657894736842 0.4087171052631579 0.05263157894736842 0.05098684210526316
1 0.5666118421052632 0.3972039473684211 0.05098684210526316 0.05098684210526316
1 0.5123355263157895 0.3873355263157895 0.05098684210526316 0.05098684210526316
1 0.4597039473684211 0.37582236842105265 0.05098684210526316 0.05098684210526316
1 0.5986842105263158 0.5057565789473685 0.0625 0.06414473684210527
1 0.5460526315789473 0.49506578947368424 0.0625 0.0625
1 0.4934210526315789 0.48519736842105265 0.0625 0.0625
1 0.4399671052631579 0.4745065789473684 0.06414473684210527 0.06414473684210527
1 0.540296052631579 0.6167763157894737 0.07730263157894737 0.0756578947368421
1 0.4457236842105263 0.5978618421052632 0.0756578947368421 0.07401315789473684
1 0.522203947368421 0.709703947368421 0.07401315789473684 0.07401315789473684
1 0.4276315789473684 0.6907894736842105 0.07236842105263158 0.07236842105263158