1 0.6990131578947368 0.4243421052631579 0.03618421052631579 0.03618421052631579
1 0.6973684210526315 0.4777960526315789 0.03618421052631579 0.03453947368421053
1 0.6957236842105263 0.5296052631578947 0.03289473684210526 0.03289473684210526
1 0.694078947368421 0.5814144736842105 0.03289473684210526 0.03453947368421053
1 0.6233552631578947 0.5805921052631579 0.049342105263157895 0.049342105263157895
1 0.625 0.5279605263157895 0.049342105263157895 0.049342105263157895
1 0.6266447368421053 0.4753289473684211 0.049342105263157895 0.049342105263157895
1 0.6274671052631579 0.42351973684210525 0.047697368421052634 0.047697368421052634
1 0.5279605263157895 0.578125 0.0625 0.06085526315789474
1 0.5304276315789473 0.5263157894736842 0.06085526315789474 0.0625
1 0.5304276315789473 0.4745065789473684 0.06085526315789474 0.06085526315789474
1 0.5328947368421053 0.42105263157894735 0.0625 0.0625
1 0.41036184210526316 0.5435855263157895 0.07401315789473684 0.07401315789473684
1 0.41118421052631576 0.44819078947368424 0.0756578947368421 0.07401315789473684
1 0.31167763157894735 0.5435855263157895 0.07401315789473684 0.07401315789473684
1 0.31332236842105265 0.4457236842105263 0.07401315789473684 0.07236842105263158