0 0.537109375 0.17421875 0.1625 0.09609375
0 0.687109375 0.165625 0.09453125 0.05234375
0 0.87734375 0.878125 0.05625 0.071875
1 0.84884375 0.8085000000000001 0.02415625 0.0251015625
1 0.8814453125 0.8058828124999999 0.02325 0.02346875
1 0.8768046875 0.7679140624999999 0.0238125 0.024203125
1 0.8455 0.7707890625 0.0237734375 0.0228515625
1 0.8590703124999999 0.85346875 0.018703125 0.0177265625
1 0.8371171875 0.8546015625000001 0.018296875 0.0187265625
1 0.8974375 0.8504609375 0.0182578125 0.017937500000000002
1 0.8404765624999999 0.9125624999999999 0.013632812499999999 0.013382812499999999
1 0.8372421875 0.8862500000000001 0.01590625 0.0153984375
1 0.8591015625 0.9119921874999999 0.0137734375 0.0140234375
1 0.856984375 0.8854531250000001 0.0120625 0.014109374999999999
1 0.87653125 0.84828125 0.017765625 0.0161953125