0 0.296875 0.325 0.0703125 0.0703125
0 0.672265625 0.375390625 0.115625 0.071875
0 0.4671875 0.884375 0.071875 0.065625
0 0.8515625 0.76640625 0.065625 0.0953125
1 0.7967890625 0.8418828125 0.024328125 0.0241953125
1 0.771 0.7966953125 0.020203125 0.02034375
1 0.4954921875 0.946203125 0.030234375 0.0309921875
1 0.7943515624999999 0.7933203125 0.0187734375 0.0198046875
1 0.45883593749999996 0.957390625 0.0342109375 0.035703125
1 0.8122187500000001 0.7866171875 0.0201953125 0.0225625
1 0.7638515625 0.758171875 0.0163359375 0.0162265625
1 0.8018124999999999 0.8750859375 0.022390625 0.021640625
1 0.7864687499999999 0.753984375 0.0169921875 0.016671875
1 0.4925703125 0.8460234375000001 0.0160234375 0.01509375
1 0.7583828125000001 0.73075 0.011835937500000001 0.011796875
1 0.424640625 0.85925 0.015828125000000002 0.0199296875
1 0.44749999999999995 0.85603125 0.017 0.026375
1 0.47035937499999997 0.8489921875 0.015828125000000002 0.018171875
1 0.42112499999999997 0.8237890625000001 0.014656250000000001 0.020515625000000003
1 0.44281249999999994 0.8217421874999999 0.015828125000000002 0.0211015625
1 0.46479687500000005 0.8179296875000001 0.0164140625 0.01934375
1 0.48413281250000006 0.8135312499999999 0.012898437500000002 0.018757812500000002
1 0.7771953125 0.7253203125 0.01171875 0.022859375
1 0.796828125 0.7229765625 0.0076171875 0.018171875
1 0.8193984375 0.7182890625 0.017585937500000003 0.014656250000000001
1 0.8041562499999999 0.7505234375 0.01171875 0.017
1 0.8208593750000001 0.7446640625 0.014656250000000001 0.0123046875