1 0.602796052631579 0.8231907894736842 0.044407894736842105 0.04111842105263158
1 0.515625 0.8240131578947368 0.04111842105263158 0.039473684210526314
1 0.4309210526315789 0.8231907894736842 0.04276315789473684 0.04111842105263158
1 0.34457236842105265 0.8231907894736842 0.04111842105263158 0.04111842105263158
1 0.602796052631579 0.7088815789473685 0.054276315789473686 0.05263157894736842
1 0.5180921052631579 0.7064144736842105 0.05592105263157895 0.05756578947368421
1 0.43338815789473684 0.7080592105263158 0.05756578947368421 0.05756578947368421
1 0.3462171052631579 0.7064144736842105 0.05756578947368421 0.05756578947368421
1 0.6044407894736842 0.5526315789473685 0.07072368421052631 0.06907894736842106
1 0.5197368421052632 0.5526315789473685 0.07236842105263158 0.06907894736842106
1 0.43338815789473684 0.5518092105263158 0.07072368421052631 0.07072368421052631
1 0.34868421052631576 0.5501644736842105 0.07236842105263158 0.07072368421052631
1 0.5600328947368421 0.359375 0.09046052631578948 0.08717105263157894
1 0.4037828947368421 0.35773026315789475 0.09046052631578948 0.09046052631578948
1 0.5608552631578947 0.20065789473684212 0.09210526315789473 0.08881578947368421
1 0.4037828947368421 0.1981907894736842 0.09046052631578948 0.09046052631578948