1 0.756578947368421 0.6488486842105263 0.03618421052631579 0.03782894736842105
1 0.6981907894736842 0.6916118421052632 0.03453947368421053 0.03453947368421053
1 0.640625 0.7351973684210527 0.03782894736842105 0.03618421052631579
1 0.5830592105263158 0.7787828947368421 0.03782894736842105 0.03453947368421053
1 0.694078947368421 0.5682565789473685 0.049342105263157895 0.044407894736842105
1 0.6356907894736842 0.6118421052631579 0.05098684210526316 0.049342105263157895
1 0.5789473684210527 0.6570723684210527 0.049342105263157895 0.047697368421052634
1 0.5205592105263158 0.7014802631578947 0.047697368421052634 0.047697368421052634
1 0.4399671052631579 0.5978618421052632 0.06085526315789474 0.06085526315789474
1 0.49588815789473684 0.553453947368421 0.06085526315789474 0.06085526315789474
1 0.5542763157894737 0.5098684210526315 0.05921052631578947 0.05921052631578947
1 0.6101973684210527 0.46381578947368424 0.0625 0.05921052631578947
1 0.37335526315789475 0.4407894736842105 0.0756578947368421 0.0756578947368421
1 0.4753289473684211 0.35773026315789475 0.07894736842105263 0.0805921052631579
1 0.2870065789473684 0.3355263157894737 0.07730263157894737 0.07894736842105263
1 0.39144736842105265 0.25164473684210525 0.08223684210526316 0.07894736842105263