1 0.7393092105263158 0.609375 0.03125 0.03125
1 0.6916118421052632 0.6546052631578947 0.03125 0.029605263157894735
1 0.6447368421052632 0.6981907894736842 0.029605263157894735 0.027960526315789474
1 0.5970394736842105 0.7425986842105263 0.029605263157894735 0.03125
1 0.5370065789473685 0.6792763157894737 0.044407894736842105 0.04276315789473684
1 0.5838815789473685 0.6348684210526315 0.04276315789473684 0.04276315789473684
1 0.6307565789473685 0.5896381578947368 0.044407894736842105 0.04111842105263158
1 0.6776315789473685 0.5452302631578947 0.04276315789473684 0.04111842105263158
1 0.45476973684210525 0.5945723684210527 0.054276315789473686 0.054276315789473686
1 0.5024671052631579 0.5509868421052632 0.054276315789473686 0.05263157894736842
1 0.5485197368421053 0.5049342105263158 0.054276315789473686 0.05263157894736842
1 0.5962171052631579 0.4597039473684211 0.054276315789473686 0.054276315789473686
1 0.3832236842105263 0.4613486842105263 0.06578947368421052 0.06414473684210527
1 0.46710526315789475 0.3782894736842105 0.06578947368421052 0.06578947368421052
1 0.296875 0.37335526315789475 0.06414473684210527 0.06578947368421052
1 0.3840460526315789 0.2894736842105263 0.06414473684210527 0.0625