1 0.5526315789473685 0.7952302631578947 0.07236842105263158 0.07072368421052631
1 0.4276315789473684 0.7960526315789473 0.0756578947368421 0.07236842105263158
1 0.5493421052631579 0.6694078947368421 0.0756578947368421 0.07236842105263158
1 0.4251644736842105 0.671875 0.07401315789473684 0.07401315789473684
1 0.5945723684210527 0.5131578947368421 0.06085526315789474 0.05921052631578947
1 0.524671052631579 0.5131578947368421 0.05592105263157895 0.05921052631578947
1 0.453125 0.515625 0.06085526315789474 0.05756578947368421
1 0.3832236842105263 0.5164473684210527 0.05921052631578947 0.05921052631578947
1 0.59375 0.38569078947368424 0.049342105263157895 0.047697368421052634
1 0.522203947368421 0.3873355263157895 0.047697368421052634 0.047697368421052634
1 0.45148026315789475 0.3881578947368421 0.05098684210526316 0.049342105263157895
1 0.3807565789473684 0.3881578947368421 0.047697368421052634 0.049342105263157895
1 0.5912828947368421 0.28618421052631576 0.03782894736842105 0.03618421052631579
1 0.5213815789473685 0.2878289473684211 0.039473684210526314 0.039473684210526314
1 0.4506578947368421 0.2894736842105263 0.03618421052631579 0.03618421052631579
1 0.37911184210526316 0.2902960526315789 0.03782894736842105 0.03782894736842105