1 0.7648026315789473 0.4745065789473684 0.03289473684210526 0.03125
1 0.7269736842105263 0.41776315789473684 0.03289473684210526 0.03289473684210526
1 0.6883223684210527 0.36019736842105265 0.03453947368421053 0.03289473684210526
1 0.6513157894736842 0.3042763157894737 0.03289473684210526 0.03289473684210526
1 0.6842105263157895 0.5254934210526315 0.046052631578947366 0.044407894736842105
1 0.647203947368421 0.46957236842105265 0.044407894736842105 0.044407894736842105
1 0.609375 0.4128289473684211 0.044407894736842105 0.046052631578947366
1 0.571546052631579 0.3560855263157895 0.044407894736842105 0.044407894736842105
1 0.5805921052631579 0.5929276315789473 0.05592105263157895 0.054276315789473686
1 0.5435855263157895 0.5370065789473685 0.054276315789473686 0.054276315789473686
1 0.5057565789473685 0.4819078947368421 0.054276315789473686 0.05592105263157895
1 0.46875 0.42598684210526316 0.05592105263157895 0.05592105263157895
1 0.4317434210526316 0.6381578947368421 0.06743421052631579 0.06578947368421052
1 0.3651315789473684 0.5394736842105263 0.06578947368421052 0.06578947368421052
1 0.3347039473684211 0.703125 0.06414473684210527 0.06414473684210527
1 0.2689144736842105 0.6044407894736842 0.06414473684210527 0.06414473684210527