1 0.6792763157894737 0.6060855263157895 0.0625 0.06085526315789474
1 0.609375 0.6916118421052632 0.06085526315789474 0.06085526315789474
1 0.522203947368421 0.6233552631578947 0.06414473684210527 0.0625
1 0.5896381578947368 0.5361842105263158 0.06414473684210527 0.0625
1 0.38980263157894735 0.5649671052631579 0.05263157894736842 0.05098684210526316
1 0.4284539473684211 0.515625 0.05098684210526316 0.05098684210526316
1 0.4654605263157895 0.46710526315789475 0.05263157894736842 0.05263157894736842
1 0.5041118421052632 0.4161184210526316 0.054276315789473686 0.05263157894736842
1 0.3001644736842105 0.49506578947368424 0.04111842105263158 0.039473684210526314
1 0.3371710526315789 0.4457236842105263 0.039473684210526314 0.039473684210526314
1 0.375 0.39555921052631576 0.039473684210526314 0.04111842105263158
1 0.4136513157894737 0.34539473684210525 0.04111842105263158 0.04276315789473684
1 0.23190789473684212 0.44161184210526316 0.029605263157894735 0.027960526315789474
1 0.26973684210526316 0.39226973684210525 0.029605263157894735 0.03125
1 0.3059210526315789 0.34210526315789475 0.029605263157894735 0.029605263157894735
1 0.34457236842105265 0.2902960526315789 0.03125 0.03125