1 0.5123355263157895 0.790296052631579 0.06414473684210527 0.06085526315789474
1 0.6274671052631579 0.5756578947368421 0.027960526315789474 0.02631578947368421
1 0.4810855263157895 0.5501644736842105 0.024671052631578948 0.024671052631578948
1 0.5748355263157895 0.43667763157894735 0.027960526315789474 0.024671052631578948
1 0.8248355263157895 0.4251644736842105 0.07072368421052631 0.06085526315789474
1 0.3495065789473684 0.34375 0.06414473684210527 0.0625
1 0.7779605263157895 0.6973684210526315 0.09539473684210527 0.09210526315789473
1 0.8297697368421053 0.5608552631578947 0.06743421052631579 0.06907894736842106
1 0.3001644736842105 0.6151315789473685 0.09375 0.10197368421052631
1 0.28289473684210525 0.47039473684210525 0.07894736842105263 0.07236842105263158
1 0.6019736842105263 0.24013157894736842 0.10526315789473684 0.09539473684210527