1 0.9235197368421053 0.7286184210526315 0.014802631578947368 0.013157894736842105
1 0.7467105263157895 0.727796052631579 0.01644736842105263 0.014802631578947368
1 0.9037828947368421 0.4810855263157895 0.018092105263157895 0.014802631578947368
1 0.8585526315789473 0.23190789473684212 0.01644736842105263 0.01644736842105263
1 0.6825657894736842 0.24753289473684212 0.01644736842105263 0.014802631578947368
1 0.5098684210526315 0.2565789473684211 0.01644736842105263 0.013157894736842105
1 0.3462171052631579 0.26726973684210525 0.014802631578947368 0.014802631578947368
1 0.18585526315789475 0.27713815789473684 0.01644736842105263 0.014802631578947368
1 0.5764802631578947 0.7286184210526315 0.018092105263157895 0.013157894736842105
1 0.4128289473684211 0.7327302631578947 0.013157894736842105 0.011513157894736841
1 0.2574013157894737 0.7335526315789473 0.014802631578947368 0.009868421052631578