1 0.569078947368421 0.7319078947368421 0.06907894736842106 0.06578947368421052
1 0.4449013157894737 0.7335526315789473 0.06414473684210527 0.06578947368421052
1 0.5657894736842105 0.609375 0.06907894736842106 0.06743421052631579
1 0.44243421052631576 0.6118421052631579 0.06907894736842106 0.06578947368421052
1 0.6060855263157895 0.45230263157894735 0.05756578947368421 0.05921052631578947
1 0.5370065789473685 0.453125 0.05756578947368421 0.05756578947368421
1 0.46957236842105265 0.4564144736842105 0.05756578947368421 0.05756578947368421
1 0.3988486842105263 0.45805921052631576 0.06085526315789474 0.05756578947368421
1 0.6060855263157895 0.3256578947368421 0.047697368421052634 0.046052631578947366
1 0.5353618421052632 0.32648026315789475 0.047697368421052634 0.047697368421052634
1 0.4654605263157895 0.32976973684210525 0.046052631578947366 0.047697368421052634
1 0.39555921052631576 0.32976973684210525 0.047697368421052634 0.047697368421052634
1 0.6036184210526315 0.22779605263157895 0.03618421052631579 0.03453947368421053
1 0.5337171052631579 0.2294407894736842 0.03453947368421053 0.03453947368421053
1 0.4621710526315789 0.23190789473684212 0.03289473684210526 0.03289473684210526
1 0.3930921052631579 0.23355263157894737 0.03618421052631579 0.03289473684210526