1 0.5863486842105263 0.8100328947368421 0.08388157894736842 0.08388157894736842
1 0.4375 0.8116776315789473 0.08223684210526316 0.0805921052631579
1 0.5855263157894737 0.6603618421052632 0.08223684210526316 0.08388157894736842
1 0.43667763157894735 0.6611842105263158 0.08388157894736842 0.08223684210526316
1 0.6324013157894737 0.4761513157894737 0.06743421052631579 0.06743421052631579
1 0.5526315789473685 0.4761513157894737 0.06907894736842106 0.06743421052631579
1 0.47368421052631576 0.4777960526315789 0.06578947368421052 0.06743421052631579
1 0.38980263157894735 0.4777960526315789 0.06907894736842106 0.06743421052631579
1 0.6324013157894737 0.3314144736842105 0.05756578947368421 0.054276315789473686
1 0.5509868421052632 0.3314144736842105 0.05592105263157895 0.054276315789473686
1 0.46957236842105265 0.33223684210526316 0.05756578947368421 0.05592105263157895
1 0.390625 0.33305921052631576 0.054276315789473686 0.054276315789473686
1 0.6307565789473685 0.22203947368421054 0.04111842105263158 0.039473684210526314
1 0.5485197368421053 0.22286184210526316 0.03782894736842105 0.03782894736842105
1 0.46957236842105265 0.22286184210526316 0.03782894736842105 0.03782894736842105
1 0.38980263157894735 0.22450657894736842 0.039473684210526314 0.03782894736842105