1 0.6710526315789473 0.7179276315789473 0.11513157894736842 0.10361842105263158
1 0.5353618421052632 0.703125 0.06743421052631579 0.06414473684210527
1 0.5353618421052632 0.6143092105263158 0.07401315789473684 0.06743421052631579
1 0.5328947368421053 0.5172697368421053 0.07236842105263158 0.07072368421052631
1 0.5353618421052632 0.4087171052631579 0.08388157894736842 0.0805921052631579
1 0.39226973684210525 0.7014802631578947 0.06414473684210527 0.06085526315789474
1 0.39226973684210525 0.6110197368421053 0.0805921052631579 0.0805921052631579
1 0.39555921052631576 0.5131578947368421 0.07730263157894737 0.06578947368421052
1 0.3930921052631579 0.40625 0.08881578947368421 0.0756578947368421
1 0.5386513157894737 0.28536184210526316 0.13322368421052633 0.12664473684210525
1 0.3963815789473684 0.2845394736842105 0.125 0.12171052631578948
1 0.6726973684210527 0.2689144736842105 0.10526315789473684 0.10361842105263158
1 0.28125 0.48601973684210525 0.10197368421052631 0.10032894736842106