1 0.6981907894736842 0.4161184210526316 0.06743421052631579 0.06578947368421052
1 0.6192434210526315 0.32894736842105265 0.06743421052631579 0.06578947368421052
1 0.6110197368421053 0.49588815789473684 0.06414473684210527 0.06414473684210527
1 0.5320723684210527 0.41118421052631576 0.06414473684210527 0.06578947368421052
1 0.5287828947368421 0.618421052631579 0.054276315789473686 0.05263157894736842
1 0.48519736842105265 0.5707236842105263 0.05263157894736842 0.05263157894736842
1 0.44161184210526316 0.5263157894736842 0.054276315789473686 0.05263157894736842
1 0.3980263157894737 0.4786184210526316 0.05592105263157895 0.05263157894736842
1 0.4440789473684211 0.6949013157894737 0.04276315789473684 0.04111842105263158
1 0.40131578947368424 0.649671052631579 0.04276315789473684 0.04276315789473684
1 0.35773026315789475 0.6036184210526315 0.044407894736842105 0.04276315789473684
1 0.31332236842105265 0.5575657894736842 0.044407894736842105 0.04276315789473684
1 0.3815789473684211 0.7524671052631579 0.029605263157894735 0.027960526315789474
1 0.3379934210526316 0.7072368421052632 0.03125 0.029605263157894735
1 0.29523026315789475 0.6620065789473685 0.03125 0.03125
1 0.24917763157894737 0.615953947368421 0.03125 0.03125