1 0.34140625 0.2763888888888889 0.029166666666666667 0.05277777777777778
1 0.33619791666666665 0.3611111111111111 0.026041666666666668 0.05277777777777778
1 0.32786458333333335 0.4546296296296296 0.025 0.041666666666666664
1 0.3223958333333333 0.5509259259259259 0.03125 0.05277777777777778
1 0.41875 0.29305555555555557 0.034375 0.06481481481481481
1 0.40729166666666666 0.3763888888888889 0.03802083333333333 0.06759259259259259
1 0.40130208333333334 0.4675925925925926 0.034375 0.062037037037037036
1 0.39791666666666664 0.5634259259259259 0.027604166666666666 0.05555555555555555
1 0.49322916666666666 0.5847222222222223 0.043229166666666666 0.07685185185185185
1 0.50078125 0.4875 0.0390625 0.07407407407407407
1 0.5033854166666667 0.39490740740740743 0.044270833333333336 0.06759259259259259
1 0.5127604166666667 0.3 0.04739583333333333 0.07592592592592592
1 0.6286458333333333 0.3763888888888889 0.057291666666666664 0.1111111111111111
1 0.61875 0.5416666666666666 0.06145833333333333 0.10833333333333334
1 0.7184895833333333 0.3958333333333333 0.06666666666666667 0.1
1 0.7119791666666667 0.5578703703703703 0.05364583333333333 0.10925925925925926