0 0.0453125 0.03515625 0.090625 0.0703125
0 0.0765625 0.1796875 0.153125 0.103125
0 0.266015625 0.835546875 0.03125 0.10234375
0 0.94609375 0.6359375 0.1078125 0.159375
1 0.021703125 0.0220546875 0.0387734375 0.038640625
1 0.0716171875 0.206640625 0.019546875 0.0196328125
1 0.071234375 0.14542968750000002 0.0195703125 0.0198671875
1 0.2798359375 0.6413125 0.017210937500000002 0.020617187500000002
1 0.041257812500000005 0.1761953125 0.0634140625 0.0647265625
1 0.28097656249999997 0.6956249999999999 0.019015625 0.026125
1 0.2650859375 0.696125 0.019898437499999998 0.0241015625
1 0.2651328125 0.6400234375 0.014093749999999999 0.0281796875
1 0.25808593750000003 0.762390625 0.0103828125 0.02521875
1 0.2681015625 0.762765625 0.014093749999999999 0.030406250000000003
1 0.278109375 0.7649921875000001 0.014835937499999998 0.027437499999999997
1 0.2914609375 0.7690703125 0.017796875 0.029664062499999998
1 0.29071875 0.8246874999999999 0.0133515625 0.01928125
1 0.2888671875 0.86621875 0.014093749999999999 0.02521875