1 0.6644736842105263 0.6373355263157895 0.03618421052631579 0.03782894736842105
1 0.6751644736842105 0.5822368421052632 0.03782894736842105 0.039473684210526314
1 0.6866776315789473 0.5279605263157895 0.03782894736842105 0.03618421052631579
1 0.6981907894736842 0.4745065789473684 0.03782894736842105 0.03782894736842105
1 0.5896381578947368 0.6200657894736842 0.05098684210526316 0.05263157894736842
1 0.600328947368421 0.5666118421052632 0.05263157894736842 0.05098684210526316
1 0.6110197368421053 0.5123355263157895 0.05098684210526316 0.05098684210526316
1 0.6225328947368421 0.4597039473684211 0.05098684210526316 0.05098684210526316
1 0.4917763157894737 0.5986842105263158 0.0625 0.0625
1 0.5032894736842105 0.5460526315789473 0.0625 0.0625
1 0.5131578947368421 0.4934210526315789 0.0625 0.0625
1 0.5238486842105263 0.4399671052631579 0.06414473684210527 0.06414473684210527
1 0.3807565789473684 0.540296052631579 0.07730263157894737 0.07730263157894737
1 0.3996710526315789 0.4457236842105263 0.0756578947368421 0.0756578947368421
1 0.2878289473684211 0.522203947368421 0.07236842105263158 0.07401315789473684
1 0.30756578947368424 0.4276315789473684 0.07236842105263158 0.07236842105263158