1 0.40625 0.671875 0.0756578947368421 0.07730263157894737
1 0.3338815789473684 0.6019736842105263 0.0756578947368421 0.0756578947368421
1 0.4745065789473684 0.5995065789473685 0.07730263157894737 0.07730263157894737
1 0.40213815789473684 0.5304276315789473 0.07730263157894737 0.07730263157894737
1 0.587171052631579 0.5337171052631579 0.06578947368421052 0.06743421052631579
1 0.5460526315789473 0.49506578947368424 0.06578947368421052 0.06578947368421052
1 0.506578947368421 0.45805921052631576 0.06578947368421052 0.06743421052631579
1 0.4654605263157895 0.4185855263157895 0.06907894736842106 0.06743421052631579
1 0.6587171052631579 0.4613486842105263 0.054276315789473686 0.054276315789473686
1 0.618421052631579 0.42105263157894735 0.05592105263157895 0.05592105263157895
1 0.5764802631578947 0.3824013157894737 0.054276315789473686 0.054276315789473686
1 0.5370065789473685 0.34292763157894735 0.054276315789473686 0.054276315789473686
1 0.7138157894736842 0.4037828947368421 0.039473684210526314 0.03782894736842105
1 0.6726973684210527 0.36430921052631576 0.039473684210526314 0.03782894736842105
1 0.6307565789473685 0.3248355263157895 0.03782894736842105 0.03782894736842105
1 0.5896381578947368 0.28618421052631576 0.03782894736842105 0.039473684210526314