1 0.4720394736842105 0.7220394736842105 0.125 0.125
1 0.4029605263157895 0.6365131578947368 0.0756578947368421 0.0756578947368421
1 0.453125 0.5863486842105263 0.0805921052631579 0.0805921052631579
1 0.5082236842105263 0.5279605263157895 0.08223684210526316 0.08223684210526316
1 0.571546052631579 0.46792763157894735 0.09375 0.09375
1 0.3215460526315789 0.5526315789473685 0.07072368421052631 0.07236842105263158
1 0.37417763157894735 0.5016447368421053 0.09375 0.09210526315789473
1 0.4309210526315789 0.4473684210526316 0.08223684210526316 0.08223684210526316
1 0.4917763157894737 0.38569078947368424 0.09539473684210527 0.09375
1 0.6430921052631579 0.3996710526315789 0.14802631578947367 0.14802631578947367
1 0.5625 0.31743421052631576 0.14144736842105263 0.14144736842105263
1 0.7302631578947368 0.4662828947368421 0.11842105263157894 0.12006578947368421
1 0.3824013157894737 0.3675986842105263 0.11677631578947369 0.11677631578947369