1 0.5411184210526315 0.662828947368421 0.06907894736842106 0.06907894736842106
1 0.45230263157894735 0.6726973684210527 0.06907894736842106 0.06907894736842106
1 0.44161184210526316 0.5830592105263158 0.07072368421052631 0.07072368421052631
1 0.5296052631578947 0.5723684210526315 0.07236842105263158 0.07236842105263158
1 0.3996710526315789 0.47368421052631576 0.05921052631578947 0.05921052631578947
1 0.44901315789473684 0.46792763157894735 0.05921052631578947 0.05756578947368421
1 0.49835526315789475 0.4605263157894737 0.05921052631578947 0.05921052631578947
1 0.5493421052631579 0.45476973684210525 0.05921052631578947 0.06085526315789474
1 0.3881578947368421 0.3832236842105263 0.046052631578947366 0.046052631578947366
1 0.43667763157894735 0.37664473684210525 0.044407894736842105 0.046052631578947366
1 0.4868421052631579 0.3684210526315789 0.046052631578947366 0.046052631578947366
1 0.537828947368421 0.3626644736842105 0.049342105263157895 0.047697368421052634
1 0.3782894736842105 0.31414473684210525 0.03289473684210526 0.03289473684210526
1 0.4292763157894737 0.3067434210526316 0.03289473684210526 0.03453947368421053
1 0.4777960526315789 0.29851973684210525 0.03453947368421053 0.03453947368421053
1 0.5296052631578947 0.2911184210526316 0.03618421052631579 0.03618421052631579