1 0.7669811320754717 0.0820754716981132 0.020754716981132074 0.020754716981132074
1 0.530188679245283 0.2858490566037736 0.022641509433962263 0.022641509433962263
1 0.4047169811320755 0.3424528301886792 0.024528301886792454 0.024528301886792454
1 0.27735849056603773 0.45849056603773586 0.024528301886792454 0.026415094339622643
1 0.49433962264150944 0.25 0.04150943396226415 0.04150943396226415
1 0.5773584905660377 0.16792452830188678 0.04339622641509434 0.04150943396226415
1 0.8754716981132076 0.4849056603773585 0.020754716981132074 0.018867924528301886
1 0.7641509433962265 0.5877358490566038 0.020754716981132074 0.020754716981132074
1 0.6556603773584906 0.690566037735849 0.018867924528301886 0.018867924528301886
1 0.9594339622641509 0.3839622641509434 0.018867924528301886 0.018867924528301886
1 0.4367924528301887 0.9056603773584906 0.022641509433962263 0.022641509433962263