1 0.4120065789473684 0.7294407894736842 0.04111842105263158 0.04111842105263158
1 0.3692434210526316 0.6858552631578947 0.04111842105263158 0.04276315789473684
1 0.32648026315789475 0.6414473684210527 0.04111842105263158 0.04276315789473684
1 0.28289473684210525 0.5978618421052632 0.04276315789473684 0.044407894736842105
1 0.4712171052631579 0.671875 0.05756578947368421 0.05756578947368421
1 0.4292763157894737 0.6282894736842105 0.05921052631578947 0.05921052631578947
1 0.38569078947368424 0.584703947368421 0.05756578947368421 0.05756578947368421
1 0.34375 0.5394736842105263 0.05921052631578947 0.05921052631578947
1 0.5518092105263158 0.5953947368421053 0.07072368421052631 0.07236842105263158
1 0.509046052631579 0.5509868421052632 0.07072368421052631 0.07236842105263158
1 0.46710526315789475 0.5074013157894737 0.07236842105263158 0.07072368421052631
1 0.4243421052631579 0.4621710526315789 0.07236842105263158 0.07236842105263158
1 0.6282894736842105 0.47368421052631576 0.08552631578947369 0.08552631578947369
1 0.5509868421052632 0.39473684210526316 0.08881578947368421 0.08881578947368421
1 0.709703947368421 0.3980263157894737 0.08717105263157894 0.08552631578947369
1 0.6324013157894737 0.3149671052631579 0.08717105263157894 0.08717105263157894