1 0.9605263157894737 0.3609022556390977 0.020676691729323307 0.020676691729323307
1 0.8383458646616542 0.48966165413533835 0.022556390977443608 0.022556390977443608
1 0.7631578947368421 0.20300751879699247 0.02443609022556391 0.022556390977443608
1 0.5488721804511278 0.06578947368421052 0.022556390977443608 0.022556390977443608
1 0.43703007518796994 0.20582706766917294 0.022556390977443608 0.020676691729323307
1 0.3242481203007519 0.34022556390977443 0.020676691729323307 0.022556390977443608
1 0.21898496240601503 0.4680451127819549 0.022556390977443608 0.018796992481203006
1 0.1156015037593985 0.5939849624060151 0.022556390977443608 0.022556390977443608
1 0.7208646616541353 0.6174812030075187 0.022556390977443608 0.02443609022556391
1 0.6099624060150376 0.7396616541353384 0.015037593984962405 0.016917293233082706
1 0.5037593984962406 0.8571428571428571 0.016917293233082706 0.018796992481203006