1 0.5238486842105263 0.7648026315789473 0.03125 0.03289473684210526
1 0.5805921052631579 0.7269736842105263 0.03289473684210526 0.03289473684210526
1 0.6381578947368421 0.6883223684210527 0.03289473684210526 0.03453947368421053
1 0.694078947368421 0.6513157894736842 0.03289473684210526 0.03289473684210526
1 0.47286184210526316 0.6842105263157895 0.044407894736842105 0.046052631578947366
1 0.5287828947368421 0.647203947368421 0.044407894736842105 0.044407894736842105
1 0.5855263157894737 0.609375 0.046052631578947366 0.044407894736842105
1 0.6422697368421053 0.571546052631579 0.044407894736842105 0.044407894736842105
1 0.40542763157894735 0.5805921052631579 0.054276315789473686 0.05592105263157895
1 0.4613486842105263 0.5435855263157895 0.054276315789473686 0.054276315789473686
1 0.5164473684210527 0.5057565789473685 0.05592105263157895 0.054276315789473686
1 0.5723684210526315 0.46875 0.05592105263157895 0.05592105263157895
1 0.36019736842105265 0.4317434210526316 0.06578947368421052 0.06743421052631579
1 0.4588815789473684 0.3651315789473684 0.06578947368421052 0.06578947368421052
1 0.29523026315789475 0.3347039473684211 0.06414473684210527 0.06414473684210527
1 0.3930921052631579 0.2689144736842105 0.0625 0.06414473684210527