1 0.26644736842105265 0.569078947368421 0.06578947368421052 0.06907894736842106
1 0.26480263157894735 0.4449013157894737 0.06578947368421052 0.06414473684210527
1 0.38898026315789475 0.5657894736842105 0.06743421052631579 0.06907894736842106
1 0.38651315789473684 0.44243421052631576 0.06578947368421052 0.06907894736842106
1 0.5460526315789473 0.6060855263157895 0.05921052631578947 0.05756578947368421
1 0.5452302631578947 0.5370065789473685 0.05756578947368421 0.05756578947368421
1 0.5419407894736842 0.46957236842105265 0.05756578947368421 0.05756578947368421
1 0.540296052631579 0.3988486842105263 0.05756578947368421 0.06085526315789474
1 0.6726973684210527 0.6060855263157895 0.046052631578947366 0.047697368421052634
1 0.671875 0.5353618421052632 0.047697368421052634 0.047697368421052634
1 0.6685855263157895 0.4654605263157895 0.047697368421052634 0.046052631578947366
1 0.6685855263157895 0.39555921052631576 0.047697368421052634 0.047697368421052634
1 0.7705592105263158 0.6036184210526315 0.03453947368421053 0.03618421052631579
1 0.7689144736842105 0.5328947368421053 0.03453947368421053 0.03289473684210526
1 0.7664473684210527 0.4621710526315789 0.03289473684210526 0.03289473684210526
1 0.7648026315789473 0.3930921052631579 0.03289473684210526 0.03618421052631579