0 0.040625 0.1515625 0.08125 0.1671875
0 0.36953125 0.73203125 0.0625 0.0421875
0 0.619921875 0.644921875 0.340625 0.08203125
0 0.709375 0.725390625 0.190625 0.05625
1 0.48507812499999997 0.3177578125 0.0418046875 0.039578125
1 0.46555468749999995 0.3719296875 0.042812499999999996 0.0410703125
1 0.5507890625 0.3412109375 0.034 0.028015625
1 0.5398046875 0.37003906249999996 0.030109375 0.0275078125
1 0.5352109375 0.399765625 0.031625 0.030640624999999998
1 0.55628125 0.311171875 0.030601562500000002 0.0263359375
1 0.604359375 0.32125 0.0206796875 0.017828125
1 0.59971875 0.3522734375 0.01996875 0.029953125000000004
1 0.590453125 0.38115625 0.0171171875 0.0249609375
1 0.5851015625 0.4118203125 0.02353125 0.017828125
1 0.63003125 0.4196640625 0.02353125 0.016398437499999998
1 0.635375 0.3900703125 0.01140625 0.014265625
1 0.641078125 0.3579765625 0.01140625 0.0128359375
1 0.6485703125 0.3283828125 0.013546875 0.017828125
1 0.40647656249999997 0.785984375 0.014656250000000001 0.023445312500000003
1 0.40559375 0.76459375 0.012898437500000002 0.0123046875
1 0.40559375 0.7478906249999999 0.012898437500000002 0.012898437500000002
1 0.4099921875 0.7311875 0.018171875 0.0123046875
1 0.3724765625 0.7842265625 0.0123046875 0.0199296875
1 0.37101562499999996 0.7640078124999999 0.014070312500000001 0.015828125000000002
1 0.344640625 0.765765625 0.010546875 0.0123046875
1 0.3463984375 0.7833515625 0.0199296875 0.015828125000000002