1 0.159912109375 0.57080078125 0.02587890625 0.0234375
1 0.152099609375 0.619140625 0.0244140625 0.0224609375
1 0.14453125 0.666748046875 0.02587890625 0.02587890625
1 0.135986328125 0.716552734375 0.02490234375 0.025390625
1 0.218505859375 0.626708984375 0.03125 0.03173828125
1 0.211181640625 0.67431640625 0.03369140625 0.03125
1 0.203369140625 0.72314453125 0.03369140625 0.03125
1 0.30712890625 0.64013671875 0.037109375 0.02880859375
1 0.299560546875 0.683837890625 0.0419921875 0.03857421875
1 0.292236328125 0.731201171875 0.0380859375 0.04052734375
1 0.415283203125 0.626220703125 0.04541015625 0.0458984375
1 0.404296875 0.711669921875 0.044921875 0.052734375
1 0.495849609375 0.635498046875 0.04443359375 0.05029296875
1 0.486083984375 0.720458984375 0.0458984375 0.04833984375