1 0.19775390625 0.67724609375 0.060546875 0.0625
1 0.30908203125 0.682373046875 0.05810546875 0.06298828125
1 0.4453125 0.640869140625 0.05078125 0.052734375
1 0.446533203125 0.703369140625 0.0537109375 0.052734375
1 0.443603515625 0.7666015625 0.05322265625 0.05078125
1 0.443115234375 0.830322265625 0.05419921875 0.05224609375
1 0.5556640625 0.64404296875 0.04345703125 0.04443359375
1 0.553955078125 0.707275390625 0.0458984375 0.044921875
1 0.558837890625 0.770263671875 0.04248046875 0.04345703125
1 0.560302734375 0.833740234375 0.04443359375 0.044921875
1 0.645751953125 0.64306640625 0.03173828125 0.0380859375
1 0.6455078125 0.7109375 0.03076171875 0.037109375
1 0.649169921875 0.775390625 0.03271484375 0.03125
1 0.646484375 0.840576171875 0.03271484375 0.0322265625