1 0.36101973684210525 0.6644736842105263 0.03782894736842105 0.03618421052631579
1 0.4152960526315789 0.6751644736842105 0.03782894736842105 0.03782894736842105
1 0.47039473684210525 0.6866776315789473 0.03618421052631579 0.03782894736842105
1 0.5238486842105263 0.6981907894736842 0.03782894736842105 0.03782894736842105
1 0.3774671052631579 0.5896381578947368 0.05098684210526316 0.05098684210526316
1 0.4317434210526316 0.600328947368421 0.05098684210526316 0.05263157894736842
1 0.48519736842105265 0.6110197368421053 0.049342105263157895 0.05098684210526316
1 0.5386513157894737 0.6225328947368421 0.05098684210526316 0.05098684210526316
1 0.3988486842105263 0.4917763157894737 0.06414473684210527 0.0625
1 0.45230263157894735 0.5032894736842105 0.0625 0.0625
1 0.5049342105263158 0.5131578947368421 0.0625 0.0625
1 0.5583881578947368 0.5238486842105263 0.06414473684210527 0.06414473684210527
1 0.45723684210526316 0.3807565789473684 0.0756578947368421 0.07730263157894737
1 0.5518092105263158 0.3996710526315789 0.07401315789473684 0.0756578947368421
1 0.4761513157894737 0.2878289473684211 0.07401315789473684 0.07236842105263158
1 0.5707236842105263 0.30756578947368424 0.07236842105263158 0.07236842105263158