1 0.22531645569620254 0.16138328530259366 0.11139240506329114 0.12680115273775217
1 0.31265822784810127 0.49135446685878964 0.04810126582278481 0.05475504322766571
1 0.46455696202531643 0.3703170028818444 0.043037974683544304 0.04899135446685879
1 0.4810126582278481 0.5778097982708934 0.04556962025316456 0.04899135446685879
1 0.26962025316455696 0.8386167146974063 0.11392405063291139 0.13256484149855907
1 0.760759493670886 0.4452449567723343 0.10886075949367088 0.1239193083573487
1 0.07721518987341772 0.5187319884726225 0.15443037974683543 0.1844380403458213
1 0.1468354430379747 0.7089337175792507 0.12151898734177215 0.138328530259366
1 0.5645569620253165 0.12247838616714697 0.17215189873417722 0.1988472622478386
1 0.7075949367088608 0.2507204610951009 0.1341772151898734 0.14985590778097982
1 0.6291139240506329 0.8011527377521613 0.17468354430379746 0.2017291066282421