1 0.48519736842105265 0.7023026315789473 0.023026315789473683 0.023026315789473683
1 0.6019736842105263 0.6661184210526315 0.019736842105263157 0.019736842105263157
1 0.725328947368421 0.5756578947368421 0.02631578947368421 0.02631578947368421
1 0.8577302631578947 0.4745065789473684 0.024671052631578948 0.024671052631578948
1 0.2574013157894737 0.8577302631578947 0.024671052631578948 0.024671052631578948
1 0.30756578947368424 0.3939144736842105 0.01644736842105263 0.018092105263157895
1 0.19983552631578946 0.4745065789473684 0.018092105263157895 0.018092105263157895
1 0.4136513157894737 0.3100328947368421 0.02138157894736842 0.02138157894736842
1 0.5197368421052632 0.22697368421052633 0.01644736842105263 0.01644736842105263
1 0.5337171052631579 0.1356907894736842 0.027960526315789474 0.027960526315789474
1 0.6208881578947368 0.14638157894736842 0.02138157894736842 0.023026315789473683