1 0.3256578947368421 0.3404605263157895 0.07236842105263158 0.07236842105263158
1 0.3824013157894737 0.5287828947368421 0.03125 0.03125
1 0.4810855263157895 0.4597039473684211 0.027960526315789474 0.027960526315789474
1 0.4917763157894737 0.578125 0.029605263157894735 0.027960526315789474
1 0.35444078947368424 0.7269736842105263 0.07401315789473684 0.0756578947368421
1 0.6735197368421053 0.5024671052631579 0.07072368421052631 0.07072368421052631
1 0.22697368421052633 0.5444078947368421 0.10526315789473684 0.10526315789473684
1 0.2746710526315789 0.6529605263157895 0.07894736842105263 0.07894736842105263
1 0.5460526315789473 0.3182565789473684 0.1118421052631579 0.11348684210526316
1 0.6389802631578947 0.39144736842105265 0.08717105263157894 0.08552631578947369
1 0.5879934210526315 0.7055921052631579 0.11348684210526316 0.11513157894736842