1 0.43256578947368424 0.6595394736842105 0.0756578947368421 0.0756578947368421
1 0.5279605263157895 0.665296052631579 0.0756578947368421 0.07730263157894737
1 0.43667763157894735 0.5649671052631579 0.07401315789473684 0.07401315789473684
1 0.5304276315789473 0.5682565789473685 0.07401315789473684 0.07401315789473684
1 0.4136513157894737 0.44819078947368424 0.06085526315789474 0.06085526315789474
1 0.4662828947368421 0.4498355263157895 0.06085526315789474 0.06085526315789474
1 0.5172697368421053 0.45148026315789475 0.06085526315789474 0.06085526315789474
1 0.5682565789473685 0.45230263157894735 0.06085526315789474 0.0625
1 0.4185855263157895 0.35526315789473684 0.047697368421052634 0.046052631578947366
1 0.46957236842105265 0.3569078947368421 0.047697368421052634 0.049342105263157895
1 0.5197368421052632 0.35855263157894735 0.049342105263157895 0.049342105263157895
1 0.5723684210526315 0.35855263157894735 0.049342105263157895 0.049342105263157895
1 0.421875 0.2878289473684211 0.03453947368421053 0.03289473684210526
1 0.47286184210526316 0.2886513157894737 0.03453947368421053 0.03453947368421053
1 0.5230263157894737 0.2894736842105263 0.03618421052631579 0.03618421052631579
1 0.5748355263157895 0.2894736842105263 0.03453947368421053 0.03618421052631579