1 0.13670886075949368 0.28674351585014407 0.06582278481012659 0.07204610951008646
1 0.20379746835443038 0.21181556195965417 0.06329113924050633 0.07204610951008646
1 0.2721518987341772 0.13688760806916425 0.06329113924050633 0.07204610951008646
1 0.3392405063291139 0.06051873198847262 0.06582278481012659 0.07492795389048991
1 0.22658227848101264 0.3904899135446686 0.08860759493670886 0.10086455331412104
1 0.29240506329113924 0.3170028818443804 0.09367088607594937 0.1037463976945245
1 0.36075949367088606 0.24063400576368876 0.08860759493670886 0.10086455331412104
1 0.4291139240506329 0.16714697406340057 0.09367088607594937 0.1037463976945245
1 0.34430379746835443 0.531700288184438 0.11139240506329114 0.1239193083573487
1 0.41265822784810124 0.45677233429394815 0.11139240506329114 0.1239193083573487
1 0.47848101265822784 0.38328530259365995 0.11139240506329114 0.12680115273775217
1 0.5481012658227848 0.30835734870317005 0.11392405063291139 0.12680115273775217
1 0.5303797468354431 0.6657060518731989 0.1341772151898734 0.14985590778097982
1 0.6531645569620254 0.5302593659942363 0.13670886075949368 0.15561959654178675
1 0.6481012658227848 0.80835734870317 0.13164556962025317 0.15273775216138327
1 0.7746835443037975 0.6729106628242075 0.13670886075949368 0.15273775216138327