1 0.23924050632911392 0.5129682997118156 0.10886075949367088 0.12103746397694524
1 0.22531645569620254 0.3573487031700288 0.10632911392405063 0.12103746397694524
1 0.3620253164556962 0.33861671469740634 0.11139240506329114 0.1239193083573487
1 0.379746835443038 0.49279538904899134 0.11139240506329114 0.12680115273775217
1 0.5303797468354431 0.26512968299711814 0.08860759493670886 0.1037463976945245
1 0.5392405063291139 0.3515850144092219 0.09113924050632911 0.1037463976945245
1 0.549367088607595 0.43804034582132567 0.09113924050632911 0.1037463976945245
1 0.5607594936708861 0.5273775216138329 0.09367088607594937 0.1037463976945245
1 0.6708860759493671 0.24495677233429394 0.07088607594936709 0.08069164265129683
1 0.6797468354430379 0.329971181556196 0.06835443037974684 0.07780979827089338
1 0.6911392405063291 0.41786743515850144 0.07088607594936709 0.08069164265129683
1 0.7025316455696202 0.5072046109510087 0.07341772151898734 0.08645533141210375
1 0.7772151898734178 0.2276657060518732 0.05063291139240506 0.05763688760806916
1 0.7873417721518987 0.3170028818443804 0.05063291139240506 0.05763688760806916
1 0.8012658227848102 0.4020172910662824 0.053164556962025315 0.06051873198847262
1 0.8113924050632911 0.49279538904899134 0.053164556962025315 0.06340057636887608