1 0.43037974683544306 0.5288184438040345 0.04050632911392405 0.04899135446685879
1 0.5215189873417722 0.45821325648414984 0.04050632911392405 0.04610951008645533
1 0.5645569620253165 0.6786743515850144 0.04050632911392405 0.043227665706051875
1 0.015189873417721518 0.8170028818443804 0.030379746835443037 0.037463976945244955
1 0.06582278481012659 0.8198847262247838 0.030379746835443037 0.03170028818443804
1 0.2569620253164557 0.8213256484149856 0.02278481012658228 0.02881844380403458
1 0.28354430379746837 0.14121037463976946 0.02531645569620253 0.02881844380403458
1 0.47848101265822784 0.018731988472622477 0.035443037974683546 0.037463976945244955
1 0.8088607594936709 0.06772334293948126 0.027848101265822784 0.03170028818443804
1 0.8278481012658228 0.20317002881844382 0.04050632911392405 0.043227665706051875
1 0.6987341772151898 0.2881844380403458 0.02531645569620253 0.02881844380403458
1 0.6873417721518987 0.430835734870317 0.02278481012658228 0.025936599423631124
1 0.7531645569620253 0.38760806916426516 0.027848101265822784 0.03170028818443804
1 0.7569620253164557 0.26512968299711814 0.02531645569620253 0.02881844380403458
1 0.41265822784810124 0.8631123919308358 0.035443037974683546 0.037463976945244955
1 0.5784810126582278 0.7204610951008645 0.027848101265822784 0.02881844380403458
1 0.45569620253164556 0.4596541786743516 0.02531645569620253 0.03170028818443804