1 0.32648026315789475 0.40625 0.07730263157894737 0.0756578947368421
1 0.39555921052631576 0.3338815789473684 0.07401315789473684 0.0756578947368421
1 0.3972039473684211 0.4745065789473684 0.07730263157894737 0.07730263157894737
1 0.46710526315789475 0.40213815789473684 0.07894736842105263 0.07730263157894737
1 0.46463815789473684 0.587171052631579 0.06743421052631579 0.06578947368421052
1 0.5032894736842105 0.5460526315789473 0.06578947368421052 0.06578947368421052
1 0.5394736842105263 0.506578947368421 0.06578947368421052 0.06578947368421052
1 0.5797697368421053 0.4654605263157895 0.06743421052631579 0.06907894736842106
1 0.5370065789473685 0.6587171052631579 0.054276315789473686 0.054276315789473686
1 0.5773026315789473 0.618421052631579 0.05592105263157895 0.05592105263157895
1 0.615953947368421 0.5764802631578947 0.054276315789473686 0.054276315789473686
1 0.6546052631578947 0.5370065789473685 0.05263157894736842 0.054276315789473686
1 0.59375 0.7138157894736842 0.039473684210526314 0.039473684210526314
1 0.634046052631579 0.6726973684210527 0.03782894736842105 0.039473684210526314
1 0.671875 0.6307565789473685 0.03782894736842105 0.03782894736842105
1 0.7105263157894737 0.5896381578947368 0.039473684210526314 0.03782894736842105