1 0.43891402714932126 0.3608597285067873 0.10633484162895927 0.10633484162895927
1 0.4287330316742081 0.4920814479638009 0.1085972850678733 0.10633484162895927
1 0.5690045248868778 0.36877828054298645 0.10407239819004525 0.10407239819004525
1 0.5622171945701357 0.497737556561086 0.10407239819004525 0.10407239819004525
1 0.7296380090497737 0.3404977375565611 0.08597285067873303 0.08597285067873303
1 0.7262443438914027 0.4117647058823529 0.08597285067873303 0.08597285067873303
1 0.7228506787330317 0.4819004524886878 0.08597285067873303 0.08597285067873303
1 0.7205882352941176 0.5520361990950227 0.08823529411764706 0.08597285067873303
1 0.8574660633484162 0.3495475113122172 0.06561085972850679 0.06561085972850679
1 0.8540723981900452 0.41855203619909503 0.07013574660633484 0.06787330316742081
1 0.8506787330316742 0.48755656108597284 0.07013574660633484 0.07013574660633484
1 0.8495475113122172 0.5599547511312217 0.07013574660633484 0.07013574660633484
1 0.9502262443438914 0.3552036199095023 0.04524886877828054 0.04751131221719457
1 0.9479638009049773 0.4253393665158371 0.04751131221719457 0.04751131221719457
1 0.9457013574660633 0.49434389140271495 0.049773755656108594 0.049773755656108594
1 0.9445701357466063 0.5656108597285068 0.049773755656108594 0.04751131221719457