1 0.5887096774193549 0.6673387096774194 0.10483870967741936 0.1028225806451613
1 0.4949596774193548 0.7469758064516129 0.10080645161290322 0.10080645161290322
1 0.5110887096774194 0.5756048387096774 0.10483870967741936 0.10483870967741936
1 0.4173387096774194 0.6542338709677419 0.10685483870967742 0.10483870967741936
1 0.4435483870967742 0.42943548387096775 0.0907258064516129 0.08870967741935484
1 0.3911290322580645 0.4747983870967742 0.08870967741935484 0.08870967741935484
1 0.34173387096774194 0.5181451612903226 0.08870967741935484 0.08870967741935484
1 0.2872983870967742 0.5625 0.0907258064516129 0.09274193548387097
1 0.3649193548387097 0.3326612903225806 0.07258064516129033 0.07258064516129033
1 0.31048387096774194 0.37701612903225806 0.07459677419354839 0.07459677419354839
1 0.25806451612903225 0.4223790322580645 0.07258064516129033 0.07258064516129033
1 0.2056451612903226 0.4657258064516129 0.07056451612903226 0.07258064516129033
1 0.3024193548387097 0.25806451612903225 0.05241935483870968 0.05241935483870968
1 0.24798387096774194 0.3034274193548387 0.05040322580645161 0.05241935483870968
1 0.19657258064516128 0.3497983870967742 0.05040322580645161 0.05040322580645161
1 0.14415322580645162 0.3951612903225806 0.05241935483870968 0.05040322580645161