1 0.2993421052631579 0.36101973684210525 0.08223684210526316 0.0805921052631579
1 0.37006578947368424 0.2886513157894737 0.08552631578947369 0.08388157894736842
1 0.3725328947368421 0.4309210526315789 0.08388157894736842 0.08552631578947369
1 0.44243421052631576 0.35773026315789475 0.08552631578947369 0.08388157894736842
1 0.43667763157894735 0.5452302631578947 0.06743421052631579 0.06743421052631579
1 0.4753289473684211 0.5049342105263158 0.06578947368421052 0.06578947368421052
1 0.515625 0.46463815789473684 0.06743421052631579 0.06743421052631579
1 0.5550986842105263 0.42351973684210525 0.06743421052631579 0.06743421052631579
1 0.5098684210526315 0.618421052631579 0.05592105263157895 0.05592105263157895
1 0.5493421052631579 0.5756578947368421 0.05592105263157895 0.05592105263157895
1 0.5896381578947368 0.5353618421052632 0.05756578947368421 0.05756578947368421
1 0.6299342105263158 0.49506578947368424 0.05592105263157895 0.05592105263157895
1 0.5682565789473685 0.6735197368421053 0.04111842105263158 0.04111842105263158
1 0.6069078947368421 0.6324013157894737 0.046052631578947366 0.044407894736842105
1 0.647203947368421 0.5912828947368421 0.04111842105263158 0.04111842105263158
1 0.6875 0.5493421052631579 0.04276315789473684 0.04276315789473684