1 0.2738486842105263 0.5666118421052632 0.03453947368421053 0.03453947368421053
1 0.31167763157894735 0.602796052631579 0.03453947368421053 0.03453947368421053
1 0.3495065789473684 0.6389802631578947 0.03453947368421053 0.03453947368421053
1 0.3873355263157895 0.6751644736842105 0.03453947368421053 0.03453947368421053
1 0.32401315789473684 0.515625 0.049342105263157895 0.047697368421052634
1 0.3618421052631579 0.5518092105263158 0.049342105263157895 0.047697368421052634
1 0.3988486842105263 0.5863486842105263 0.047697368421052634 0.047697368421052634
1 0.43667763157894735 0.6217105263157895 0.047697368421052634 0.046052631578947366
1 0.38898026315789475 0.44901315789473684 0.06085526315789474 0.05921052631578947
1 0.4251644736842105 0.484375 0.06085526315789474 0.06085526315789474
1 0.4629934210526316 0.5180921052631579 0.06085526315789474 0.05921052631578947
1 0.5008223684210527 0.553453947368421 0.06085526315789474 0.06085526315789474
1 0.4909539473684211 0.3881578947368421 0.07072368421052631 0.06907894736842106
1 0.5567434210526315 0.4498355263157895 0.07072368421052631 0.07072368421052631
1 0.5526315789473685 0.3223684210526316 0.06907894736842106 0.06907894736842106
1 0.6200657894736842 0.3832236842105263 0.06907894736842106 0.06907894736842106