0 0.14453125 0.2921875 0.08125 0.134375
0 0.840625 0.40234375 0.05625 0.09140625
0 0.846875 0.541796875 0.06875 0.17578125
0 0.43203125 0.90078125 0.0484375 0.0578125
0 0.8609375 0.809375 0.1046875 0.0859375
0 0.859375 0.95 0.2453125 0.1
1 0.1368828125 0.3300859375 0.07834375 0.06890625
1 0.8298046875 0.7864140625 0.0413671875 0.043234375000000005
1 0.8141093749999999 0.869953125 0.037515625000000004 0.0427890625
1 0.8073828125 0.7369765625 0.0218203125 0.021617187500000003
1 0.42990625 0.8348984375 0.022171875 0.0202109375
1 0.39637500000000003 0.8407109374999999 0.0208203125 0.0209140625
1 0.3944921875 0.8078203125 0.020874999999999998 0.020796875
1 0.9021484375 0.7487578125 0.023140625 0.02446875
1 0.42778906250000004 0.8055937500000001 0.020749999999999998 0.020617187500000002
1 0.8674531249999999 0.74565625 0.0211640625 0.0231640625
1 0.867125 0.8780468750000001 0.0420546875 0.0446484375
1 0.9078359375 0.702296875 0.017335937500000002 0.01859375
1 0.8397421875 0.7406796875 0.0208203125 0.0227734375
1 0.8453984374999999 0.695234375 0.0187109375 0.018195312499999998
1 0.8700390625000001 0.805765625 0.0381953125 0.0365703125
1 0.7996953125 0.7940703124999999 0.0196953125 0.02515625
1 0.387734375 0.8782109374999999 0.017499999999999998 0.01825
1 0.8122578125000001 0.6931875 0.017468749999999998 0.016859375
1 0.40900781249999996 0.8778359375000001 0.0178515625 0.01784375
1 0.38996875000000003 0.9123359375 0.015187500000000001 0.01540625
1 0.8747578125000001 0.6974218750000001 0.017484375 0.016984375
1 0.3914140625 0.9358203125 0.013726562500000001 0.013726562500000001
1 0.4288125 0.88575 0.0241953125 0.0249921875
1 0.40897656250000003 0.91225 0.015078125000000001 0.0146796875
1 0.4101640625 0.9352812500000001 0.013000000000000001 0.012773437500000002
1 0.4264375 0.937734375 0.01140625 0.0128359375
1 0.8250624999999999 0.32375 0.0171171875 0.01996875
1 0.8357578125 0.3283828125 0.0085546875 0.017828125
1 0.85215625 0.33195312499999996 0.0085546875 0.022109375
1 0.8678515625 0.3405078125 0.01140625 0.014976562500000002
1 0.8657109374999999 0.37687499999999996 0.0128359375 0.022109375
1 0.81721875 0.4178828125 0.0156875 0.025671875
1 0.8268437499999999 0.42251562500000006 0.012125 0.026382812500000002
1 0.8461015625 0.434640625 0.013546875 0.017828125