0 0.39375 0.55 0.1953125 0.1359375
0 0.4109375 0.67578125 0.10625 0.07890625
0 0.55859375 0.823046875 0.0578125 0.14453125
1 0.5873046875 0.340828125 0.038125 0.0365859375
1 0.5811796874999999 0.3916875 0.0368125 0.0350390625
1 0.6534375 0.35026562499999997 0.028968749999999998 0.025500000000000002
1 0.5416953125 0.33981249999999996 0.02409375 0.03628125
1 0.653921875 0.320953125 0.026218750000000002 0.02290625
1 0.5377734375000001 0.3895 0.0198828125 0.0349296875
1 0.6504140625 0.377828125 0.026203125 0.024281249999999997
1 0.707421875 0.3508515625 0.020148437499999998 0.019703125
1 0.7045 0.37840625 0.020046875 0.020703125
1 0.707234375 0.31935156249999996 0.020109375 0.0190625
1 0.67721875 0.532734375 0.0358203125 0.0520625
1 0.644359375 0.4026015625 0.029328125 0.012796875
1 0.7474140625000001 0.37784375 0.017570312499999997 0.017585937500000003
1 0.74746875 0.3513671875 0.014984375 0.0150234375
1 0.624203125 0.781640625 0.023453125 0.0241328125
1 0.6759296875 0.6106874999999999 0.0295078125 0.0311875
1 0.7476328125 0.3205078125 0.014195312500000001 0.014374999999999999
1 0.73940625 0.8493203125000001 0.0382734375 0.0569921875
1 0.7184765625 0.8044921875 0.0305078125 0.03853125