0 0.054296875 0.20234375 0.10859375 0.140625
0 0.670703125 0.22421875 0.03359375 0.06796875
0 0.26484375 0.63671875 0.1328125 0.1078125
0 0.73046875 0.684375 0.075 0.0734375
1 0.8793749999999999 0.7816562499999999 0.026265624999999997 0.027976562500000003
1 0.8434453124999999 0.7698125 0.0263125 0.027421875000000002
1 0.8899531250000001 0.74021875 0.0279296875 0.029867187499999996
1 0.8504375 0.7325703125 0.02521875 0.026500000000000003
1 0.795515625 0.7754296875 0.0198203125 0.0189453125
1 0.80059375 0.731765625 0.0201875 0.019390625
1 0.8038125 0.70815625 0.0233125 0.021984375
1 0.7176328125 0.2411328125 0.0163125 0.016296875
1 0.79784375 0.7508984375 0.021203125 0.020328125
1 0.7303828125 0.7566328125 0.015062500000000001 0.0148984375
1 0.7690390625 0.703546875 0.02084375 0.0233984375
1 0.7563046875 0.76296875 0.017585937500000003 0.016984375
1 0.741 0.20866406249999997 0.0165546875 0.016484375000000002
1 0.758578125 0.742625 0.01803125 0.0179609375
1 0.6966249999999999 0.226625 0.0141171875 0.013843749999999998
1 0.738796875 0.2464765625 0.018453125 0.0189609375
1 0.7198828125000001 0.20382812499999997 0.0168671875 0.0168125
1 0.731828125 0.737296875 0.0155078125 0.014835937499999998
1 0.6972421875 0.2077890625 0.014249999999999999 0.014945312499999999
1 0.6950624999999999 0.2489609375 0.0150234375 0.014859375
1 0.7554765625 0.7162499999999999 0.020999999999999998 0.025289062499999997
1 0.6973046875 0.188078125 0.0181640625 0.017234375
1 0.6796171875 0.20412499999999997 0.0157265625 0.015671875
1 0.7254453125 0.6956796875 0.02378125 0.0238359375
1 0.6803671875 0.1851015625 0.017421875 0.017937500000000002