0 0.0578125 0.26484375 0.115625 0.1625
0 0.63203125 0.201171875 0.02890625 0.0921875
0 0.0546875 0.8390625 0.0890625 0.096875
1 0.653171875 0.33166406249999997 0.0209296875 0.021921875
1 0.6325234375 0.334625 0.0195859375 0.021890625
1 0.6515546875 0.29031250000000003 0.0214140625 0.02253125
1 0.6310546875 0.2934296875 0.0198359375 0.022953124999999998
1 0.0236875 0.9184453124999999 0.012882812499999998 0.012890625
1 0.027523437499999998 0.878140625 0.0160078125 0.015484375
1 0.047031250000000004 0.924203125 0.0134140625 0.012953125
1 0.0751171875 0.9243671875 0.0148984375 0.013820312500000001
1 0.6555078125 0.23278906250000003 0.01096875 0.022625
1 0.6541328125 0.1847890625 0.006859374999999999 0.0253671875
1 0.639734375 0.183078125 0.0082265625 0.017828125
1 0.652765625 0.1491328125 0.009601562499999999 0.018515625
1 0.641453125 0.14844531249999998 0.01165625 0.0143984375
1 0.6294531250000001 0.1498203125 0.0082265625 0.0143984375