0 0.5890625 0.403125 0.065625 0.078125
0 0.30625 0.60390625 0.0984375 0.1390625
0 0.14453125 0.54765625 0.0703125 0.06484375
0 0.710546875 0.553515625 0.09375 0.12109375
1 0.547453125 0.379140625 0.02603125 0.027765625
1 0.5413828125 0.3470390625 0.0295 0.027765625
1 0.576953125 0.342703125 0.0208203125 0.0295
1 0.52209375 0.30234375 0.0213359375 0.0207265625
1 0.5409921875 0.298078125 0.0152421875 0.0170703125
1 0.5607968750000001 0.293203125 0.0195078125 0.0231640625
1 0.5809140625 0.290765625 0.0134140625 0.0170703125
1 0.575125 0.25540625 0.0140234375 0.0170703125
1 0.55409375 0.258453125 0.0158515625 0.0158515625
1 0.5364140625 0.2630234375 0.0158515625 0.0140234375
1 0.5178281250000001 0.26790625 0.0201171875 0.0176796875
1 0.5098984375 0.23742187499999998 0.0140234375 0.0152421875
1 0.5321484375 0.2352890625 0.00853125 0.0134140625
1 0.5531796875 0.23041406250000002 0.0164609375 0.01096875
1 0.5699453125 0.2267578125 0.0121875 0.0073124999999999996