0 0.2386640625 0.9184296875 0.1668046875 0.1631328125
0 0.2967265625 0.2869296875 0.082921875 0.16290625
0 0.7711171875 0.716296875 0.061312500000000006 0.098421875
0 0.98153125 0.5200625 0.034398437500000004 0.018328125
1 0.8666328125 0.6798203125 0.013390625 0.0129609375
1 0.862921875 0.70803125 0.014140625 0.016593749999999997
1 0.8533046875 0.7461640625 0.016703125 0.0159375
1 0.8330703125 0.7410625 0.0160078125 0.0161328125
1 0.813703125 0.7360156250000001 0.0186015625 0.02121875
1 0.8411953125 0.7038203125 0.0114453125 0.014453125
1 0.8200156249999999 0.700609375 0.0137578125 0.0147578125
1 0.847046875 0.6764765625 0.0130859375 0.011875
1 0.8257031250000001 0.6738984375 0.013507812499999999 0.0114609375
1 0.808078125 0.668984375 0.00984375 0.0096328125
1 0.8319218749999999 0.7876562500000001 0.02165625 0.0230625
1 0.826609375 0.8236640625 0.018375 0.02165625
1 0.97578125 0.436640625 0.0206484375 0.0266484375
1 0.9810078125 0.3992265625 0.0186484375 0.0205625
1 0.9759375 0.3502265625 0.0143046875 0.0159375
1 0.9950234375000001 0.35460156249999997 0.009953125 0.018046875
1 0.9820078125 0.314203125 0.011828125 0.014320312499999998
1 0.9871718749999999 0.28609375 0.007539062500000001 0.0125859375