1 0.5825 0.33166666666666667 0.05 0.045
1 0.7058333333333333 0.365 0.04833333333333333 0.03833333333333333
1 0.8408333333333333 0.4033333333333333 0.04666666666666667 0.043333333333333335
1 0.7591666666666667 0.4891666666666667 0.04833333333333333 0.05
1 0.6216666666666667 0.4483333333333333 0.05 0.045
1 0.49166666666666664 0.4091666666666667 0.056666666666666664 0.04666666666666667
1 0.3975 0.4925 0.04833333333333333 0.043333333333333335
1 0.5266666666666666 0.5375 0.05 0.04
1 0.6625 0.5833333333333334 0.056666666666666664 0.05
1 0.5633333333333334 0.6875 0.06 0.043333333333333335
1 0.4241666666666667 0.6375 0.04666666666666667 0.045
1 0.2891666666666667 0.5833333333333334 0.051666666666666666 0.041666666666666664
1 0.4525 0.8 0.06333333333333334 0.05333333333333334
1 0.31166666666666665 0.7416666666666667 0.06333333333333334 0.04833333333333333
1 0.17666666666666667 0.6858333333333333 0.065 0.051666666666666666