0 0.59453125 0.06640625 0.0921875 0.084375
0 0.966015625 0.720703125 0.06796875 0.1703125
0 0.855078125 0.75 0.12109375 0.0921875
1 0.5449453125 0.10502343750000001 0.02325 0.023625
1 0.54228125 0.1482421875 0.020296875 0.0185390625
1 0.605484375 0.1573671875 0.0192421875 0.0182890625
1 0.5782265625 0.153109375 0.020984375 0.0182734375
1 0.649921875 0.0577890625 0.028828125 0.028929687500000002
1 0.6088359375 0.11451562500000001 0.02253125 0.019648437499999998
1 0.5818749999999999 0.1131484375 0.022101562499999998 0.0207265625
1 0.639765625 0.1622421875 0.01759375 0.015984375000000002
1 0.640625 0.11875 0.028125 0.028125