0 0.29296875 0.38515625 0.090625 0.0859375
0 0.8796875 0.139453125 0.03828125 0.09375
0 0.41875 0.77109375 0.0796875 0.125
0 0.29453125 0.977734375 0.0453125 0.04453125
0 0.76328125 0.7515625 0.1375 0.15
1 0.9281953125 0.724609375 0.023304687499999997 0.022875
1 0.89175 0.7329140625 0.0232578125 0.0233984375
1 0.8979062499999999 0.766078125 0.026250000000000002 0.025492187500000003
1 0.93371875 0.7613984375 0.0249765625 0.0245390625
1 0.8504140625 0.7647578125 0.0184921875 0.017499999999999998
1 0.8470546875 0.7458671875 0.017328125 0.018320312499999998
1 0.8466796875 0.7236171875 0.0177265625 0.017671875
1 0.853125 0.7871328125 0.0197890625 0.016625
1 0.8129921875000001 0.7687890625 0.0157890625 0.015328125000000001
1 0.7880234374999999 0.7943359375 0.0151640625 0.01521875
1 0.8139531249999999 0.7913203125 0.018171875 0.0168828125
1 0.7642187500000001 0.7994921875000001 0.014210937500000001 0.0143046875