0 0.4828125 0.766015625 0.059375 0.078125
1 0.37153125 0.71203125 0.025671875 0.0349453125
1 0.3736640625 0.7530390625 0.022820312500000002 0.0285234375
1 0.40610937500000005 0.74840625 0.02353125 0.0249609375
1 0.40112500000000006 0.70490625 0.02353125 0.0278125
1 0.43713281249999997 0.686359375 0.0242421875 0.0249609375
1 0.43713281249999997 0.7116796875 0.0185390625 0.0171171875
1 0.43820312499999997 0.73378125 0.016398437499999998 0.0128359375
1 0.43677343750000003 0.7601718749999999 0.017828125 0.0185390625
1 0.467796875 0.681015625 0.0128359375 0.021390625
1 0.4670859375 0.70846875 0.0128359375 0.014976562500000002
1 0.46815625 0.730578125 0.009273437499999999 0.012125
1 0.48990625000000004 0.7056171875 0.009984375 0.014976562500000002
1 0.49096875000000006 0.6778046875 0.013546875 0.012125