1 0.16203703703703703 0.5119791666666667 0.08148148148148149 0.046875
1 0.1574074074074074 0.5864583333333333 0.07407407407407407 0.04375
1 0.2916666666666667 0.5052083333333334 0.07777777777777778 0.04375
1 0.29444444444444445 0.58125 0.08148148148148149 0.04583333333333333
1 0.4583333333333333 0.4739583333333333 0.06666666666666667 0.036458333333333336
1 0.45925925925925926 0.5140625 0.06666666666666667 0.03229166666666667
1 0.4601851851851852 0.5567708333333333 0.06481481481481481 0.03333333333333333
1 0.46296296296296297 0.5984375 0.06851851851851852 0.03333333333333333
1 0.5888888888888889 0.46979166666666666 0.05555555555555555 0.028125
1 0.5953703703703703 0.5098958333333333 0.053703703703703705 0.028125
1 0.6 0.5515625 0.05740740740740741 0.028125
1 0.6037037037037037 0.5979166666666667 0.05185185185185185 0.028125
1 0.6898148148148148 0.47239583333333335 0.04259259259259259 0.023958333333333335
1 0.6935185185185185 0.5140625 0.040740740740740744 0.022916666666666665
1 0.700925925925926 0.5552083333333333 0.037037037037037035 0.022916666666666665
1 0.7083333333333334 0.5942708333333333 0.03518518518518519 0.022916666666666665