1 0.1638888888888889 0.45208333333333334 0.08148148148148149 0.046875
1 0.16018518518518518 0.5380208333333333 0.08148148148148149 0.04791666666666667
1 0.31666666666666665 0.4510416666666667 0.08888888888888889 0.04895833333333333
1 0.3138888888888889 0.5354166666666667 0.08518518518518518 0.04791666666666667
1 0.5046296296296297 0.4166666666666667 0.07407407407407407 0.0375
1 0.5092592592592593 0.465625 0.07592592592592592 0.0375
1 0.5055555555555555 0.5098958333333333 0.07407407407407407 0.03854166666666667
1 0.5074074074074074 0.5588541666666667 0.07222222222222222 0.04375
1 0.6574074074074074 0.4140625 0.06481481481481481 0.034375
1 0.6638888888888889 0.4609375 0.05555555555555555 0.03125
1 0.6657407407407407 0.5088541666666667 0.05925925925925926 0.030208333333333334
1 0.6666666666666666 0.5578125 0.05740740740740741 0.03125
1 0.7805555555555556 0.4109375 0.04259259259259259 0.023958333333333335
1 0.7833333333333333 0.4588541666666667 0.040740740740740744 0.022916666666666665
1 0.7870370370370371 0.5067708333333333 0.040740740740740744 0.025
1 0.7935185185185185 0.5578125 0.046296296296296294 0.026041666666666668