1 0.14245014245014245 0.3968978102189781 0.11965811965811966 0.07664233576642336
1 0.1467236467236467 0.5337591240875912 0.12535612535612536 0.08029197080291971
1 0.40883190883190884 0.34215328467153283 0.10256410256410256 0.06386861313868614
1 0.41452991452991456 0.4142335766423358 0.10256410256410256 0.05656934306569343
1 0.41737891737891736 0.49452554744525545 0.09971509971509972 0.058394160583941604
1 0.4230769230769231 0.5720802919708029 0.10541310541310542 0.058394160583941604
1 0.6324786324786325 0.333029197080292 0.08547008547008547 0.04927007299270073
1 0.6367521367521367 0.4096715328467153 0.08262108262108261 0.04927007299270073
1 0.6381766381766382 0.4863138686131387 0.08831908831908832 0.04927007299270073
1 0.6481481481481481 0.5693430656934306 0.07977207977207977 0.04927007299270073
1 0.7934472934472935 0.3293795620437956 0.06552706552706553 0.041970802919708027
1 0.7962962962962963 0.4041970802919708 0.06267806267806268 0.040145985401459854
1 0.8062678062678063 0.4854014598540146 0.05698005698005698 0.040145985401459854
1 0.8219373219373219 0.5647810218978102 0.05413105413105413 0.040145985401459854