1 0.11574074074074074 0.46822916666666664 0.08148148148148149 0.046875
1 0.11296296296296296 0.5489583333333333 0.07407407407407407 0.04375
1 0.26296296296296295 0.46458333333333335 0.07777777777777778 0.04375
1 0.26666666666666666 0.5442708333333334 0.08148148148148149 0.04583333333333333
1 0.44166666666666665 0.42864583333333334 0.06666666666666667 0.036458333333333336
1 0.4425925925925926 0.47604166666666664 0.06666666666666667 0.03229166666666667
1 0.4444444444444444 0.5203125 0.06481481481481481 0.03333333333333333
1 0.44537037037037036 0.565625 0.06851851851851852 0.03333333333333333
1 0.5861111111111111 0.42604166666666665 0.05555555555555555 0.028125
1 0.5879629629629629 0.46979166666666666 0.053703703703703705 0.028125
1 0.5935185185185186 0.515625 0.05925925925925926 0.030208333333333334
1 0.5990740740740741 0.5614583333333333 0.05740740740740741 0.03125
1 0.6953703703703704 0.42239583333333336 0.04259259259259259 0.023958333333333335
1 0.7 0.4671875 0.040740740740740744 0.022916666666666665
1 0.7046296296296296 0.5125 0.037037037037037035 0.022916666666666665
1 0.712037037037037 0.5598958333333334 0.03518518518518519 0.022916666666666665