1 0.017094017094017096 0.4607664233576642 0.03418803418803419 0.08211678832116788
1 0.011396011396011397 0.5912408759124088 0.022792022792022793 0.07664233576642336
1 0.17236467236467237 0.4489051094890511 0.11965811965811966 0.07664233576642336
1 0.17663817663817663 0.5821167883211679 0.12535612535612536 0.08029197080291971
1 0.4287749287749288 0.39416058394160586 0.10256410256410256 0.06386861313868614
1 0.4301994301994302 0.46441605839416056 0.10256410256410256 0.05656934306569343
1 0.43162393162393164 0.5392335766423357 0.09971509971509972 0.058394160583941604
1 0.4358974358974359 0.6122262773722628 0.10541310541310542 0.058394160583941604
1 0.6296296296296297 0.38686131386861317 0.08547008547008547 0.04927007299270073
1 0.6396011396011396 0.45711678832116787 0.08262108262108261 0.04927007299270073
1 0.6467236467236467 0.5301094890510949 0.08831908831908832 0.04927007299270073
1 0.6524216524216524 0.6113138686131386 0.07977207977207977 0.04927007299270073
1 0.7849002849002849 0.3914233576642336 0.06552706552706553 0.041970802919708027
1 0.7905982905982906 0.46441605839416056 0.06267806267806268 0.040145985401459854
1 0.801994301994302 0.5364963503649635 0.05698005698005698 0.040145985401459854
1 0.8133903133903134 0.6049270072992701 0.05413105413105413 0.040145985401459854