1 0.04843304843304843 0.4863138686131387 0.09686609686609686 0.08211678832116788
1 0.04415954415954416 0.6094890510948905 0.08831908831908832 0.07664233576642336
1 0.22507122507122507 0.48083941605839414 0.11965811965811966 0.07664233576642336
1 0.2207977207977208 0.6049270072992701 0.12535612535612536 0.08029197080291971
1 0.46296296296296297 0.4306569343065693 0.10256410256410256 0.06386861313868614
1 0.46438746438746437 0.49635036496350365 0.10256410256410256 0.05656934306569343
1 0.4700854700854701 0.5647810218978102 0.09971509971509972 0.058394160583941604
1 0.4686609686609687 0.635036496350365 0.10541310541310542 0.058394160583941604
1 0.6495726495726496 0.4251824817518248 0.08547008547008547 0.04927007299270073
1 0.6566951566951567 0.48905109489051096 0.08262108262108261 0.04927007299270073
1 0.6666666666666666 0.5583941605839416 0.08831908831908832 0.04927007299270073
1 0.6695156695156695 0.6304744525547445 0.07977207977207977 0.04927007299270073
1 0.7948717948717948 0.41788321167883213 0.06552706552706553 0.041970802919708027
1 0.8062678062678063 0.4844890510948905 0.06267806267806268 0.040145985401459854
1 0.8133903133903134 0.5565693430656934 0.05698005698005698 0.040145985401459854
1 0.8205128205128205 0.6259124087591241 0.05413105413105413 0.040145985401459854