1 0.037037037037037035 0.48266423357664234 0.07407407407407407 0.08211678832116788
1 0.029914529914529916 0.6058394160583942 0.05982905982905983 0.07664233576642336
1 0.2022792022792023 0.4744525547445255 0.11965811965811966 0.07664233576642336
1 0.2022792022792023 0.5967153284671532 0.12535612535612536 0.08029197080291971
1 0.4458689458689459 0.4206204379562044 0.10256410256410256 0.06386861313868614
1 0.44871794871794873 0.4854014598540146 0.10256410256410256 0.05656934306569343
1 0.44871794871794873 0.5574817518248175 0.09971509971509972 0.058394160583941604
1 0.45584045584045585 0.6259124087591241 0.10541310541310542 0.058394160583941604
1 0.6367521367521367 0.4142335766423358 0.08547008547008547 0.04927007299270073
1 0.6438746438746439 0.48266423357664234 0.08262108262108261 0.04927007299270073
1 0.6524216524216524 0.5456204379562044 0.08831908831908832 0.04927007299270073
1 0.6552706552706553 0.6195255474452555 0.07977207977207977 0.04927007299270073
1 0.7849002849002849 0.4096715328467153 0.06552706552706553 0.041970802919708027
1 0.7877492877492878 0.4744525547445255 0.06267806267806268 0.040145985401459854
1 0.801994301994302 0.5447080291970803 0.05698005698005698 0.040145985401459854
1 0.811965811965812 0.6186131386861314 0.05413105413105413 0.040145985401459854