1 0.2064814814814815 0.44166666666666665 0.08148148148148149 0.046875
1 0.20462962962962963 0.5322916666666667 0.08148148148148149 0.04791666666666667
1 0.3675925925925926 0.440625 0.08888888888888889 0.04895833333333333
1 0.36666666666666664 0.53125 0.08518518518518518 0.04791666666666667
1 0.5703703703703704 0.40625 0.07407407407407407 0.0375
1 0.5685185185185185 0.4546875 0.07592592592592592 0.0375
1 0.5694444444444444 0.5046875 0.07407407407407407 0.03854166666666667
1 0.5712962962962963 0.55625 0.07222222222222222 0.04375
1 0.7333333333333333 0.40625 0.06481481481481481 0.034375
1 0.737037037037037 0.45364583333333336 0.05555555555555555 0.03125
1 0.7379629629629629 0.5046875 0.05925925925925926 0.030208333333333334
1 0.7416666666666667 0.5552083333333333 0.05740740740740741 0.03125
1 0.8648148148148148 0.39947916666666666 0.04259259259259259 0.023958333333333335
1 0.8638888888888889 0.45208333333333334 0.040740740740740744 0.022916666666666665
1 0.8666666666666667 0.5020833333333333 0.040740740740740744 0.025
1 0.8694444444444445 0.5552083333333333 0.046296296296296294 0.026041666666666668