1 0.3212962962962963 0.53125 0.07592592592592592 0.040625
1 0.262037037037037 0.6015625 0.07407407407407407 0.04375
1 0.4444444444444444 0.5598958333333334 0.07222222222222222 0.03958333333333333
1 0.387037037037037 0.63125 0.07777777777777778 0.042708333333333334
1 0.6185185185185185 0.5765625 0.06481481481481481 0.036458333333333336
1 0.587037037037037 0.6145833333333334 0.06296296296296296 0.034375
1 0.5601851851851852 0.6557291666666667 0.06666666666666667 0.036458333333333336
1 0.5259259259259259 0.6994791666666667 0.06851851851851852 0.0375
1 0.7444444444444445 0.6088541666666667 0.053703703703703705 0.03125
1 0.7148148148148148 0.6494791666666667 0.05740740740740741 0.03125
1 0.687962962962963 0.6885416666666667 0.05555555555555555 0.03333333333333333
1 0.6574074074074074 0.7307291666666667 0.05740740740740741 0.030208333333333334
1 0.7574074074074074 0.75625 0.037037037037037035 0.023958333333333335
1 0.7851851851851852 0.7161458333333334 0.040740740740740744 0.023958333333333335
1 0.812037037037037 0.675 0.03888888888888889 0.023958333333333335
1 0.8435185185185186 0.6333333333333333 0.03888888888888889 0.022916666666666665