1 0.0641025641025641 0.5027372262773723 0.1282051282051282 0.08211678832116788
1 0.06125356125356125 0.6186131386861314 0.11396011396011396 0.07664233576642336
1 0.24643874643874644 0.4863138686131387 0.11965811965811966 0.07664233576642336
1 0.245014245014245 0.6131386861313869 0.12535612535612536 0.08029197080291971
1 0.4772079772079772 0.42883211678832117 0.10256410256410256 0.06386861313868614
1 0.48005698005698005 0.4981751824817518 0.1111111111111111 0.05656934306569343
1 0.48148148148148145 0.5656934306569343 0.09971509971509972 0.058394160583941604
1 0.48575498575498577 0.6359489051094891 0.10541310541310542 0.058394160583941604
1 0.6666666666666666 0.42244525547445255 0.08547008547008547 0.04927007299270073
1 0.6709401709401709 0.48813868613138683 0.08262108262108261 0.04927007299270073
1 0.6766381766381766 0.5583941605839416 0.08831908831908832 0.04927007299270073
1 0.6823361823361823 0.6295620437956204 0.07977207977207977 0.04927007299270073
1 0.8162393162393162 0.4124087591240876 0.06552706552706553 0.041970802919708027
1 0.8233618233618234 0.48175182481751827 0.06267806267806268 0.040145985401459854
1 0.8319088319088319 0.5529197080291971 0.05698005698005698 0.040145985401459854
1 0.8418803418803419 0.625 0.05413105413105413 0.040145985401459854