1 0.06837606837606838 0.48996350364963503 0.13675213675213677 0.08211678832116788
1 0.05698005698005698 0.6104014598540146 0.11396011396011396 0.07664233576642336
1 0.2535612535612536 0.48266423357664234 0.11965811965811966 0.07664233576642336
1 0.25213675213675213 0.6058394160583942 0.12535612535612536 0.08029197080291971
1 0.48717948717948717 0.42974452554744524 0.10256410256410256 0.06386861313868614
1 0.49002849002849 0.4972627737226277 0.1111111111111111 0.05656934306569343
1 0.4943019943019943 0.5675182481751825 0.09971509971509972 0.058394160583941604
1 0.4928774928774929 0.6368613138686131 0.10541310541310542 0.058394160583941604
1 0.6794871794871795 0.4233576642335766 0.08547008547008547 0.04927007299270073
1 0.6851851851851852 0.4936131386861314 0.08262108262108261 0.04927007299270073
1 0.688034188034188 0.5593065693430657 0.08831908831908832 0.04927007299270073
1 0.6937321937321937 0.6304744525547445 0.07977207977207977 0.04927007299270073
1 0.8162393162393162 0.4124087591240876 0.06552706552706553 0.041970802919708027
1 0.8347578347578347 0.4854014598540146 0.06267806267806268 0.040145985401459854
1 0.8418803418803419 0.5583941605839416 0.05698005698005698 0.040145985401459854
1 0.8518518518518519 0.6259124087591241 0.05413105413105413 0.040145985401459854