1 0.1168091168091168 0.3686131386861314 0.11965811965811966 0.07664233576642336
1 0.1168091168091168 0.5136861313868614 0.12535612535612536 0.08029197080291971
1 0.4031339031339031 0.3083941605839416 0.11396011396011396 0.06569343065693431
1 0.4031339031339031 0.38594890510948904 0.1168091168091168 0.06569343065693431
1 0.4074074074074074 0.46624087591240876 0.11396011396011396 0.06751824817518248
1 0.41025641025641024 0.5492700729927007 0.1111111111111111 0.07664233576642336
1 0.6282051282051282 0.3010948905109489 0.09971509971509972 0.060218978102189784
1 0.6381766381766382 0.3795620437956204 0.08547008547008547 0.05474452554744526
1 0.6381766381766382 0.4635036496350365 0.09116809116809117 0.05291970802919708
1 0.6538461538461539 0.541970802919708 0.08831908831908832 0.05474452554744526
1 0.8091168091168092 0.2937956204379562 0.06552706552706553 0.041970802919708027
1 0.8091168091168092 0.3768248175182482 0.06267806267806268 0.040145985401459854
1 0.8190883190883191 0.45711678832116787 0.06267806267806268 0.043795620437956206
1 0.8276353276353277 0.541970802919708 0.07122507122507123 0.04562043795620438