1 0.3111111111111111 0.5630208333333333 0.07592592592592592 0.040625
1 0.2537037037037037 0.634375 0.07407407407407407 0.04375
1 0.43333333333333335 0.5942708333333333 0.07222222222222222 0.03958333333333333
1 0.37777777777777777 0.6661458333333333 0.07777777777777778 0.042708333333333334
1 0.5990740740740741 0.6098958333333333 0.06481481481481481 0.036458333333333336
1 0.5703703703703704 0.646875 0.06296296296296296 0.034375
1 0.5425925925925926 0.6890625 0.06666666666666667 0.036458333333333336
1 0.5157407407407407 0.7291666666666666 0.06851851851851852 0.0375
1 0.725925925925926 0.6421875 0.053703703703703705 0.03125
1 0.6981481481481482 0.68125 0.05740740740740741 0.03125
1 0.6722222222222223 0.7229166666666667 0.05555555555555555 0.03333333333333333
1 0.6444444444444445 0.7630208333333334 0.05740740740740741 0.030208333333333334
1 0.7407407407407407 0.7864583333333334 0.037037037037037035 0.023958333333333335
1 0.7694444444444445 0.7442708333333333 0.040740740740740744 0.023958333333333335
1 0.7981481481481482 0.7026041666666667 0.03888888888888889 0.023958333333333335
1 0.825 0.6635416666666667 0.03888888888888889 0.022916666666666665