1 0.13148148148148148 0.48854166666666665 0.11666666666666667 0.065625
1 0.12222222222222222 0.6151041666666667 0.11666666666666667 0.06979166666666667
1 0.35185185185185186 0.4869791666666667 0.12222222222222222 0.06875
1 0.35462962962962963 0.6130208333333333 0.12222222222222222 0.07291666666666667
1 0.6361111111111111 0.4375 0.10185185185185185 0.053125
1 0.6333333333333333 0.5072916666666667 0.10555555555555556 0.05416666666666667
1 0.6361111111111111 0.5796875 0.1037037037037037 0.05520833333333333
1 0.6351851851851852 0.6536458333333334 0.12037037037037036 0.06458333333333334
1 0.8703703703703703 0.43645833333333334 0.08703703703703704 0.04791666666666667
1 0.8712962962962963 0.5052083333333334 0.08703703703703704 0.04895833333333333
1 0.8759259259259259 0.5786458333333333 0.07962962962962963 0.04791666666666667
1 0.8842592592592593 0.6541666666666667 0.08888888888888889 0.05520833333333333