1 0.20185185185185187 0.5505208333333333 0.09074074074074075 0.046875
1 0.21388888888888888 0.6208333333333333 0.07407407407407407 0.04375
1 0.33611111111111114 0.5442708333333334 0.08518518518518518 0.046875
1 0.3416666666666667 0.6197916666666666 0.08148148148148149 0.04583333333333333
1 0.49074074074074076 0.5145833333333333 0.06666666666666667 0.036458333333333336
1 0.4898148148148148 0.5546875 0.07222222222222222 0.03229166666666667
1 0.49444444444444446 0.5947916666666667 0.06481481481481481 0.03333333333333333
1 0.49722222222222223 0.6359375 0.06851851851851852 0.03333333333333333
1 0.6203703703703703 0.5088541666666667 0.05740740740740741 0.03333333333333333
1 0.6222222222222222 0.5526041666666667 0.053703703703703705 0.03229166666666667
1 0.6259259259259259 0.5916666666666667 0.05740740740740741 0.028125
1 0.6287037037037037 0.634375 0.06481481481481481 0.030208333333333334
1 0.7166666666666667 0.5083333333333333 0.04259259259259259 0.03125
1 0.7240740740740741 0.5494791666666666 0.040740740740740744 0.022916666666666665
1 0.7240740740740741 0.590625 0.03518518518518519 0.026041666666666668
1 0.7287037037037037 0.6328125 0.03518518518518519 0.022916666666666665