1 0.1282051282051282 0.3777372262773723 0.11965811965811966 0.07664233576642336
1 0.1339031339031339 0.5173357664233577 0.12535612535612536 0.08029197080291971
1 0.4031339031339031 0.3147810218978102 0.10256410256410256 0.06386861313868614
1 0.4045584045584046 0.3978102189781022 0.10256410256410256 0.05656934306569343
1 0.4074074074074074 0.47536496350364965 0.09971509971509972 0.058394160583941604
1 0.40883190883190884 0.5547445255474452 0.10541310541310542 0.058394160583941604
1 0.6253561253561254 0.3102189781021898 0.08547008547008547 0.04927007299270073
1 0.6282051282051282 0.38686131386861317 0.08262108262108261 0.04927007299270073
1 0.6367521367521367 0.46715328467153283 0.09116809116809117 0.05291970802919708
1 0.6452991452991453 0.5474452554744526 0.08831908831908832 0.05474452554744526
1 0.7934472934472935 0.30383211678832117 0.06552706552706553 0.041970802919708027
1 0.8005698005698005 0.3822992700729927 0.06267806267806268 0.040145985401459854
1 0.8076923076923077 0.46167883211678834 0.05698005698005698 0.040145985401459854
1 0.8190883190883191 0.5447080291970803 0.05413105413105413 0.040145985401459854