1 0.06837606837606838 0.48996350364963503 0.13675213675213677 0.08211678832116788
1 0.0584045584045584 0.6113138686131386 0.11396011396011396 0.07664233576642336
1 0.2492877492877493 0.48083941605839414 0.11965811965811966 0.07664233576642336
1 0.2492877492877493 0.6058394160583942 0.12535612535612536 0.08029197080291971
1 0.48717948717948717 0.4306569343065693 0.10256410256410256 0.06386861313868614
1 0.49002849002849 0.4981751824817518 0.10256410256410256 0.05656934306569343
1 0.49145299145299143 0.5666058394160584 0.09971509971509972 0.058394160583941604
1 0.4943019943019943 0.6359489051094891 0.10541310541310542 0.058394160583941604
1 0.6752136752136753 0.4251824817518248 0.08547008547008547 0.04927007299270073
1 0.6794871794871795 0.4908759124087591 0.08262108262108261 0.04927007299270073
1 0.6894586894586895 0.5583941605839416 0.08831908831908832 0.04927007299270073
1 0.6894586894586895 0.6304744525547445 0.07977207977207977 0.04927007299270073
1 0.8205128205128205 0.4187956204379562 0.06552706552706553 0.041970802919708027
1 0.8276353276353277 0.4863138686131387 0.06267806267806268 0.040145985401459854
1 0.8347578347578347 0.5583941605839416 0.05698005698005698 0.040145985401459854
1 0.8404558404558404 0.6259124087591241 0.05413105413105413 0.040145985401459854