1 0.13518518518518519 0.6854166666666667 0.07592592592592592 0.040625
1 0.08055555555555556 0.7557291666666667 0.07407407407407407 0.04375
1 0.25833333333333336 0.7135416666666666 0.07222222222222222 0.03958333333333333
1 0.20833333333333334 0.7838541666666666 0.07777777777777778 0.042708333333333334
1 0.42777777777777776 0.721875 0.06481481481481481 0.036458333333333336
1 0.4027777777777778 0.7625 0.06296296296296296 0.034375
1 0.3731481481481482 0.8046875 0.06666666666666667 0.036458333333333336
1 0.3472222222222222 0.8484375 0.06851851851851852 0.0375
1 0.5537037037037037 0.7520833333333333 0.053703703703703705 0.03125
1 0.5287037037037037 0.7932291666666667 0.05740740740740741 0.03125
1 0.5018518518518519 0.8348958333333333 0.05555555555555555 0.03333333333333333
1 0.4759259259259259 0.8765625 0.05740740740740741 0.030208333333333334
1 0.5740740740740741 0.9010416666666666 0.037037037037037035 0.023958333333333335
1 0.6027777777777777 0.8567708333333334 0.040740740740740744 0.023958333333333335
1 0.6240740740740741 0.8161458333333333 0.03888888888888889 0.023958333333333335
1 0.6518518518518519 0.771875 0.03888888888888889 0.022916666666666665