1 0.13148148148148148 0.48333333333333334 0.08148148148148149 0.046875
1 0.12777777777777777 0.5619791666666667 0.07407407407407407 0.04375
1 0.2722222222222222 0.47552083333333334 0.07777777777777778 0.04375
1 0.275 0.5536458333333333 0.08148148148148149 0.04583333333333333
1 0.44537037037037036 0.44427083333333334 0.06666666666666667 0.036458333333333336
1 0.44907407407407407 0.48541666666666666 0.06666666666666667 0.03229166666666667
1 0.45092592592592595 0.53125 0.06481481481481481 0.03333333333333333
1 0.4546296296296296 0.5755208333333334 0.06851851851851852 0.03333333333333333
1 0.5907407407407408 0.4390625 0.05555555555555555 0.028125
1 0.5935185185185186 0.4828125 0.053703703703703705 0.028125
1 0.5944444444444444 0.5265625 0.05740740740740741 0.028125
1 0.600925925925926 0.5739583333333333 0.05185185185185185 0.028125
1 0.6953703703703704 0.43697916666666664 0.04259259259259259 0.023958333333333335
1 0.6972222222222222 0.4796875 0.040740740740740744 0.022916666666666665
1 0.7037037037037037 0.5260416666666666 0.037037037037037035 0.022916666666666665
1 0.7138888888888889 0.5713541666666667 0.03518518518518519 0.022916666666666665