1 0.18233618233618235 0.5866788321167883 0.1168091168091168 0.07116788321167883
1 0.09116809116809117 0.7135036496350365 0.11396011396011396 0.07664233576642336
1 0.36324786324786323 0.6432481751824818 0.1111111111111111 0.06934306569343066
1 0.27635327635327633 0.7709854014598541 0.11965811965811966 0.07481751824817519
1 0.6253561253561254 0.6687956204379562 0.09971509971509972 0.06386861313868614
1 0.5826210826210826 0.7372262773722628 0.09686609686609686 0.060218978102189784
1 0.5370370370370371 0.8102189781021898 0.10256410256410256 0.06386861313868614
1 0.5 0.8804744525547445 0.10541310541310542 0.06569343065693431
1 0.8148148148148148 0.7253649635036497 0.08262108262108261 0.05474452554744526
1 0.7735042735042735 0.7937956204379562 0.08831908831908832 0.05474452554744526
1 0.7336182336182336 0.8631386861313869 0.08547008547008547 0.058394160583941604
1 0.6923076923076923 0.9343065693430657 0.08831908831908832 0.05291970802919708
1 0.8376068376068376 0.9808394160583942 0.05698005698005698 0.03832116788321168
1 0.8846153846153846 0.906934306569343 0.06267806267806268 0.041970802919708027
1 0.9216524216524217 0.8366788321167883 0.05982905982905983 0.041970802919708027
1 0.9643874643874644 0.7572992700729927 0.05982905982905983 0.040145985401459854