1 0.14814814814814814 0.4875 0.11666666666666667 0.065625
1 0.1398148148148148 0.6145833333333334 0.11666666666666667 0.06979166666666667
1 0.3685185185185185 0.48541666666666666 0.12222222222222222 0.06875
1 0.36203703703703705 0.6119791666666666 0.12222222222222222 0.07291666666666667
1 0.6462962962962963 0.43645833333333334 0.10185185185185185 0.053125
1 0.6472222222222223 0.5088541666666667 0.10555555555555556 0.05416666666666667
1 0.6518518518518519 0.5776041666666667 0.1037037037037037 0.05520833333333333
1 0.6546296296296297 0.653125 0.12037037037037036 0.06458333333333334
1 0.8814814814814815 0.4375 0.08703703703703704 0.04791666666666667
1 0.8861111111111111 0.5041666666666667 0.08703703703703704 0.04895833333333333
1 0.8916666666666667 0.5786458333333333 0.07962962962962963 0.04791666666666667
1 0.8962962962962963 0.6546875 0.08888888888888889 0.05520833333333333