1 0.22407407407407406 0.4796875 0.1111111111111111 0.06145833333333333
1 0.21481481481481482 0.6036458333333333 0.11666666666666667 0.06666666666666667
1 0.4388888888888889 0.48125 0.12222222222222222 0.06875
1 0.43148148148148147 0.6046875 0.12222222222222222 0.07291666666666667
1 0.7083333333333334 0.4322916666666667 0.10185185185185185 0.053125
1 0.7166666666666667 0.5020833333333333 0.10555555555555556 0.05416666666666667
1 0.7175925925925926 0.5723958333333333 0.1037037037037037 0.05520833333333333
1 0.7185185185185186 0.6432291666666666 0.12037037037037036 0.06458333333333334
1 0.9407407407407408 0.4322916666666667 0.08703703703703704 0.04791666666666667
1 0.9453703703703704 0.503125 0.09074074074074075 0.04895833333333333
1 0.9518518518518518 0.5723958333333333 0.07962962962962963 0.04791666666666667
1 0.9574074074074074 0.6432291666666666 0.08148148148148149 0.05625