1 0.2022792022792023 0.5501824817518248 0.1168091168091168 0.07116788321167883
1 0.11396011396011396 0.6751824817518248 0.11396011396011396 0.07664233576642336
1 0.3903133903133903 0.6049270072992701 0.1111111111111111 0.06934306569343066
1 0.30484330484330485 0.7308394160583942 0.11965811965811966 0.07481751824817519
1 0.6452991452991453 0.6322992700729927 0.09971509971509972 0.06386861313868614
1 0.6011396011396012 0.6970802919708029 0.09686609686609686 0.060218978102189784
1 0.5584045584045584 0.7709854014598541 0.10256410256410256 0.06386861313868614
1 0.5170940170940171 0.8412408759124088 0.10541310541310542 0.06569343065693431
1 0.8404558404558404 0.6888686131386861 0.08262108262108261 0.05474452554744526
1 0.7977207977207977 0.7572992700729927 0.08831908831908832 0.05474452554744526
1 0.7578347578347578 0.8302919708029197 0.08547008547008547 0.058394160583941604
1 0.7150997150997151 0.9005474452554745 0.08831908831908832 0.05291970802919708
1 0.8632478632478633 0.9416058394160584 0.05698005698005698 0.041970802919708027
1 0.9074074074074074 0.8677007299270073 0.06267806267806268 0.041970802919708027
1 0.9515669515669516 0.7947080291970803 0.05982905982905983 0.041970802919708027
1 0.9814814814814815 0.7262773722627737 0.037037037037037035 0.040145985401459854