1 0.05128205128205128 0.33667883211678834 0.10256410256410256 0.08211678832116788
1 0.04985754985754986 0.49635036496350365 0.09971509971509972 0.08394160583941605
1 0.28917378917378916 0.3357664233576642 0.13675213675213677 0.08576642335766424
1 0.28774928774928776 0.49452554744525545 0.13105413105413105 0.08394160583941605
1 0.6011396011396012 0.2755474452554745 0.11396011396011396 0.06569343065693431
1 0.5982905982905983 0.3604014598540146 0.1168091168091168 0.06569343065693431
1 0.5997150997150997 0.44799270072992703 0.11396011396011396 0.06751824817518248
1 0.6025641025641025 0.5383211678832117 0.1111111111111111 0.07664233576642336
1 0.8518518518518519 0.2755474452554745 0.09971509971509972 0.060218978102189784
1 0.8575498575498576 0.3585766423357664 0.08547008547008547 0.05474452554744526
1 0.8589743589743589 0.44799270072992703 0.09116809116809117 0.05291970802919708
1 0.8646723646723646 0.5364963503649635 0.08831908831908832 0.05474452554744526