1 0.14722222222222223 0.496875 0.08148148148148149 0.046875
1 0.14629629629629629 0.5760416666666667 0.07407407407407407 0.04375
1 0.2833333333333333 0.4953125 0.07777777777777778 0.04375
1 0.28703703703703703 0.5708333333333333 0.08148148148148149 0.04583333333333333
1 0.4546296296296296 0.4609375 0.06666666666666667 0.036458333333333336
1 0.45740740740740743 0.503125 0.06666666666666667 0.03229166666666667
1 0.45740740740740743 0.54375 0.06481481481481481 0.03333333333333333
1 0.46111111111111114 0.5901041666666667 0.06851851851851852 0.03333333333333333
1 0.5888888888888889 0.45729166666666665 0.05555555555555555 0.028125
1 0.5916666666666667 0.4979166666666667 0.053703703703703705 0.028125
1 0.5944444444444444 0.5416666666666666 0.05740740740740741 0.028125
1 0.5990740740740741 0.5875 0.05185185185185185 0.028125
1 0.6907407407407408 0.45208333333333334 0.04259259259259259 0.023958333333333335
1 0.6962962962962963 0.49583333333333335 0.040740740740740744 0.022916666666666665
1 0.7018518518518518 0.540625 0.037037037037037035 0.022916666666666665
1 0.7083333333333334 0.5848958333333333 0.03518518518518519 0.022916666666666665