1 0.2740740740740741 0.6119791666666666 0.07592592592592592 0.040625
1 0.2212962962962963 0.6833333333333333 0.07407407407407407 0.04375
1 0.39444444444444443 0.6375 0.07222222222222222 0.03958333333333333
1 0.34444444444444444 0.7114583333333333 0.07777777777777778 0.042708333333333334
1 0.562037037037037 0.653125 0.06481481481481481 0.036458333333333336
1 0.5388888888888889 0.6911458333333333 0.06296296296296296 0.034375
1 0.5055555555555555 0.7322916666666667 0.06666666666666667 0.036458333333333336
1 0.47962962962962963 0.7760416666666666 0.06851851851851852 0.0375
1 0.687962962962963 0.6833333333333333 0.053703703703703705 0.03125
1 0.6601851851851852 0.7223958333333333 0.05740740740740741 0.03125
1 0.6351851851851852 0.7645833333333333 0.05555555555555555 0.03333333333333333
1 0.6101851851851852 0.8067708333333333 0.05740740740740741 0.030208333333333334
1 0.7037037037037037 0.8296875 0.037037037037037035 0.023958333333333335
1 0.7314814814814815 0.7911458333333333 0.040740740740740744 0.023958333333333335
1 0.7564814814814815 0.7484375 0.03888888888888889 0.023958333333333335
1 0.7814814814814814 0.70625 0.03888888888888889 0.022916666666666665