1 0.16944444444444445 0.5755208333333334 0.09074074074074075 0.046875
1 0.19907407407407407 0.640625 0.07407407407407407 0.04375
1 0.30092592592592593 0.5697916666666667 0.08518518518518518 0.046875
1 0.32222222222222224 0.6338541666666667 0.08148148148148149 0.04583333333333333
1 0.46574074074074073 0.5364583333333334 0.06666666666666667 0.036458333333333336
1 0.47314814814814815 0.5755208333333334 0.07222222222222222 0.03229166666666667
1 0.48333333333333334 0.6130208333333333 0.06481481481481481 0.03333333333333333
1 0.49074074074074076 0.6505208333333333 0.06851851851851852 0.03333333333333333
1 0.6 0.53125 0.05740740740740741 0.03333333333333333
1 0.6083333333333333 0.5713541666666667 0.053703703703703705 0.03229166666666667
1 0.6138888888888889 0.609375 0.05740740740740741 0.028125
1 0.6231481481481481 0.6447916666666667 0.06666666666666667 0.030208333333333334
1 0.7046296296296296 0.528125 0.04259259259259259 0.03125
1 0.712037037037037 0.5677083333333334 0.040740740740740744 0.022916666666666665
1 0.7157407407407408 0.6057291666666667 0.03518518518518519 0.026041666666666668
1 0.725925925925926 0.6416666666666667 0.03518518518518519 0.022916666666666665