1 0.17236467236467237 0.3585766423357664 0.11965811965811966 0.07664233576642336
1 0.16809116809116809 0.5072992700729927 0.13105413105413105 0.08394160583941605
1 0.45584045584045585 0.3001824817518248 0.11396011396011396 0.06569343065693431
1 0.46296296296296297 0.38047445255474455 0.1168091168091168 0.06569343065693431
1 0.4658119658119658 0.46167883211678834 0.11396011396011396 0.06751824817518248
1 0.47150997150997154 0.5456204379562044 0.1111111111111111 0.07664233576642336
1 0.6923076923076923 0.2947080291970803 0.09971509971509972 0.060218978102189784
1 0.698005698005698 0.3704379562043796 0.08547008547008547 0.05474452554744526
1 0.7008547008547008 0.4562043795620438 0.09116809116809117 0.05291970802919708
1 0.707977207977208 0.541058394160584 0.08831908831908832 0.05474452554744526
1 0.8732193732193733 0.2864963503649635 0.06552706552706553 0.041970802919708027
1 0.8774928774928775 0.3722627737226277 0.06267806267806268 0.040145985401459854
1 0.8888888888888888 0.45255474452554745 0.06267806267806268 0.043795620437956206
1 0.8988603988603988 0.541058394160584 0.07122507122507123 0.04562043795620438