1 0.22314814814814815 0.5291666666666667 0.09074074074074075 0.046875
1 0.2175925925925926 0.5979166666666667 0.07407407407407407 0.04375
1 0.3416666666666667 0.5234375 0.07777777777777778 0.04375
1 0.3416666666666667 0.5947916666666667 0.08148148148148149 0.04583333333333333
1 0.4962962962962963 0.4947916666666667 0.06666666666666667 0.036458333333333336
1 0.4981481481481482 0.5333333333333333 0.06666666666666667 0.03229166666666667
1 0.49907407407407406 0.5723958333333333 0.06481481481481481 0.03333333333333333
1 0.5009259259259259 0.6119791666666666 0.06851851851851852 0.03333333333333333
1 0.6185185185185185 0.49166666666666664 0.05555555555555555 0.028125
1 0.6212962962962963 0.5291666666666667 0.053703703703703705 0.028125
1 0.6277777777777778 0.5677083333333334 0.05740740740740741 0.028125
1 0.6277777777777778 0.6088541666666667 0.05185185185185185 0.028125
1 0.7129629629629629 0.48802083333333335 0.04259259259259259 0.023958333333333335
1 0.7175925925925926 0.5265625 0.040740740740740744 0.022916666666666665
1 0.7222222222222222 0.5677083333333334 0.037037037037037035 0.022916666666666665
1 0.725925925925926 0.60625 0.03518518518518519 0.022916666666666665