1 0.24351851851851852 0.440625 0.08148148148148149 0.046875
1 0.23796296296296296 0.5317708333333333 0.08148148148148149 0.04791666666666667
1 0.4083333333333333 0.4390625 0.08888888888888889 0.04895833333333333
1 0.4009259259259259 0.5328125 0.08518518518518518 0.04791666666666667
1 0.6194444444444445 0.4041666666666667 0.07407407407407407 0.0375
1 0.6175925925925926 0.4546875 0.07592592592592592 0.0375
1 0.6212962962962963 0.5088541666666667 0.07407407407407407 0.03854166666666667
1 0.6194444444444445 0.5609375 0.07222222222222222 0.04375
1 0.7898148148148149 0.4036458333333333 0.06481481481481481 0.034375
1 0.7935185185185185 0.45260416666666664 0.05555555555555555 0.03125
1 0.7944444444444444 0.5078125 0.05925925925925926 0.030208333333333334
1 0.799074074074074 0.5609375 0.05740740740740741 0.03125
1 0.9268518518518518 0.4005208333333333 0.04259259259259259 0.023958333333333335
1 0.9268518518518518 0.4546875 0.040740740740740744 0.022916666666666665
1 0.9314814814814815 0.5057291666666667 0.040740740740740744 0.025
1 0.937037037037037 0.559375 0.046296296296296294 0.026041666666666668