1 0.29814814814814816 0.5838541666666667 0.07592592592592592 0.040625
1 0.2388888888888889 0.65625 0.07407407407407407 0.04375
1 0.41574074074074074 0.6161458333333333 0.07222222222222222 0.03958333333333333
1 0.3592592592592593 0.6890625 0.07777777777777778 0.042708333333333334
1 0.5861111111111111 0.6307291666666667 0.06481481481481481 0.036458333333333336
1 0.5583333333333333 0.6697916666666667 0.06296296296296296 0.034375
1 0.5287037037037037 0.7114583333333333 0.06666666666666667 0.036458333333333336
1 0.5046296296296297 0.7515625 0.06851851851851852 0.0375
1 0.7092592592592593 0.6630208333333333 0.053703703703703705 0.03125
1 0.6824074074074075 0.7020833333333333 0.05740740740740741 0.03125
1 0.6564814814814814 0.7416666666666667 0.05555555555555555 0.03333333333333333
1 0.6296296296296297 0.7822916666666667 0.05740740740740741 0.030208333333333334
1 0.725 0.8098958333333334 0.037037037037037035 0.023958333333333335
1 0.7546296296296297 0.7666666666666667 0.040740740740740744 0.023958333333333335
1 0.7787037037037037 0.7265625 0.03888888888888889 0.023958333333333335
1 0.8064814814814815 0.68125 0.03888888888888889 0.022916666666666665