0 0.076171875 0.357421875 0.15234375 0.08515625
0 0.56015625 0.334375 0.0859375 0.1046875
0 0.409375 0.305078125 0.11875 0.18984375
0 0.921484375 0.55234375 0.15703125 0.06640625
1 0.6300234375 0.28403125 0.027921875000000002 0.023234374999999998
1 0.625828125 0.312875 0.0182890625 0.020749999999999998
1 0.6196015625 0.343515625 0.0194765625 0.022539062500000002
1 0.615828125 0.377671875 0.0168828125 0.025171875
1 0.6621015625 0.38296874999999997 0.0189609375 0.013453125
1 0.6657109375 0.3501015625 0.01625 0.0183671875
1 0.6719375000000001 0.31971875 0.015070312499999999 0.018320312499999998
1 0.6761328125 0.28814843749999997 0.0123046875 0.018390625
1 0.5747578125 0.2720390625 0.0280390625 0.0168203125
1 0.49702343750000005 0.284734375 0.0370703125 0.037601562500000005
1 0.49172656249999996 0.34187500000000004 0.039773437499999995 0.047203125