0 0.04740625 0.7021796874999999 0.0948203125 0.1266171875
1 0.679703125 0.078859375 0.0212265625 0.0265703125
1 0.6909140625 0.046375 0.021367187500000002 0.023320312500000002
1 0.726609375 0.056843750000000005 0.0234140625 0.0226171875
1 0.7131484375 0.0904453125 0.022578124999999998 0.0236484375
1 0.7714531250000001 0.0621328125 0.017015625 0.01665625
1 0.76734375 0.080265625 0.017710937500000003 0.018562500000000003
1 0.7602890625 0.09865625 0.015046875000000001 0.015890625
1 0.7536953125 0.11728125 0.01840625 0.016234375000000002
1 0.807703125 0.0765546875 0.015070312499999999 0.015585937499999999
1 0.8008906250000001 0.0933359375 0.014812500000000001 0.016703125
1 0.7978984375 0.11296874999999999 0.01328125 0.012703125000000001
1 0.790296875 0.130625 0.014609374999999999 0.015562500000000002
1 0.8315468750000001 0.08628125 0.0124921875 0.014046875
1 0.8284218750000001 0.1043515625 0.0100625 0.012015625
1 0.8230703125 0.12245312500000001 0.012085937500000001 0.0151328125
1 0.8168671875 0.140625 0.011773437500000001 0.015210937499999999
1 0.753046875 0.5889140625 0.013921875 0.021609375
1 0.7569765625 0.6343828125 0.014734375 0.0289609375
1 0.7586875 0.6845390625000001 0.0124765625 0.025789062499999998
1 0.7614921875 0.736859375 0.0155390625 0.02290625
1 0.788734375 0.7327890625 0.016578125 0.028749999999999998
1 0.78603125 0.6808359375 0.015625 0.0320390625
1 0.78225 0.6285859375 0.015078125000000001 0.03478125
1 0.7795625 0.5832499999999999 0.013515625 0.030632812500000002
1 0.811625 0.5805 0.0222734375 0.037867187499999996
1 0.8165703125 0.625421875 0.0181640625 0.0405390625
1 0.819875 0.67340625 0.0190546875 0.041703125
1 0.8247187500000001 0.7258125 0.0163125 0.042109375
1 0.8632109375000001 0.690578125 0.024921875 0.0518671875
1 0.8580078125 0.6020390625 0.020874999999999998 0.0427734375