0 0.23709375000000002 0.7016015624999999 0.2268515625 0.37267968749999997
0 0.086640625 0.028867187500000002 0.1005625 0.0565390625
1 0.9096640624999999 0.6135546875 0.032468750000000005 0.0399453125
1 0.9473125 0.6072031250000001 0.0358359375 0.0442734375
1 0.918328125 0.527359375 0.0517734375 0.0522421875
1 0.915046875 0.6840703125 0.028265625 0.032937499999999995
1 0.953265625 0.6771640624999999 0.030906250000000003 0.0355859375
1 0.8734921874999999 0.6215078125 0.03334375 0.042148437500000004
1 0.8364375000000001 0.18984375 0.022625 0.0197265625
1 0.8026328125 0.19265625 0.021484375 0.0161796875
1 0.7688828125 0.1985390625 0.01815625 0.0210703125
1 0.7316484375 0.20434375 0.023890625 0.0177890625
1 0.7327109375 0.1545859375 0.0248828125 0.022546875
1 0.7653984375 0.1477109375 0.027218750000000003 0.02484375
1 0.79734375 0.13971875 0.0258046875 0.028335937500000002
1 0.8345859375 0.13604687499999998 0.030484375 0.0263125
1 0.8319296875 0.066578125 0.0285078125 0.0298828125
1 0.7958125 0.07475781249999999 0.033046874999999996 0.0301875
1 0.7622734375 0.083921875 0.0324296875 0.034765625
1 0.728234375 0.087015625 0.029671874999999997 0.030648437499999997
1 0.8510937500000001 0.5359375 0.0380859375 0.0420625
1 0.8350312499999999 0.6265234375000001 0.0327265625 0.0410390625
1 0.840546875 0.6947656249999999 0.021687500000000002 0.0326171875
1 0.8755234375000001 0.6927890624999999 0.025687500000000002 0.0324140625
1 0.843703125 0.747390625 0.0153828125 0.022132812499999998
1 0.8807578125 0.743875 0.0173046875 0.020828125
1 0.9163828125 0.7397109375 0.017921875 0.0229140625
1 0.95659375 0.7377734375 0.02009375 0.0288359375