0 0.740828125 0.8243203125 0.1202421875 0.098765625
0 0.30681250000000004 0.9278281249999999 0.079171875 0.133203125
0 0.4257578125 0.29367187499999997 0.0641875 0.120796875
0 0.8088749999999999 0.36022656249999996 0.07272656250000001 0.16598437500000002
1 0.7090078125 0.2631640625 0.0210859375 0.0335078125
1 0.7021484375 0.30977343749999997 0.015210937499999999 0.034640625
1 0.731625 0.3208125 0.0248203125 0.04015625
1 0.7345625 0.2710234375 0.0153828125 0.036484375
1 0.7697734374999999 0.2650390625 0.0152890625 0.02353125
1 0.7671015625 0.2903046875 0.009945312500000001 0.020179687499999998
1 0.7666796875 0.31839062500000004 0.0134609375 0.021859375
1 0.7654609375 0.3491484375 0.0123515625 0.0235390625
1 0.7953515624999999 0.2732109375 0.0086484375 0.013421875
1 0.814765625 0.279484375 0.0063281249999999995 0.014226562500000001