0 0.717578125 0.221484375 0.15078125 0.10078125
0 0.50390625 0.2125 0.08125 0.05234375
0 0.17578125 0.778125 0.084375 0.078125
0 0.4125 0.859375 0.1453125 0.1265625
0 0.416015625 0.967578125 0.15234375 0.06484375
1 0.41354687500000004 0.7569453125 0.0164140625 0.018796874999999998
1 0.3849140625 0.7628046875 0.0156953125 0.0189296875
1 0.35548437499999996 0.769265625 0.0191953125 0.023140625
1 0.356578125 0.8118984375 0.017015625 0.030109375
1 0.3880390625 0.8058984375 0.029203125000000003 0.021015625
1 0.4183203125 0.7973359375 0.01871875 0.0183828125