0 0.7916171875 0.37089062500000003 0.10010937499999999 0.0867734375
0 0.29340625 0.250375 0.0448828125 0.0912265625
0 0.203421875 0.2292578125 0.030367187499999997 0.0527109375
1 0.77153125 0.824265625 0.02190625 0.022945312500000002
1 0.765765625 0.8602109375 0.017625 0.0208828125
1 0.7580859375 0.8968125 0.021117187500000002 0.020140625000000002
1 0.7540703125 0.9296953125 0.0159765625 0.0163046875
1 0.8232968749999999 0.827921875 0.0224921875 0.0288046875
1 0.8198046874999999 0.8642578125 0.024203125 0.024640625
1 0.8122265625 0.8997734375 0.023546875000000002 0.026070312499999998
1 0.8032656250000001 0.932890625 0.0230234375 0.027046874999999998
1 0.8945390625 0.831640625 0.031570312499999996 0.0318984375
1 0.8855703125 0.8661406250000001 0.0323671875 0.0327421875
1 0.874765625 0.9006015625 0.036843749999999995 0.0336484375
1 0.8683046875 0.9354609375 0.0313125 0.027171875
1 0.9718359375000001 0.8556250000000001 0.0351171875 0.039265625
1 0.9551953125000001 0.917765625 0.0354453125 0.0388515625