0 0.63534375 0.6488087774294671 0.0679609375 0.12861024033437826
0 0.9014921875 0.7523719958202717 0.1969921875 0.2719122257053292
1 0.676046875 0.5326959247648902 0.017765625 0.028129571577847443
1 0.6526953125 0.5611076280041798 0.018296875 0.026541274817136886
1 0.7002890625 0.5584848484848485 0.015445312499999999 0.029634273772204806
1 0.679890625 0.5902821316614419 0.016546875 0.028861024033437828
1 0.7390390625000001 0.5855694879832811 0.014101562500000001 0.02420062695924765
1 0.726703125 0.6031452455590387 0.020140625000000002 0.024785788923719958
1 0.7151171875 0.6196133751306165 0.016578125 0.024346917450365727
1 0.7009375 0.6378474399164054 0.014960937499999999 0.021473354231974922
1 0.7629140624999999 0.6153918495297805 0.014140625 0.023051201671891324
1 0.7504375 0.6336781609195402 0.012359375 0.017899686520376174
1 0.74009375 0.6520167189132706 0.019289062500000002 0.022382445141065833
1 0.7276171875 0.6679937304075235 0.0175078125 0.018589341692789967
1 0.7831718750000001 0.6403970741901777 0.0100859375 0.02179728317659352
1 0.7723125 0.6589237199582028 0.011546875 0.01831765935214211
1 0.7584609375 0.6739811912225705 0.014140625 0.017439916405433648
1 0.7483515625 0.6929989550679206 0.010859375000000001 0.017324973876698013