0 0.2650234375 0.68603125 0.17386718750000002 0.19442187500000002
0 0.6573828125000001 0.9545625 0.0721875 0.0908828125
1 0.8604843750000001 0.29178125 0.014101562500000001 0.01046875
1 0.8798984375 0.2967265625 0.008515625 0.0116484375
1 0.8972734375 0.300921875 0.010171875 0.00959375
1 0.917203125 0.3044296875 0.0091015625 0.010499999999999999
1 0.8553828125 0.3192421875 0.010859375000000001 0.0148828125
1 0.8729531250000001 0.3230625 0.0129140625 0.011203125
1 0.892703125 0.3253828125 0.010609375 0.009734375
1 0.9120390625000001 0.32965625 0.011515625 0.012265624999999999
1 0.847640625 0.3505859375 0.013664062499999999 0.013132812499999999
1 0.866203125 0.355234375 0.017703125 0.018078125
1 0.88534375 0.359828125 0.015046875000000001 0.016804687500000002
1 0.903328125 0.3626796875 0.017765625 0.0158046875
1 0.8501796875000001 0.3967109375 0.0204765625 0.022171875
1 0.8837187500000001 0.4040078125 0.02225 0.0241875
1 0.8437812499999999 0.4250625 0.0190078125 0.010562499999999999