0 0.3796875 0.14140625 0.0625 0.0546875
0 0.840234375 0.152734375 0.31953125 0.30546875
0 0.215625 0.73984375 0.01640625 0.0234375
0 0.971875 0.65 0.04375 0.0640625
1 0.38789843749999997 0.5473984375 0.0193125 0.0243984375
1 0.368671875 0.5584765625 0.018062500000000002 0.019875
1 0.3631015625 0.60009375 0.0093515625 0.01896875
1 0.384203125 0.5957421875 0.011539062499999999 0.0164296875
1 0.3721640625 0.5988359375 0.0073046874999999995 0.0167265625
1 0.3969609375 0.5945859375 0.0107421875 0.01603125
1 0.364828125 0.5244921875 0.014695312499999998 0.016546875