0 0.35859375 0.31484375 0.0796875 0.059375
0 0.46640625 0.8421875 0.065625 0.04375
0 0.9453125 0.9078125 0.109375 0.1015625
1 0.3386328125 0.8445937499999999 0.01653125 0.019484375
1 0.33703125 0.8711015625 0.0166875 0.0197421875
1 0.37065625 0.8422421874999999 0.017171875 0.0234375
1 0.3685625 0.87290625 0.0152734375 0.019171874999999998
1 0.409296875 0.8348203125 0.0121796875 0.0116484375
1 0.40990624999999997 0.849984375 0.0185703125 0.011
1 0.40941406249999995 0.8668984375000001 0.015757812500000003 0.012171875
1 0.40946875 0.883390625 0.013359375000000001 0.0141796875
1 0.44419531250000005 0.884453125 0.011640625 0.011289062499999999
1 0.444140625 0.8669375 0.0140390625 0.014374999999999999
1 0.46765625 0.86878125 0.0141875 0.0083984375
1 0.468171875 0.8839062500000001 0.0093515625 0.009343750000000001