0 0.22578125 0.3359375 0.109375 0.0875
0 0.6625 0.646875 0.209375 0.09375
1 0.783859375 0.36065625 0.02715625 0.026937499999999996
1 0.8087265625000001 0.357640625 0.02590625 0.028671875000000003
1 0.8138359375 0.41021093750000004 0.0246328125 0.0280703125
1 0.7453984375 0.34782812500000004 0.019796875 0.019203124999999998
1 0.7502265625 0.406828125 0.0202265625 0.020874999999999998
1 0.787953125 0.4143203125 0.022578124999999998 0.025406250000000002
1 0.74865625 0.3744609375 0.0206875 0.0208046875
1 0.7181484375 0.377984375 0.016328125 0.016203125
1 0.718484375 0.41086718749999995 0.01653125 0.016109375000000002
1 0.7199921875 0.4386328125 0.016140625 0.015312500000000001
1 0.7520781249999999 0.435484375 0.01909375 0.0193046875
1 0.7152109375 0.352125 0.015359375 0.0153046875
1 0.69828125 0.3795 0.014124999999999999 0.0139921875
1 0.6985078125 0.41174218749999997 0.0148984375 0.0149140625
1 0.6995 0.44144531249999996 0.0146484375 0.0142734375
1 0.6921875 0.35390625 0.01875 0.0171875