0 0.18359375 0.046484375 0.1640625 0.09296875
0 0.47265625 0.3 0.0265625 0.0390625
0 0.07578125 0.7 0.1515625 0.1078125
1 0.77878125 0.5367734375000001 0.020484375 0.025750000000000002
1 0.7897578125 0.5694921875000001 0.0328359375 0.031140624999999998
1 0.7910781250000001 0.6023828124999999 0.025492187500000003 0.032796874999999996
1 0.8494531249999999 0.5954296875 0.0159765625 0.0238671875
1 0.84653125 0.5626484375 0.013273437499999999 0.02103125
1 0.8404375 0.5293593750000001 0.018328125 0.02346875
1 0.6291640625 0.2105390625 0.01609375 0.024109375
1 0.6261015624999999 0.24539062500000003 0.0193671875 0.01853125
1 0.5976250000000001 0.21267968750000002 0.023578125 0.0283828125
1 0.5959453124999999 0.2416484375 0.018375 0.0217421875
1 0.5585234375 0.1994609375 0.0191015625 0.0191953125
1 0.55878125 0.21482031250000003 0.0227421875 0.014374999999999999
1 0.554859375 0.23157031250000001 0.0148984375 0.01225
1 0.55371875 0.24728124999999998 0.014046875 0.013750000000000002
1 0.5227421875 0.19329687499999998 0.0094140625 0.0115703125
1 0.5212109375 0.212109375 0.0131875 0.0103828125
1 0.5203984375 0.2281796875 0.0101171875 0.0111796875
1 0.5200390625 0.24567968750000002 0.010828125 0.0091171875
1 0.4945234375 0.2447890625 0.0102734375 0.012617187499999998
1 0.49679687499999997 0.2257890625 0.0085625 0.010703124999999999
1 0.497546875 0.212640625 0.0084921875 0.014203125
1 0.496875 0.1925078125 0.0055703125 0.013140625