0 0.184375 0.40390625 0.0859375 0.1109375
0 0.77421875 0.439453125 0.115625 0.03984375
0 0.35390625 0.87578125 0.0671875 0.1015625
0 0.88203125 0.771875 0.1078125 0.1328125
1 0.3616171875 0.7638671875 0.0236875 0.026976562500000002
1 0.394890625 0.8381718749999999 0.03353125 0.031296875
1 0.3864609375 0.7692265625 0.022375 0.0244375
1 0.41801562499999995 0.7733984375 0.025343749999999998 0.026765624999999998
1 0.36698437500000003 0.712984375 0.019289062500000002 0.019796875
1 0.3321015625 0.7610703125 0.026445312500000002 0.027476562500000003
1 0.3929765625 0.7163984375 0.02053125 0.021249999999999998
1 0.3416015625 0.7104140625 0.0203515625 0.0208125
1 0.4247109375 0.7202734375000001 0.020984375 0.0210546875
1 0.3464609375 0.670375 0.0176484375 0.016593749999999997
1 0.37153125 0.6735703125 0.016171875 0.015421874999999998
1 0.42922656249999996 0.6814140625 0.0155078125 0.01534375
1 0.3446796875 0.8190546875000001 0.0316953125 0.027046874999999998
1 0.389734375 0.891390625 0.028734375 0.030296875
1 0.40071874999999996 0.678890625 0.016421875 0.0153828125