0 0.78515625 0.085546875 0.2046875 0.17109375
0 0.22265625 0.5265625 0.1296875 0.0890625
0 0.530078125 0.6875 0.08046875 0.025
0 0.53984375 0.728125 0.13984375 0.04375
1 0.8430781250000001 0.10039843749999999 0.038109375 0.0379453125
1 0.8218515625 0.15146874999999999 0.036539062500000004 0.032703125
1 0.7170390624999999 0.064375 0.040125 0.0391875
1 0.6501796875 0.0853515625 0.0269296875 0.024765625
1 0.6003125 0.10716406249999999 0.0210703125 0.01978125
1 0.6563671875 0.050390625 0.028335937500000002 0.02471875
1 0.6056171875 0.07778125 0.0203671875 0.018953125
1 0.63796875 0.1431640625 0.0245546875 0.023109374999999998
1 0.6456875 0.11267968749999999 0.025859375 0.0231875
1 0.609984375 0.0447578125 0.0206015625 0.01975
1 0.5944765624999999 0.1381015625 0.021484375 0.0188046875
1 0.692921875 0.15139843749999998 0.0303125 0.028054687499999998