0 0.1234375 0.23828125 0.190625 0.1671875
0 0.78515625 0.40546875 0.1015625 0.0875
0 0.052734375 0.832421875 0.08671875 0.16796875
0 0.169140625 0.871484375 0.09140625 0.16171875
1 0.7503359374999999 0.720875 0.045679687499999996 0.044953125
1 0.4731015625 0.141234375 0.077234375 0.08934375
1 0.8998359375 0.9344374999999999 0.03334375 0.030765625
1 0.8045234375 0.7589765625 0.0292578125 0.028867187500000002
1 0.9893124999999999 0.7658671874999999 0.018578125 0.0338515625
1 0.9018124999999999 0.9886484375 0.049828125 0.0178984375
1 0.46876562499999996 0.0442265625 0.094078125 0.08597656249999999