0 0.30390625 0.21 0.071875 0.105
0 0.19765625 0.8025 0.084375 0.095
0 0.62578125 0.45125 0.2 0.1225
1 0.7742734375 0.45571249999999996 0.0448984375 0.055125
1 0.6429375 0.738775 0.0453671875 0.05205
1 0.9290234375 0.23181249999999998 0.062343749999999996 0.0648625
1 0.8706640625000001 0.773775 0.047625 0.0579375
1 0.7728984375 0.531175 0.030703124999999998 0.0367125
1 0.9041171875 0.12785 0.0416875 0.047262500000000006
1 0.6856796875 0.7044499999999999 0.0288828125 0.044974999999999994
1 0.8270703125000001 0.727475 0.0275625 0.03195