0 0.46953125 0.04831144465290807 0.0890625 0.09662288930581614
0 0.71640625 0.19136960600375236 0.1015625 0.08442776735459662
1 0.0179921875 0.8428424015009381 0.0259453125 0.02727016885553471
1 0.0224140625 0.8058255159474672 0.028164062499999996 0.027467166979362103
1 0.7443515625 0.32151969981238276 0.0308125 0.030628517823639772
1 0.014976562500000002 0.8770731707317073 0.024234375 0.026144465290806756
1 0.7062265625 0.31372420262664164 0.02834375 0.02796435272045028
1 0.697 0.3568761726078799 0.028828125 0.029859287054409003
1 0.07566406249999999 0.8096435272045028 0.022343750000000002 0.02151969981238274
1 0.0238671875 0.7721013133208254 0.02728125 0.025825515947467167
1 0.06889062500000001 0.88046904315197 0.0225859375 0.02277673545966229
1 0.07182812499999999 0.8463320825515948 0.0226015625 0.023020637898686677
1 0.7331171875 0.3643339587242026 0.028867187500000002 0.03148217636022514
1 0.1099375 0.8480393996247655 0.0180234375 0.01780487804878049
1 0.1085625 0.8830487804878049 0.017703125 0.017983114446529083
1 0.1122265625 0.8112288930581614 0.017445312499999997 0.017260787992495308
1 0.076296875 0.7728611632270169 0.0224453125 0.021894934333958723
1 0.11409375 0.7793151969981238 0.017906250000000002 0.01694183864915572
1 0.7860390625 0.3649249530956848 0.0220234375 0.02021575984990619
1 0.789765625 0.34305816135084427 0.0253671875 0.02274859287054409
1 0.781515625 0.38884615384615384 0.02278125 0.02207317073170732
1 0.7926562500000001 0.3174671669793621 0.0221796875 0.020103189493433395
1 0.8278281249999999 0.3222701688555347 0.01609375 0.015769230769230768
1 0.8565703125 0.3293245778611632 0.014234374999999999 0.015065666041275795
1 0.8183984375 0.40382739212007507 0.016679687500000002 0.01704502814258912
1 0.8249609375 0.34598499061913696 0.0165390625 0.01676360225140713
1 0.820078125 0.37140712945591 0.0165546875 0.016651031894934335
1 0.8546640625 0.35627579737335835 0.0130390625 0.01298311444652908
1 0.8473828125 0.4146435272045028 0.01534375 0.015403377110694186
1 0.8498359375 0.3801594746716698 0.015125 0.017420262664165104