1 0.39579158316633267 0.21232876712328766 0.07915831663326653 0.0702054794520548
1 0.6753507014028056 0.324486301369863 0.022044088176352707 0.02226027397260274
1 0.10521042084168336 0.5924657534246576 0.041082164328657314 0.04366438356164384
1 0.7625250501002004 0.509417808219178 0.026052104208416832 0.02482876712328767
1 0.6673346693386774 0.4991438356164384 0.033066132264529056 0.021404109589041095
1 0.9834669338677354 0.3232020547945205 0.033066132264529056 0.04195205479452055
1 0.7394789579158316 0.583904109589041 0.045090180360721446 0.04794520547945205
1 0.15030060120240482 0.4845890410958904 0.03206412825651302 0.0273972602739726
1 0.4909819639278557 0.4460616438356164 0.036072144288577156 0.030821917808219176
1 0.9128256513026052 0.3527397260273973 0.02404809619238477 0.026541095890410957
1 0.17935871743486975 0.5727739726027398 0.04308617234468938 0.032534246575342464
1 0.19739478957915832 0.615582191780822 0.03807615230460922 0.0273972602739726
1 0.30861723446893785 0.4160958904109589 0.04008016032064128 0.029965753424657533
1 0.6102204408817635 0.2782534246575342 0.052104208416833664 0.04452054794520548
1 0.08917835671342686 0.5470890410958904 0.04408817635270541 0.0351027397260274
1 0.12024048096192384 0.6361301369863014 0.04208416833667335 0.036815068493150686
1 0.2545090180360721 0.3732876712328767 0.05511022044088176 0.03595890410958904
1 0.5601202404809619 0.4263698630136986 0.0531062124248497 0.036815068493150686
1 0.1653306613226453 0.5256849315068494 0.03907815631262525 0.02910958904109589
1 0.08016032064128256 0.5042808219178082 0.056112224448897796 0.04452054794520548
1 0.343687374749499 0.6318493150684932 0.0531062124248497 0.04794520547945205
1 0.36072144288577157 0.5710616438356164 0.04609218436873747 0.028253424657534245
1 0.008517034068136272 0.528681506849315 0.017034068136272545 0.04366438356164384
1 0.014529058116232466 0.5740582191780822 0.02905811623246493 0.04366438356164384
1 0.02404809619238477 0.6220034246575342 0.04809619238476954 0.04366438356164384
1 0.028557114228456915 0.665667808219178 0.05711422845691383 0.045376712328767124