1 0.28505291005291006 0.6876240079365079 0.11441798941798942 0.08878968253968254
1 0.47337962962962965 0.6536458333333334 0.09821428571428571 0.07316468253968254
1 0.4146825396825397 0.7516121031746031 0.10218253968253968 0.07341269841269842
1 0.3488756613756614 0.5953621031746031 0.10912698412698413 0.08482142857142858
1 0.4666005291005291 0.48115079365079366 0.09259259259259259 0.0662202380952381
1 0.7733134920634921 0.33779761904761907 0.0701058201058201 0.053323412698412696
1 0.5393518518518519 0.3685515873015873 0.06382275132275132 0.05257936507936508
1 0.6782407407407407 0.314484126984127 0.0787037037037037 0.06349206349206349
1 0.39351851851851855 0.4506448412698413 0.10119047619047619 0.07415674603174603
1 0.7075066137566137 0.43563988095238093 0.08300264550264551 0.06870039682539683
1 0.45965608465608465 0.33196924603174605 0.06580687830687831 0.04861111111111111
1 0.6205357142857143 0.40240575396825395 0.08002645502645503 0.05927579365079365
1 0.6218584656084656 0.5466269841269841 0.08498677248677249 0.06374007936507936
1 0.5133928571428571 0.2482638888888889 0.06547619047619048 0.060267857142857144
1 0.6018518518518519 0.2785218253968254 0.06977513227513228 0.0625
1 0.5408399470899471 0.5104166666666666 0.083994708994709 0.059027777777777776