1 0.11194590533433509 0.889269406392694 0.1457550713749061 0.1917808219178082
1 0.5522163786626596 0.7842465753424658 0.11720510894064613 0.15182648401826485
1 0.29902329075882794 0.8025114155251142 0.13749060856498874 0.1963470319634703
1 0.0811419984973704 0.6449771689497716 0.13673929376408714 0.1952054794520548
1 0.4823441021788129 0.478310502283105 0.1149511645379414 0.1415525114155251
1 0.8858001502629602 0.6141552511415526 0.09842223891810668 0.09817351598173515
1 0.6333583771600301 0.2591324200913242 0.09767092411720511 0.10844748858447488
1 0.8061607813673929 0.3344748858447489 0.08039068369646882 0.10616438356164383
1 0.2554470323065364 0.5296803652968036 0.13298271975957926 0.18036529680365296
1 0.8444778362133734 0.4668949771689498 0.09166040570999248 0.10730593607305935
1 0.4567993989481593 0.3458904109589041 0.10067618332081142 0.1404109589041096
1 0.6649135987978964 0.3972602739726027 0.09166040570999248 0.10844748858447488
1 0.7024793388429752 0.5399543378995434 0.10818933132982719 0.1278538812785388
1 0.7430503380916604 0.6883561643835616 0.10969196093163035 0.1495433789954338
1 0.7670924117205109 0.19863013698630136 0.0879038317054846 0.09246575342465753
1 0.5274229902329076 0.6164383561643836 0.11720510894064613 0.16210045662100456