1 0.4828042328042328 0.6529017857142857 0.11144179894179894 0.07961309523809523
1 0.4126984126984127 0.5398065476190477 0.08167989417989419 0.057787698412698416
1 0.26951058201058203 0.5726686507936508 0.07671957671957672 0.0716765873015873
1 0.35267857142857145 0.6837797619047619 0.10747354497354497 0.08010912698412699
1 0.4323743386243386 0.3550347222222222 0.05357142857142857 0.046378968253968256
1 0.45105820105820105 0.43018353174603174 0.0625 0.05654761904761905
1 0.30539021164021163 0.4554811507936508 0.060515873015873016 0.05084325396825397
1 0.5057870370370371 0.7437996031746031 0.10416666666666667 0.06522817460317461
1 0.2800925925925926 0.3776041666666667 0.056878306878306875 0.04290674603174603
1 0.3402777777777778 0.5548115079365079 0.06779100529100529 0.06572420634920635
1 0.35796957671957674 0.36681547619047616 0.051587301587301584 0.047867063492063495
1 0.2035383597883598 0.38578869047619047 0.052248677248677246 0.04985119047619048
1 0.22817460317460317 0.46899801587301587 0.06349206349206349 0.060267857142857144
1 0.3804563492063492 0.4410962301587302 0.05886243386243386 0.051587301587301584
1 0.48148148148148145 0.5244295634920635 0.07275132275132275 0.061507936507936505
1 0.3759920634920635 0.7752976190476191 0.10912698412698413 0.08010912698412699