1 0.34755291005291006 0.2777777777777778 0.103505291005291 0.06820436507936507
1 0.4072420634920635 0.38504464285714285 0.09821428571428571 0.07316468253968254
1 0.5396825396825397 0.34250992063492064 0.10218253968253968 0.07341269841269842
1 0.48561507936507936 0.2378472222222222 0.08895502645502645 0.07242063492063493
1 0.5768849206349206 0.47780257936507936 0.07407407407407407 0.07018849206349206
1 0.43171296296296297 0.5223214285714286 0.07738095238095238 0.0642361111111111
1 0.5016534391534392 0.5014880952380952 0.07308201058201058 0.05927579365079365
1 0.5560515873015873 0.5941220238095238 0.06580687830687831 0.04985119047619048
1 0.6459986772486772 0.45337301587301587 0.07738095238095238 0.07142857142857142
1 0.6284722222222222 0.5693204365079365 0.06448412698412699 0.052083333333333336
1 0.6617063492063492 0.6371527777777778 0.05092592592592592 0.041666666666666664
1 0.6939484126984127 0.5477430555555556 0.061507936507936505 0.04985119047619048
1 0.7311507936507936 0.6148313492063492 0.05026455026455026 0.04290674603174603
1 0.5968915343915344 0.6614583333333334 0.045304232804232805 0.04092261904761905
1 0.4889219576719577 0.6187996031746031 0.060515873015873016 0.051587301587301584
1 0.5261243386243386 0.6860119047619048 0.036375661375661374 0.03298611111111111