1 0.4964929859719439 0.02868150684931507 0.0871743486973948 0.05736301369863014
1 0.3076152304609218 0.351027397260274 0.0811623246492986 0.06335616438356165
1 0.7705410821643287 0.3082191780821918 0.07915831663326653 0.0702054794520548
1 0.6202404809619239 0.4546232876712329 0.045090180360721446 0.031678082191780824
1 0.9268537074148296 0.5248287671232876 0.041082164328657314 0.04366438356164384
1 0.7194388777555111 0.6523972602739726 0.026052104208416832 0.02482876712328767
1 0.6673346693386774 0.4991438356164384 0.033066132264529056 0.021404109589041095
1 0.7044088176352705 0.7106164383561644 0.04208416833667335 0.03767123287671233
1 0.9724448897795591 0.3814212328767123 0.05511022044088176 0.04195205479452055
1 0.8537074148296593 0.5419520547945206 0.023046092184368736 0.019691780821917807
1 0.5120240480961924 0.5539383561643836 0.036072144288577156 0.030821917808219176
1 0.5280561122244489 0.5976027397260274 0.03006012024048096 0.026541095890410957
1 0.5400801603206413 0.6404109589041096 0.027054108216432865 0.02482876712328767
1 0.5551102204408818 0.684931506849315 0.02905811623246493 0.023972602739726026
1 0.44488977955911824 0.5676369863013698 0.04008016032064128 0.029965753424657533
1 0.4559118236472946 0.6121575342465754 0.04408817635270541 0.032534246575342464
1 0.47194388777555113 0.6566780821917808 0.04408817635270541 0.0351027397260274
1 0.4849699398797595 0.7037671232876712 0.04208416833667335 0.036815068493150686
1 0.3517034068136273 0.589041095890411 0.05511022044088176 0.03595890410958904
1 0.36472945891783565 0.6335616438356164 0.0531062124248497 0.036815068493150686
1 0.3777555110220441 0.6772260273972602 0.047094188376753505 0.038527397260273974
1 0.3907815631262525 0.7251712328767124 0.056112224448897796 0.04452054794520548
1 0.2635270541082164 0.7191780821917808 0.07314629258517034 0.059931506849315065
1 0.24749498997995992 0.6404109589041096 0.06813627254509018 0.06592465753424658