1 0.1933867735470942 0.09332191780821918 0.11623246492985972 0.1095890410958904
1 0.12124248496993988 0.22602739726027396 0.13226452905811623 0.11815068493150685
1 0.35070140280561124 0.16352739726027396 0.11322645290581163 0.10017123287671233
1 0.2865731462925852 0.2979452054794521 0.11923847695390781 0.1172945205479452
1 0.5430861723446894 0.2679794520547945 0.08517034068136273 0.07705479452054795
1 0.46593186372745493 0.4195205479452055 0.0841683366733467 0.0702054794520548
1 0.5130260521042084 0.3381849315068493 0.09719438877755511 0.0761986301369863
1 0.7034068136272545 0.3261986301369863 0.09719438877755511 0.0625
1 0.5761523046092184 0.19863013698630136 0.07615230460921844 0.08047945205479452
1 0.7374749498997996 0.2611301369863014 0.07014028056112225 0.06335616438356165
1 0.6402805611222445 0.476027397260274 0.0781563126252505 0.07277397260273973
1 0.8567134268537074 0.3039383561643836 0.056112224448897796 0.06078767123287671
1 0.8266533066132264 0.3758561643835616 0.056112224448897796 0.05736301369863014
1 0.7915831663326653 0.4434931506849315 0.056112224448897796 0.0684931506849315
1 0.6733466933867736 0.4032534246575342 0.08316633266533066 0.06592465753424658
1 0.7645290581162325 0.5256849315068494 0.05511022044088176 0.05736301369863014