1 0.6147073412698413 0.6722883597883598 0.06125992063492063 0.07043650793650794
1 0.6331845238095238 0.5408399470899471 0.057291666666666664 0.0667989417989418
1 0.6215277777777778 0.609457671957672 0.06001984126984127 0.06514550264550265
1 0.41592261904761907 0.5911044973544973 0.06646825396825397 0.08002645502645503
1 0.7043650793650794 0.6939484126984127 0.04538690476190476 0.055224867724867725
1 0.7749255952380952 0.7123015873015873 0.03943452380952381 0.04265873015873016
1 0.6432291666666666 0.47437169312169314 0.057291666666666664 0.0701058201058201
1 0.7162698412698413 0.6312830687830688 0.044642857142857144 0.0539021164021164
1 0.5032242063492064 0.6069775132275133 0.06299603174603174 0.08068783068783068
1 0.7958829365079365 0.5793650793650794 0.033234126984126984 0.03902116402116402
1 0.7259424603174603 0.5628306878306878 0.04513888888888889 0.05787037037037037
1 0.7841021825396826 0.6456679894179894 0.04389880952380952 0.046957671957671955
1 0.8098958333333334 0.5084325396825397 0.034722222222222224 0.04265873015873016
1 0.42782738095238093 0.47271825396825395 0.06076388888888889 0.08300264550264551
1 0.5193452380952381 0.48148148148148145 0.06498015873015874 0.09358465608465609
1 0.7338789682539683 0.49603174603174605 0.04662698412698413 0.056878306878306875