1 0.2513640873015873 0.44841269841269843 0.07688492063492064 0.09623015873015874
1 0.26264880952380953 0.6006944444444444 0.0763888888888889 0.09788359788359788
1 0.36396329365079366 0.42394179894179895 0.07886904761904762 0.1001984126984127
1 0.37958829365079366 0.5687830687830688 0.08010912698412699 0.11375661375661375
1 0.4986359126984127 0.3503637566137566 0.056051587301587304 0.0701058201058201
1 0.5094246031746031 0.4255952380952381 0.0642361111111111 0.08002645502645503
1 0.5250496031746031 0.503968253968254 0.078125 0.07936507936507936
1 0.5359623015873016 0.5887896825396826 0.06398809523809523 0.08465608465608465
1 0.6096230158730159 0.32275132275132273 0.056051587301587304 0.06580687830687831
1 0.6226438492063492 0.39616402116402116 0.05952380952380952 0.06183862433862434
1 0.636780753968254 0.476521164021164 0.057291666666666664 0.05787037037037037
1 0.6531498015873016 0.5600198412698413 0.05530753968253968 0.07671957671957672
1 0.6959325396825397 0.302744708994709 0.042162698412698416 0.06779100529100529
1 0.7087053571428571 0.3774801587301587 0.05257936507936508 0.06316137566137567
1 0.7220982142857143 0.4575066137566138 0.05704365079365079 0.054563492063492064
1 0.7419394841269841 0.5380291005291006 0.04563492063492063 0.062169312169312166