1 0.6694214876033058 0.7420091324200914 0.09391435011269722 0.1232876712328767
1 0.6979714500375658 0.5114155251141552 0.0879038317054846 0.11643835616438356
1 0.6799398948159279 0.6312785388127854 0.09166040570999248 0.1141552511415525
1 0.36363636363636365 0.5993150684931506 0.10217881292261458 0.13926940639269406
1 0.8076634109691961 0.7796803652968036 0.06912096168294515 0.0958904109589041
1 0.9158527422990232 0.8116438356164384 0.06010518407212622 0.07420091324200913
1 0.7129977460555973 0.3949771689497717 0.0879038317054846 0.12214611872146118
1 0.8256949661908339 0.6700913242009132 0.06836964688204357 0.09360730593607305
1 0.49812171299774605 0.6267123287671232 0.09691960931630353 0.1404109589041096
1 0.9481592787377912 0.5787671232876712 0.05108940646130729 0.06735159817351598
1 0.8407212622088656 0.5502283105022832 0.06912096168294515 0.1004566210045662
1 0.9301277235161532 0.6952054794520548 0.06686701728024042 0.0821917808219178
1 0.9699474079639369 0.454337899543379 0.05334335086401202 0.07420091324200913
1 0.3816679188580015 0.3915525114155251 0.09316303531179564 0.1449771689497717
1 0.5229151014274981 0.4075342465753425 0.09992486851990984 0.1632420091324201
1 0.8527422990232908 0.432648401826484 0.07137490608564989 0.09931506849315068