1 0.5725859788359788 0.6551339285714286 0.11144179894179894 0.07961309523809523
1 0.5024801587301587 0.5473710317460317 0.08167989417989419 0.057787698412698416
1 0.3664021164021164 0.5818452380952381 0.07671957671957672 0.0716765873015873
1 0.44742063492063494 0.6876240079365079 0.10747354497354497 0.08010912698412699
1 0.5069444444444444 0.37028769841269843 0.05357142857142857 0.046378968253968256
1 0.5284391534391535 0.4417162698412698 0.0625 0.05654761904761905
1 0.39814814814814814 0.47532242063492064 0.060515873015873016 0.05084325396825397
1 0.6109457671957672 0.7529761904761905 0.10416666666666667 0.06522817460317461
1 0.3698743386243386 0.40128968253968256 0.056878306878306875 0.04290674603174603
1 0.4341931216931217 0.5617559523809523 0.06779100529100529 0.06572420634920635
1 0.4375 0.38665674603174605 0.051587301587301584 0.047867063492063495
1 0.29546957671957674 0.4148065476190476 0.052248677248677246 0.04985119047619048
1 0.32605820105820105 0.484375 0.06349206349206349 0.060267857142857144
1 0.46412037037037035 0.4556051587301587 0.05886243386243386 0.051587301587301584
1 0.5651455026455027 0.5319940476190477 0.07275132275132275 0.061507936507936505