1 0.11422845691382766 0.3202054794520548 0.1623246492985972 0.11986301369863013
1 0.34168336673346694 0.2611301369863014 0.14729458917835672 0.12585616438356165
1 0.1843687374749499 0.511986301369863 0.1653306613226453 0.1421232876712329
1 0.405811623246493 0.4486301369863014 0.12925851703406813 0.1327054794520548
1 0.18537074148296592 0.791095890410959 0.1372745490981964 0.11558219178082192
1 0.3216432865731463 0.7559931506849316 0.11823647294589178 0.12157534246575342
1 0.4348697394789579 0.7054794520547946 0.11222444889779559 0.11558219178082192
1 0.5380761523046093 0.6583904109589042 0.10320641282565131 0.11815068493150685
1 0.26302605210420843 0.9670376712328768 0.09519038076152304 0.06592465753424658
1 0.38276553106212424 0.940068493150685 0.10320641282565131 0.10273972602739725
1 0.49899799599198397 0.8921232876712328 0.09318637274549098 0.10188356164383562
1 0.6062124248496994 0.848458904109589 0.09318637274549098 0.0821917808219178
1 0.6422845691382766 0.9726027397260274 0.07615230460921844 0.0547945205479452