1 0.2605210420841683 0.5231164383561644 0.03907815631262525 0.04023972602739726
1 0.3927855711422846 0.4529109589041096 0.045090180360721446 0.0410958904109589
1 0.30360721442885774 0.4991438356164384 0.03807615230460922 0.03424657534246575
1 0.21943887775551102 0.4691780821917808 0.047094188376753505 0.03767123287671233
1 0.17034068136272545 0.398972602739726 0.04909819639278557 0.053082191780821915
1 0.35370741482965934 0.3998287671232877 0.041082164328657314 0.04366438356164384
1 0.1372745490981964 0.2979452054794521 0.0841683366733467 0.0625
1 0.22444889779559118 0.2577054794520548 0.06813627254509018 0.06078767123287671
1 0.26452905811623245 0.3595890410958904 0.0531062124248497 0.05051369863013699
1 0.3096192384769539 0.336472602739726 0.05110220440881764 0.04452054794520548
1 0.0811623246492986 0.22602739726027396 0.07314629258517034 0.06506849315068493
1 0.22244488977955912 0.3809931506849315 0.047094188376753505 0.053082191780821915
1 0.26753507014028055 0.4460616438356164 0.04609218436873747 0.04452054794520548
1 0.34769539078156314 0.473458904109589 0.03907815631262525 0.03339041095890411
1 0.17034068136272545 0.1875 0.07014028056112225 0.059931506849315065
1 0.312625250501002 0.4229452054794521 0.045090180360721446 0.04195205479452055
1 0.3652304609218437 0.02011986301369863 0.07314629258517034 0.04023972602739726
1 0.44789579158316634 0.06335616438356165 0.05110220440881764 0.05051369863013699
1 0.717434869739479 0.07876712328767123 0.050100200400801605 0.04280821917808219
1 0.8016032064128257 0.0351027397260274 0.05711422845691383 0.06078767123287671
1 0.5821643286573146 0.2868150684931507 0.05410821643286573 0.039383561643835614
1 0.5881763527054108 0.3715753424657534 0.06713426853707415 0.05136986301369863
1 0.49498997995991983 0.5196917808219178 0.05811623246492986 0.03767123287671233
1 0.467935871743487 0.5676369863013698 0.03507014028056112 0.0273972602739726
1 0.26452905811623245 0.6746575342465754 0.052104208416833664 0.05565068493150685
1 0.3256513026052104 0.6592465753424658 0.027054108216432865 0.026541095890410957
1 0.4759519038076152 0.7157534246575342 0.028056112224448898 0.0273972602739726
1 0.5180360721442886 0.7611301369863014 0.03707414829659319 0.036815068493150686
1 0.6723446893787575 0.7508561643835616 0.045090180360721446 0.053082191780821915
1 0.6382765531062125 0.8073630136986302 0.04609218436873747 0.031678082191780824
1 0.405811623246493 0.9409246575342466 0.05911823647294589 0.05650684931506849
1 0.47194388777555113 0.9203767123287672 0.025050100200400802 0.03339041095890411
1 0.6482965931863728 0.9820205479452054 0.03507014028056112 0.021404109589041095