1 0.3997995991983968 0.1618150684931507 0.09318637274549098 0.08561643835616438
1 0.2715430861723447 0.3356164383561644 0.050100200400801605 0.045376712328767124
1 0.5891783567134269 0.3578767123287671 0.04609218436873747 0.04708904109589041
1 0.3336673346693387 0.3732876712328767 0.03507014028056112 0.02910958904109589
1 0.5220440881763527 0.3835616438356164 0.027054108216432865 0.03339041095890411
1 0.6182364729458918 0.20205479452054795 0.06212424849699399 0.04452054794520548
1 0.8006012024048096 0.4974315068493151 0.06813627254509018 0.05051369863013699
1 0.6913827655310621 0.2465753424657534 0.026052104208416832 0.017123287671232876
1 0.7995991983967936 0.4220890410958904 0.02905811623246493 0.030821917808219176
1 0.9328657314629258 0.2559931506849315 0.027054108216432865 0.023116438356164382
1 0.18236472945891782 0.4511986301369863 0.033066132264529056 0.02482876712328767
1 0.20240480961923848 0.4940068493150685 0.02905811623246493 0.031678082191780824
1 0.22444889779559118 0.5368150684931506 0.028056112224448898 0.0273972602739726
1 0.11222444889779559 0.4777397260273973 0.045090180360721446 0.03424657534246575
1 0.13326653306613226 0.5205479452054794 0.03707414829659319 0.0351027397260274
1 0.1523046092184369 0.5642123287671232 0.047094188376753505 0.02910958904109589
1 0.1713426853707415 0.6078767123287672 0.04609218436873747 0.030821917808219176
1 0.023046092184368736 0.5128424657534246 0.04609218436873747 0.039383561643835614
1 0.04008016032064128 0.5565068493150684 0.061122244488977955 0.0351027397260274
1 0.05811623246492986 0.5993150684931506 0.052104208416833664 0.04452054794520548
1 0.07515030060120241 0.6446917808219178 0.050100200400801605 0.039383561643835614