1 0.14725770097670923 0.3150684931506849 0.11269722013523667 0.17009132420091325
1 0.16679188580015025 0.5490867579908676 0.10217881292261458 0.1643835616438356
1 0.2997746055597295 0.2773972602739726 0.11570247933884298 0.1815068493150685
1 0.32832456799398946 0.4977168949771689 0.12697220135236664 0.1963470319634703
1 0.48534936138241924 0.1461187214611872 0.08940646130728776 0.12100456621004566
1 0.5033809166040571 0.2682648401826484 0.08489857250187828 0.1267123287671233
1 0.5206611570247934 0.3904109589041096 0.10217881292261458 0.1232876712328767
1 0.5432006010518408 0.5182648401826484 0.09166040570999248 0.10616438356164383
1 0.6416228399699474 0.0958904109589041 0.07663410969196092 0.09474885844748858
1 0.6574004507888805 0.21232876712328766 0.0743801652892562 0.08789954337899543
1 0.6799398948159279 0.3401826484018265 0.07137490608564989 0.10273972602739725
1 0.6979714500375658 0.4657534246575342 0.07663410969196092 0.1004566210045662
1 0.7513148009015778 0.06164383561643835 0.05033809166040571 0.07534246575342465
1 0.772351615326822 0.18378995433789955 0.054845980465815174 0.08447488584474885
1 0.797145003756574 0.2979452054794521 0.05259203606311044 0.091324200913242
1 0.8256949661908339 0.4292237442922374 0.054094665664913597 0.08561643835616438