1 0.3603670634920635 0.5067791005291006 0.047619047619047616 0.06977513227513228
1 0.37884424603174605 0.6041666666666666 0.05530753968253968 0.07506613756613757
1 0.3974454365079365 0.7040343915343915 0.049107142857142856 0.07076719576719577
1 0.4184027777777778 0.8202711640211641 0.06547619047619048 0.08300264550264551
1 0.45696924603174605 0.5084325396825397 0.057539682539682536 0.07605820105820106
1 0.48115079365079366 0.595734126984127 0.057787698412698416 0.07043650793650794
1 0.5014880952380952 0.6926256613756614 0.06770833333333333 0.082010582010582
1 0.5277777777777778 0.7974537037037037 0.06498015873015874 0.09093915343915344
1 0.566344246031746 0.5026455026455027 0.06721230158730158 0.07804232804232804
1 0.5869295634920635 0.5873015873015873 0.06944444444444445 0.07738095238095238
1 0.6164434523809523 0.6755952380952381 0.07142857142857142 0.07804232804232804
1 0.6448412698412699 0.7721560846560847 0.07018849206349206 0.09821428571428571
1 0.6968005952380952 0.5512566137566137 0.06324404761904762 0.0873015873015873
1 0.7751736111111112 0.5476190476190477 0.05927579365079365 0.07837301587301587
1 0.8251488095238095 0.6746031746031746 0.06845238095238096 0.11044973544973545
1 0.7473958333333334 0.6903108465608465 0.06398809523809523 0.10747354497354497