1 0.36569940476190477 0.4975198412698413 0.07787698412698413 0.09689153439153439
1 0.5193452380952381 0.5398478835978836 0.07614087301587301 0.07341269841269842
1 0.40153769841269843 0.6450066137566137 0.07936507936507936 0.103505291005291
1 0.29402281746031744 0.6927910052910053 0.07242063492063493 0.105489417989418
1 0.6547619047619048 0.5691137566137566 0.07961309523809523 0.07341269841269842
1 0.7513640873015873 0.5188492063492064 0.05704365079365079 0.06316137566137567
1 0.4976438492063492 0.4603174603174603 0.05580357142857143 0.07076719576719577
1 0.6304563492063492 0.47701719576719576 0.06225198412698413 0.08366402116402116
1 0.5373263888888888 0.6291335978835979 0.0818452380952381 0.08597883597883597
1 0.6976686507936508 0.35548941798941797 0.04563492063492063 0.05489417989417989
1 0.5871775793650794 0.3237433862433862 0.07366071428571429 0.082010582010582
1 0.7220982142857143 0.43171296296296297 0.05233134920634921 0.060515873015873016
1 0.6717509920634921 0.2728174603174603 0.04365079365079365 0.05787037037037037
1 0.27058531746031744 0.5474537037037037 0.0818452380952381 0.11177248677248677
1 0.47941468253968256 0.38756613756613756 0.06349206349206349 0.07142857142857142
1 0.607390873015873 0.40145502645502645 0.058779761904761904 0.07407407407407407