1 0.6893787575150301 0.1267123287671233 0.08517034068136273 0.0779109589041096
1 0.22745490981963928 0.19006849315068494 0.09819639278557114 0.0642123287671233
1 0.17535070140280562 0.4751712328767123 0.06913827655310621 0.06506849315068493
1 0.1963927855711423 0.5616438356164384 0.07715430861723446 0.06335616438356165
1 0.2865731462925852 0.4272260273972603 0.050100200400801605 0.046232876712328765
1 0.29458917835671344 0.4726027397260274 0.06012024048096192 0.039383561643835614
1 0.3096192384769539 0.5128424657534246 0.05511022044088176 0.036815068493150686
1 0.3226452905811623 0.5590753424657534 0.05811623246492986 0.0488013698630137
1 0.374749498997996 0.4032534246575342 0.045090180360721446 0.03339041095890411
1 0.3867735470941884 0.4452054794520548 0.04809619238476954 0.03424657534246575
1 0.40180360721442887 0.4871575342465753 0.04408817635270541 0.030821917808219176
1 0.41583166332665333 0.5299657534246576 0.04809619238476954 0.03595890410958904
1 0.44288577154308617 0.386986301369863 0.02905811623246493 0.03424657534246575
1 0.45691382765531063 0.4289383561643836 0.03206412825651302 0.0273972602739726
1 0.47194388777555113 0.4717465753424658 0.03206412825651302 0.030821917808219176
1 0.4879759519038076 0.5154109589041096 0.03006012024048096 0.028253424657534245
1 0.5480961923847696 0.285958904109589 0.045090180360721446 0.03767123287671233
1 0.5961923847695391 0.3270547945205479 0.028056112224448898 0.02482876712328767
1 0.8537074148296593 0.3373287671232877 0.05410821643286573 0.04366438356164384
1 0.7805611222444889 0.3587328767123288 0.027054108216432865 0.03339041095890411
1 0.655310621242485 0.4726027397260274 0.03006012024048096 0.0273972602739726
1 0.6412825651302605 0.5308219178082192 0.050100200400801605 0.045376712328767124
1 0.8997995991983968 0.1969178082191781 0.052104208416833664 0.045376712328767124
1 0.9639278557114228 0.2440068493150685 0.027054108216432865 0.02910958904109589