1 0.6102843915343915 0.6778273809523809 0.1207010582010582 0.09226190476190477
1 0.5203373015873016 0.5381944444444444 0.08333333333333333 0.07068452380952381
1 0.35697751322751325 0.574156746031746 0.07671957671957672 0.0716765873015873
1 0.48842592592592593 0.8306051587301587 0.10846560846560846 0.08655753968253968
1 0.44841269841269843 0.7059771825396826 0.10945767195767196 0.0900297619047619
1 0.5360449735449735 0.33556547619047616 0.05357142857142857 0.046378968253968256
1 0.5671296296296297 0.4182787698412698 0.0625 0.05654761904761905
1 0.40575396825396826 0.44990079365079366 0.060515873015873016 0.05084325396825397
1 0.6458333333333334 0.7989831349206349 0.11541005291005291 0.09052579365079365
1 0.37549603174603174 0.3680555555555556 0.056878306878306875 0.04290674603174603
1 0.4459325396825397 0.558531746031746 0.07837301587301587 0.06770833333333333
1 0.4583333333333333 0.35131448412698413 0.051587301587301584 0.047867063492063495
1 0.2962962962962963 0.3802083333333333 0.052248677248677246 0.04985119047619048
1 0.32423941798941797 0.46316964285714285 0.06349206349206349 0.060267857142857144
1 0.48478835978835977 0.43154761904761907 0.05886243386243386 0.051587301587301584
1 0.6010251322751323 0.5277777777777778 0.07275132275132275 0.061507936507936505