1 0.6240079365079365 0.37375992063492064 0.056878306878306875 0.041914682539682536
1 0.328042328042328 0.40662202380952384 0.05324074074074074 0.036458333333333336
1 0.5320767195767195 0.4618055555555556 0.03273809523809524 0.024305555555555556
1 0.5638227513227513 0.48462301587301587 0.017857142857142856 0.011160714285714286
1 0.7268518518518519 0.49516369047619047 0.027116402116402115 0.02554563492063492
1 0.6822089947089947 0.5049603174603174 0.017526455026455025 0.014632936507936508
1 0.5963955026455027 0.5685763888888888 0.023148148148148147 0.01711309523809524
1 0.5868055555555556 0.6014384920634921 0.027447089947089946 0.021825396825396824
1 0.7566137566137566 0.4164186507936508 0.04133597883597884 0.024305555555555556
1 0.7971230158730159 0.44320436507936506 0.025793650793650792 0.010912698412698412
1 0.8568121693121693 0.5460069444444444 0.01521164021164021 0.011656746031746032
1 0.8513558201058201 0.5854414682539683 0.03306878306878307 0.028273809523809524
1 0.9494047619047619 0.462921626984127 0.017857142857142856 0.011904761904761904
1 0.9953703703703703 0.4487847222222222 0.009259259259259259 0.028769841269841268
1 0.46478174603174605 0.5162450396825397 0.01455026455026455 0.013392857142857142
1 0.47238756613756616 0.5398065476190477 0.02017195767195767 0.015376984126984126
1 0.4816468253968254 0.5637400793650794 0.018187830687830687 0.014632936507936508
1 0.49090608465608465 0.5880456349206349 0.018187830687830687 0.015625
1 0.4224537037037037 0.525421626984127 0.026124338624338623 0.01711309523809524
1 0.42939814814814814 0.5487351190476191 0.028769841269841268 0.018601190476190476
1 0.4384920634920635 0.5736607142857143 0.028769841269841268 0.020089285714285716
1 0.4462632275132275 0.5979662698412699 0.027777777777777776 0.021081349206349208
1 0.3637566137566138 0.5389384920634921 0.036044973544973546 0.02058531746031746
1 0.3716931216931217 0.5622519841269841 0.034722222222222224 0.021081349206349208
1 0.37880291005291006 0.5864335317460317 0.031084656084656083 0.022321428571428572
1 0.3855820105820106 0.6116071428571429 0.036044973544973546 0.02132936507936508
1 0.30539021164021163 0.6114831349206349 0.04431216931216931 0.030257936507936508
1 0.24553571428571427 0.6251240079365079 0.0419973544973545 0.030753968253968252
1 0.29447751322751325 0.5667162698412699 0.0419973544973545 0.02976190476190476