1 0.34871031746031744 0.5478670634920635 0.025793650793650792 0.023313492063492064
1 0.4351851851851852 0.5078125 0.02943121693121693 0.023561507936507936
1 0.3768187830687831 0.5341021825396826 0.0248015873015873 0.01984126984126984
1 0.32242063492063494 0.5168650793650794 0.030753968253968252 0.021825396825396824
1 0.2906746031746032 0.47681051587301587 0.03207671957671958 0.030753968253968252
1 0.4095568783068783 0.4773065476190476 0.026785714285714284 0.025049603174603176
1 0.26868386243386244 0.4195188492063492 0.05489417989417989 0.035962301587301584
1 0.3253968253968254 0.39632936507936506 0.04431216931216931 0.034970238095238096
1 0.3513558201058201 0.45436507936507936 0.034722222222222224 0.029017857142857144
1 0.38095238095238093 0.4412202380952381 0.03373015873015873 0.02554563492063492
1 0.23247354497354497 0.3785962301587302 0.047619047619047616 0.03720238095238095
1 0.32423941798941797 0.4670138888888889 0.031084656084656083 0.030753968253968252
1 0.35383597883597884 0.503844246031746 0.03042328042328042 0.025793650793650792
1 0.40575396825396826 0.519469246031746 0.02546296296296296 0.019097222222222224
1 0.29034391534391535 0.35652281746031744 0.04563492063492063 0.03422619047619048
1 0.3826058201058201 0.49069940476190477 0.02976190476190476 0.024305555555555556
1 0.4174933862433862 0.2535962301587302 0.04794973544973545 0.03869047619047619
1 0.4708994708994709 0.28583829365079366 0.0333994708994709 0.029017857142857144
1 0.6456679894179894 0.2942708333333333 0.03273809523809524 0.024553571428571428
1 0.7005621693121693 0.2693452380952381 0.03736772486772487 0.034970238095238096
1 0.5582010582010583 0.4130704365079365 0.035383597883597885 0.022817460317460316
1 0.5616732804232805 0.46118551587301587 0.04365079365079365 0.02976190476190476
1 0.5011574074074074 0.5460069444444444 0.03802910052910053 0.021577380952380952
1 0.4837962962962963 0.5731646825396826 0.023148148148148147 0.015625
1 0.351521164021164 0.6343005952380952 0.03406084656084656 0.031994047619047616
1 0.39103835978835977 0.6256200396825397 0.018187830687830687 0.015376984126984126
1 0.4892526455026455 0.6574900793650794 0.018849206349206348 0.015625
1 0.5160383597883598 0.6837797619047619 0.02447089947089947 0.021081349206349208
1 0.6167328042328042 0.6779513888888888 0.02976190476190476 0.03050595238095238
1 0.5944113756613757 0.7099454365079365 0.03042328042328042 0.018353174603174604
1 0.44345238095238093 0.7860863095238095 0.03869047619047619 0.03249007936507937
1 0.4861111111111111 0.7745535714285714 0.016865079365079364 0.019345238095238096
1 0.6008597883597884 0.8093998015873016 0.022817460317460316 0.012648809523809524
1 0.6301256613756614 0.8387896825396826 0.036044973544973546 0.027281746031746032