1 0.25851703406813625 0.054366438356164386 0.15831663326653306 0.10873287671232877
1 0.35070140280561124 0.238013698630137 0.15030060120240482 0.12756849315068494
1 0.5541082164328658 0.16267123287671234 0.156312625250501 0.1284246575342466
1 0.4709418837675351 0.021404109589041095 0.13627254509018036 0.04280821917808219
1 0.6112224448897795 0.4006849315068493 0.11322645290581163 0.12243150684931507
1 0.3877755511022044 0.4785958904109589 0.11823647294589178 0.11215753424657535
1 0.49599198396793587 0.4417808219178082 0.11222444889779559 0.1035958904109589
1 0.5791583166332666 0.6044520547945206 0.10120240480961924 0.08732876712328767
1 0.717434869739479 0.3578767123287671 0.11823647294589178 0.125
1 0.6903807615230461 0.5607876712328768 0.09919839679358718 0.09075342465753425
1 0.7414829659318637 0.6797945205479452 0.0781563126252505 0.07277397260273973
1 0.7915831663326653 0.5231164383561644 0.09418837675350701 0.08732876712328767
1 0.8486973947895792 0.6404109589041096 0.07715430861723446 0.07448630136986302
1 0.6422845691382766 0.7226027397260274 0.06913827655310621 0.07106164383561644
1 0.4759519038076152 0.6472602739726028 0.09218436873747494 0.0898972602739726
1 0.533066132264529 0.7654109589041096 0.05511022044088176 0.05736301369863014