1 0.23215627347858753 0.4463470319634703 0.08489857250187828 0.13356164383561644
1 0.24042073628850488 0.6061643835616438 0.0743801652892562 0.1141552511415525
1 0.2531930879038317 0.7831050228310502 0.06912096168294515 0.10159817351598173
1 0.2697220135236664 0.9503424657534246 0.0781367392937641 0.09931506849315068
1 0.3876784372652141 0.4212328767123288 0.08489857250187828 0.1324200913242009
1 0.4004507888805409 0.5947488584474886 0.08940646130728776 0.13356164383561644
1 0.41021788129226144 0.7659817351598174 0.08564988730277986 0.1267123287671233
1 0.4166040570999249 0.9366438356164384 0.08339594290007513 0.1267123287671233
1 0.5965439519158527 0.3938356164383562 0.10743801652892562 0.15753424657534246
1 0.6100676183320811 0.5764840182648402 0.11945905334335086 0.16210045662100456
1 0.6220886551465064 0.7591324200913242 0.10894064613072878 0.1541095890410959
1 0.6303531179564238 0.9263698630136986 0.11720510894064613 0.14726027397260275
1 0.8910593538692713 0.4794520547945205 0.1517655897821187 0.23972602739726026
1 0.9060856498873028 0.815068493150685 0.1487603305785124 0.2420091324200913