1 0.5501002004008017 0.702054794520548 0.12725450901803606 0.12157534246575342
1 0.4198396793587174 0.550513698630137 0.1062124248496994 0.09845890410958905
1 0.25551102204408815 0.6292808219178082 0.1092184368737475 0.0958904109589041
1 0.3927855711422846 0.7833904109589042 0.13627254509018036 0.1292808219178082
1 0.62625250501002 0.8381849315068494 0.16032064128256512 0.11386986301369863
1 0.3396793587174349 0.586472602739726 0.09218436873747494 0.07962328767123288
1 0.16733466933867736 0.4854452054794521 0.09218436873747494 0.07962328767123288
1 0.5140280561122245 0.514554794520548 0.09418837675350701 0.09503424657534247
1 0.48396793587174347 0.9169520547945206 0.1372745490981964 0.1190068493150685
1 0.25851703406813625 0.4537671232876712 0.09118236472945891 0.08304794520547945
1 0.342685370741483 0.4160958904109589 0.0871743486973948 0.0761986301369863
1 0.43286573146292584 0.3784246575342466 0.07515030060120241 0.0625
1 0.11222444889779559 0.3809931506849315 0.06713426853707415 0.059931506849315065
1 0.20040080160320642 0.3467465753424658 0.06613226452905811 0.05821917808219178
1 0.28857715430861725 0.3116438356164384 0.06513026052104208 0.05136986301369863
1 0.3787575150300601 0.2833904109589041 0.05811623246492986 0.04708904109589041