1 0.4558531746031746 0.4708994708994709 0.03149801587301587 0.04794973544973545
1 0.46056547619047616 0.5367063492063492 0.03249007936507937 0.045965608465608467
1 0.4632936507936508 0.6026785714285714 0.03546626984126984 0.03736772486772487
1 0.46279761904761907 0.6706349206349206 0.040426587301587304 0.041005291005291
1 0.5230654761904762 0.466765873015873 0.03943452380952381 0.0625
1 0.5259176587301587 0.5333994708994709 0.03943452380952381 0.057539682539682536
1 0.5291418650793651 0.6020171957671958 0.046378968253968256 0.057539682539682536
1 0.5333581349206349 0.6674933862433863 0.03968253968253968 0.056216931216931214
1 0.6096230158730159 0.4636243386243386 0.050347222222222224 0.06183862433862434
1 0.6139632936507936 0.5277777777777778 0.05133928571428571 0.05919312169312169
1 0.6196676587301587 0.5929232804232805 0.05009920634920635 0.059854497354497355
1 0.6233878968253969 0.6605489417989417 0.053323412698412696 0.06283068783068783
1 0.7266865079365079 0.49851190476190477 0.06721230158730158 0.09523809523809523
1 0.734375 0.6137566137566137 0.06225198412698413 0.08465608465608465
1 0.8154761904761905 0.48660714285714285 0.06374007936507936 0.08333333333333333
1 0.824280753968254 0.607473544973545 0.06125992063492063 0.08333333333333333