0 0.097265625 0.66640625 0.19453125 0.153125
0 0.62734375 0.54375 0.165625 0.028125
0 0.6453125 0.59453125 0.08984375 0.0484375
1 0.1019296875 0.24493749999999997 0.027476562500000003 0.02734375
1 0.1459140625 0.2023984375 0.029414062499999998 0.029117187500000002
1 0.147203125 0.2424765625 0.026578125 0.026234374999999997
1 0.10030468749999999 0.205046875 0.0270078125 0.0259453125
1 0.48446875 0.35228125 0.0180234375 0.0172890625
1 0.4822421875 0.3785625 0.017343749999999998 0.018046875
1 0.4865859375 0.32275 0.019390625 0.018070312499999998
1 0.48880468749999995 0.29728125 0.0175234375 0.016367187499999998
1 0.5237734374999999 0.35417187499999997 0.0159765625 0.015320312499999999
1 0.0506484375 0.1969296875 0.0198203125 0.0178515625
1 0.049570312500000005 0.21594531250000001 0.0206953125 0.01834375
1 0.5221171874999999 0.3810859375 0.0164609375 0.0156484375
1 0.048835937499999996 0.25940625 0.023015625 0.0211328125
1 0.527515625 0.2995546875 0.014343749999999999 0.013390625
1 0.006609375000000001 0.26321875 0.013218750000000001 0.0192734375
1 0.0086640625 0.198671875 0.014937500000000001 0.016015625
1 0.049648437499999996 0.23405468749999997 0.0220859375 0.0201015625
1 0.52478125 0.3237265625 0.014859375 0.014296875
1 0.006921874999999999 0.23083593750000003 0.013843749999999998 0.0259453125