0 0.7 0.38372093023255816 0.0859375 0.12790697674418605
1 0.5832421875 0.4829360465116279 0.0356953125 0.04286337209302325
1 0.53896875 0.47677325581395347 0.038265625 0.04363372093023256
1 0.5848359375000001 0.41311046511627914 0.033460937499999996 0.03744186046511628
1 0.5405859375000001 0.40873546511627906 0.0340703125 0.037122093023255816
1 0.6375859375 0.5089098837209303 0.0350234375 0.03597383720930233
1 0.6827890625 0.47943313953488376 0.022453124999999997 0.024302325581395348
1 0.6826953125 0.44011627906976747 0.0244375 0.026555232558139533
1 0.684953125 0.518110465116279 0.0211015625 0.022572674418604652
1 0.6369140625 0.4353924418604651 0.030851562500000002 0.03457848837209302
1 0.6361640625 0.4726889534883721 0.032203125 0.03508720930232558
1 0.7162734375 0.5225145348837209 0.0193046875 0.01953488372093023
1 0.6355859374999999 0.4027470930232558 0.025890625 0.029316860465116282
1 0.7127343749999999 0.48533430232558145 0.017734375 0.017936046511627907