0 0.01875 0.4515625 0.0375 0.0859375
0 0.61484375 0.403125 0.04375 0.065625
0 0.04296875 0.628125 0.0859375 0.1640625
0 0.8140625 0.57421875 0.1015625 0.1296875
1 0.047531250000000004 0.2829609375 0.029898437500000003 0.029914062499999998
1 0.6106328125 0.3045 0.01921875 0.019390625
1 0.64384375 0.30236718749999997 0.020203125 0.020828125
1 0.64215625 0.2684609375 0.01940625 0.0188984375
1 0.01496875 0.330171875 0.026289062499999998 0.030367187499999997
1 0.6146015625000001 0.26928125 0.019773437499999998 0.01934375
1 0.0527578125 0.32984375 0.030656250000000003 0.0316015625
1 0.014265625 0.2881875 0.0258828125 0.0300703125
1 0.07080468749999999 0.3775078125 0.0208828125 0.024375
1 0.030578125 0.4233828125 0.0193515625 0.0182421875
1 0.652671875 0.34395312499999997 0.0159453125 0.0159609375
1 0.0733203125 0.4241484375 0.017210937500000002 0.018078125
1 0.0525390625 0.4584765625 0.014171875 0.013125000000000001
1 0.0072265625 0.37828125 0.014453125 0.0219921875
1 0.045875 0.3772890625 0.018890625 0.02078125
1 0.6048515625 0.3451484375 0.0153046875 0.01578125
1 0.0280625 0.37898437500000004 0.01934375 0.0211484375
1 0.0503125 0.42153124999999997 0.017765625 0.018070312499999998
1 0.0758046875 0.458328125 0.013500000000000002 0.0132109375
1 0.6214765625 0.34478906249999997 0.016468749999999997 0.015921875
1 0.6533828125000001 0.37478125 0.012968750000000001 0.012773437500000002
1 0.635609375 0.37584375 0.013296875 0.012765625
1 0.6356640625 0.340921875 0.0165078125 0.0151328125
1 0.659890625 0.4065625 0.0133125 0.0203203125
1 0.6380859375 0.4062265625 0.011898437500000001 0.015984375000000002