0 0.71640625 0.32848837209302323 0.09453125 0.12645348837209303
1 0.5041328125 0.46184593023255816 0.0372109375 0.042281976744186045
1 0.6087109374999999 0.49395348837209296 0.0311875 0.03555232558139535
1 0.6052890625 0.4151162790697675 0.026296874999999997 0.03010174418604651
1 0.55240625 0.46396802325581393 0.036453124999999996 0.04244186046511628
1 0.6049765625 0.45627906976744187 0.026210937499999996 0.03228197674418605
1 0.5061484375 0.39436046511627904 0.034171875000000004 0.03787790697674418
1 0.5535078125 0.3964098837209303 0.0333125 0.036526162790697675
1 0.603375 0.3788953488372093 0.0248046875 0.026526162790697673
1 0.6474921874999999 0.4181104651162791 0.02015625 0.022892441860465115
1 0.68296875 0.42113372093023255 0.016796875 0.016656976744186047
1 0.646109375 0.3801744186046512 0.021109375 0.022005813953488374
1 0.6500703125 0.4605668604651163 0.018914062500000002 0.020348837209302327
1 0.6856093750000001 0.46265988372093025 0.016578125 0.01693313953488372
1 0.65284375 0.49661337209302325 0.0194765625 0.021613372093023255
1 0.6809140625000001 0.38324127906976746 0.016718749999999998 0.017223837209302324
1 0.6883203124999999 0.49655523255813955 0.0166015625 0.01678779069767442