0 0.023046875 0.21015625 0.04609375 0.040625
0 0.58828125 0.0984375 0.1 0.1203125
0 0.72109375 0.30078125 0.06796875 0.0890625
0 0.31875 0.78125 0.1625 0.253125
1 0.027125 0.31549218749999997 0.01665625 0.016523437499999998
1 0.029648437500000003 0.29700000000000004 0.0158515625 0.0146796875
1 0.031820312499999996 0.2739921875 0.0148046875 0.013734374999999998
1 0.0326875 0.25578124999999996 0.015 0.0145625
1 0.058796875000000005 0.25880468749999996 0.013578125 0.0132109375
1 0.053921874999999994 0.3178046875 0.0131640625 0.012828125000000001
1 0.0560546875 0.2773046875 0.01234375 0.0121015625
1 0.0546171875 0.29997656250000004 0.013382812499999999 0.0128359375