0 0.2859375 0.2375 0.1046875 0.125
0 0.31796875 0.32109375 0.071875 0.04375
0 0.9484375 0.365625 0.103125 0.0953125
0 0.3484375 0.580859375 0.3125 0.12265625
0 0.85546875 0.7375 0.1734375 0.225
1 0.5937109375 0.5545546875 0.046367187500000004 0.04928125
1 0.20328125 0.232671875 0.025875 0.026578125
1 0.20746875 0.2720078125 0.025523437500000003 0.026125
1 0.8978046875000001 0.54353125 0.0440390625 0.0451015625
1 0.6529921875 0.5849453125 0.036046875 0.037
1 0.7651796875 0.8136484375 0.045156249999999995 0.0481640625
1 0.8430781250000001 0.58009375 0.0335546875 0.034921875000000005
1 0.33220312500000004 0.23035156250000002 0.0172890625 0.017218749999999998
1 0.3321328125 0.2105078125 0.0183046875 0.0185
1 0.7562890624999999 0.7483906250000001 0.028695312499999997 0.0286015625
1 0.2455234375 0.22785937500000003 0.022101562499999998 0.0251171875
1 0.363421875 0.22860156250000002 0.01353125 0.0134296875
1 0.3321640625 0.25451562499999997 0.014828125000000001 0.0149140625
1 0.3653984375 0.2717109375 0.01521875 0.01440625
1 0.3630546875 0.2098125 0.014578125 0.01509375
1 0.3335625 0.2741484375 0.014070312500000001 0.0149296875
1 0.3638984375 0.25305468750000004 0.014296875 0.013546875