0 0.54921875 0.39680232558139533 0.065625 0.0755813953488372
1 0.5335703125 0.5514244186046512 0.026210937499999996 0.029127906976744184
1 0.531265625 0.5910755813953489 0.027953125000000002 0.029113372093023258
1 0.5718515625 0.5992151162790698 0.022828124999999998 0.024534883720930233
1 0.573421875 0.5599273255813954 0.0226796875 0.023924418604651165
1 0.53459375 0.5158430232558139 0.027523437499999998 0.034534883720930235
1 0.5738828125000001 0.5243604651162791 0.02009375 0.02130813953488372
1 0.5995390625 0.5692587209302326 0.017890625 0.018110465116279072
1 0.5745625000000001 0.48752906976744187 0.018828125 0.02065406976744186
1 0.5989296875 0.6030087209302326 0.0176796875 0.017354651162790696
1 0.5993906250000001 0.5299709302325581 0.017921875 0.01895348837209302
1 0.5995234375 0.4924709302325581 0.01615625 0.016482558139534885
1 0.44509375 0.46933139534883717 0.0237578125 0.019651162790697674
1 0.48540625000000004 0.500406976744186 0.019703125 0.03765988372093023
1 0.5348437500000001 0.47138081395348835 0.023359374999999998 0.021875000000000002