0 0.396484375 0.604296875 0.04609375 0.11875
0 0.95625 0.978125 0.0875 0.04375
1 0.3077578125 0.92075 0.023296875 0.022421875
1 0.270546875 0.91684375 0.024648437500000002 0.0241328125
1 0.30584375 0.958984375 0.024492187500000002 0.024109375
1 0.3471640625 0.39842187500000004 0.025281249999999998 0.030570312500000002
1 0.26756250000000004 0.9563124999999999 0.024828125 0.024265625
1 0.9016015625 0.930015625 0.0208046875 0.021117187500000002
1 0.3728046875 0.399203125 0.022484375 0.028304687499999998
1 0.9331250000000001 0.9224921875 0.020742187500000002 0.0196328125
1 0.90990625 0.9761484375 0.027960937499999998 0.0265390625
1 0.25153125 0.9935234375 0.0249609375 0.0095625
1 0.34928906249999997 0.3420078125 0.022593750000000003 0.0255625
1 0.9412265625 0.9692968750000001 0.0280625 0.02915625
1 0.963765625 0.915578125 0.0189921875 0.017625
1 0.9893359374999999 0.9106875000000001 0.0160390625 0.0188125
1 0.3363359375 0.46607031250000003 0.022390625 0.02334375
1 0.3051171875 0.9940546875 0.031140624999999998 0.008304687500000001
1 0.2759296875 0.99409375 0.030578125 0.0084921875
1 0.373953125 0.34199999999999997 0.019984375 0.021281249999999998
1 0.366234375 0.46535937499999996 0.0174296875 0.024054687499999998
1 0.35065625 0.46448437499999995 0.0123828125 0.022828124999999998
1 0.9722734375 0.959796875 0.0266796875 0.025539062499999998
1 0.9928437499999999 0.9539843749999999 0.01234375 0.0220234375
1 0.3781640625 0.506390625 0.0193125 0.0167578125
1 0.3356328125 0.5196328125 0.017374999999999998 0.01715625
1 0.3516328125 0.51915625 0.015226562499999999 0.019578125
1 0.36490625 0.5183828125 0.015226562499999999 0.0182734375
1 0.37875000000000003 0.4643046875 0.011328125 0.02271875
1 0.334578125 0.5615234375 0.007601562500000001 0.0145546875
1 0.348796875 0.5627109375 0.0062421875 0.012171875
1 0.3611953125 0.55840625 0.009601562499999999 0.0142890625
1 0.3762265625 0.558078125 0.009867187500000001 0.016015625