0 0.207421875 0.2375 0.05703125 0.07265625
0 0.18984375 0.6609375 0.3796875 0.0765625
0 0.272265625 0.73984375 0.15859375 0.04921875
1 0.33153125 0.2512265625 0.0205234375 0.0215234375
1 0.3033671875 0.2516015625 0.021296875 0.0220078125
1 0.267328125 0.20261718750000002 0.016468749999999997 0.0150234375
1 0.32996875000000003 0.2101640625 0.019796875 0.020398437499999998
1 0.3026875 0.21242968750000002 0.0184921875 0.019
1 0.26621875 0.22209374999999998 0.0179765625 0.015578125000000002
1 0.26621875 0.24543750000000003 0.0168984375 0.0156875
1 0.26551562500000003 0.2660546875 0.018 0.01728125
1 0.23720312500000001 0.26785156250000003 0.014703125000000001 0.0150546875
1 0.21345312500000002 0.27061718749999997 0.0132890625 0.013250000000000001
1 0.240578125 0.24794531250000001 0.012562499999999999 0.0143671875