0 0.4671875 0.27109375 0.09375 0.09609375
0 0.735546875 0.0953125 0.15234375 0.1359375
0 0.7046875 0.220703125 0.090625 0.07890625
0 0.4921875 0.84609375 0.13125 0.1015625
0 0.8203125 0.603125 0.13125 0.1
1 0.286734375 0.176734375 0.030632812500000002 0.03071875
1 0.3281015625 0.1751953125 0.029171875000000003 0.027445312500000003
1 0.33115625 0.1401640625 0.0277578125 0.0255625
1 0.290046875 0.1349765625 0.0309375 0.030351562500000002
1 0.381859375 0.194140625 0.021484375 0.0208203125
1 0.3823515625 0.17093750000000002 0.021281249999999998 0.018312500000000002
1 0.3835390625 0.1514765625 0.021046875 0.0188125
1 0.42728124999999995 0.19484375 0.0192578125 0.018562500000000003
1 0.3825078125 0.1318828125 0.021476562499999997 0.0190625
1 0.425296875 0.1339921875 0.0165546875 0.016140625
1 0.426078125 0.1694765625 0.0173203125 0.01690625
1 0.4256640625 0.1536328125 0.016523437499999998 0.016296875
1 0.46196875000000004 0.1961953125 0.0141484375 0.0145234375
1 0.46096875 0.161328125 0.017078125 0.021601562499999998
1 0.461125 0.17846875 0.013046875 0.016234375000000002
1 0.45922656249999994 0.1353828125 0.0125390625 0.012734375000000001