0 0.4328125 0.10833333333333334 0.15 0.21666666666666667
0 0.642578125 0.4583333333333333 0.12578125 0.24722222222222223
0 0.06875 0.8430555555555556 0.084375 0.10555555555555556
0 0.291015625 0.9645833333333333 0.11484375 0.07083333333333333
0 0.71171875 0.9243055555555556 0.121875 0.15138888888888888
0 0.79453125 0.9625 0.046875 0.075
1 0.45465625000000004 0.3144027777777778 0.0347578125 0.04052777777777778
1 0.4165 0.3201527777777778 0.0359453125 0.04148611111111111
1 0.45913281250000004 0.3838194444444445 0.033859375000000004 0.03733333333333333
1 0.4207421875 0.3920555555555555 0.0325390625 0.036347222222222225
1 0.398015625 0.2439861111111111 0.0253828125 0.03036111111111111
1 0.42064843749999997 0.23956944444444445 0.0229375 0.030305555555555554
1 0.4385 0.23879166666666668 0.0268125 0.03327777777777778
1 0.3932109375 0.17801388888888886 0.0171171875 0.019972222222222225
1 0.6184296875 0.5669444444444445 0.019640625000000002 0.035111111111111114
1 0.41538281250000003 0.17166666666666666 0.01740625 0.017472222222222222
1 0.7121328124999999 0.431 0.020171875 0.024861111111111108
1 0.7536484375 0.423875 0.0326484375 0.03995833333333333
1 0.4564296875 0.23445833333333332 0.0207265625 0.03840277777777778
1 0.3892421875 0.1280138888888889 0.01590625 0.015000000000000001