1 0.4499097472924188 0.2029769959404601 0.03790613718411552 0.031799729364005415
1 0.5166967509025271 0.18098782138024358 0.042418772563176894 0.02706359945872801
1 0.5812274368231047 0.15663058186738837 0.03790613718411552 0.029093369418132613
1 0.6466606498194946 0.13125845737483086 0.0351985559566787 0.03112313937753721
1 0.49864620938628157 0.2753721244925575 0.04332129963898917 0.036535859269282815
1 0.5636281588447654 0.2520297699594046 0.048736462093862815 0.035182679296346414
1 0.628158844765343 0.2236129905277402 0.042418772563176894 0.039918809201623814
1 0.6913357400722022 0.2050067658998647 0.042418772563176894 0.041271989174560215
1 0.5636281588447654 0.37144790257104193 0.061371841155234655 0.05074424898511502
1 0.6268050541516246 0.34641407307171856 0.055054151624548735 0.05277401894451962
1 0.6872743682310469 0.321041948579161 0.05415162454873646 0.05277401894451962
1 0.7504512635379061 0.2970230040595399 0.05324909747292419 0.05006765899864682
1 0.782942238267148 0.4208389715832206 0.07490974729241877 0.06224627875507442
1 0.6768953068592057 0.46989174560216507 0.0740072202166065 0.061569688768606225
1 0.7287906137184116 0.5564952638700947 0.07220216606498195 0.058186738836265225
1 0.8388989169675091 0.5081190798376184 0.06949458483754513 0.05548037889039242