1 0.7993055555555556 0.6733966745843231 0.10833333333333334 0.09501187648456057
1 0.9569444444444445 0.5914489311163895 0.08611111111111111 0.0997624703087886
1 0.7173611111111111 0.5213776722090261 0.11388888888888889 0.09263657957244656
1 0.8944444444444445 0.44418052256532065 0.12083333333333333 0.10570071258907364
1 0.5631944444444444 0.34679334916864607 0.09583333333333334 0.09619952494061758
1 0.6590277777777778 0.31057007125890734 0.09166666666666666 0.08194774346793349
1 0.7534722222222222 0.2684085510688836 0.09305555555555556 0.0855106888361045
1 0.8520833333333333 0.22565320665083136 0.09166666666666666 0.08432304038004751
1 0.7722222222222223 0.0665083135391924 0.08472222222222223 0.06294536817102138
1 0.6777777777777778 0.10688836104513064 0.06944444444444445 0.06769596199524941
1 0.5791666666666667 0.1496437054631829 0.07777777777777778 0.06532066508313539
1 0.47291666666666665 0.18705463182897863 0.08194444444444444 0.057007125890736345
1 0.5118055555555555 0.02315914489311164 0.04583333333333333 0.04631828978622328
1 0.40902777777777777 0.06116389548693587 0.05694444444444444 0.04631828978622328