1 0.375 0.36738836265223274 0.048736462093862815 0.04330175913396482
1 0.4462996389891697 0.3349120433017591 0.05054151624548736 0.031799729364005415
1 0.30415162454873645 0.39851150202977 0.05054151624548736 0.035182679296346414
1 0.506768953068592 0.2936400541271989 0.05054151624548736 0.03450608930987822
1 0.36146209386281586 0.4644790257104195 0.06046931407942238 0.05074424898511502
1 0.434115523465704 0.43031123139377536 0.05685920577617329 0.04330175913396482
1 0.49232851985559567 0.39884979702300405 0.05685920577617329 0.039918809201623814
1 0.5618231046931408 0.37144790257104193 0.058664259927797835 0.039918809201623814
1 0.43772563176895307 0.5561569688768606 0.07851985559566788 0.05480378890392422
1 0.5076714801444043 0.5246955345060893 0.07129963898916968 0.05277401894451962
1 0.5839350180505415 0.4935723951285521 0.07129963898916968 0.05345060893098782
1 0.6466606498194946 0.4631258457374831 0.06407942238267147 0.05412719891745602
1 0.5843862815884476 0.6583220568335588 0.08483754512635379 0.06089309878213803
1 0.7120938628158845 0.5960757780784844 0.07851985559566788 0.061569688768606225
1 0.6755415162454874 0.7513531799729364 0.08483754512635379 0.06224627875507442
1 0.7924187725631769 0.6874154262516915 0.07942238267148015 0.06089309878213803