1 0.25315884476534295 0.3819350473612991 0.04151624548736462 0.031799729364005415
1 0.32175090252707583 0.35351826792963464 0.04332129963898917 0.030446549391069014
1 0.39305054151624547 0.3261163734776725 0.0388086642599278 0.030446549391069014
1 0.4562274368231047 0.2970230040595399 0.0388086642599278 0.02706359945872801
1 0.31362815884476536 0.45094722598105547 0.05415162454873646 0.039918809201623814
1 0.3799638989169675 0.42286874154262516 0.05054151624548736 0.037889039242219216
1 0.4453971119133574 0.3934370771312585 0.048736462093862815 0.041271989174560215
1 0.5094765342960289 0.3663734776725304 0.05144404332129964 0.04330175913396482
1 0.3844765342960289 0.5385656292286874 0.07220216606498195 0.05277401894451962
1 0.45126353790613716 0.5118403247631935 0.06407942238267147 0.04871447902571042
1 0.5126353790613718 0.4851150202976996 0.06227436823104693 0.04803788903924222
1 0.5776173285198556 0.4553450608930988 0.06046931407942238 0.05074424898511502
1 0.5153429602888087 0.6288903924221921 0.07581227436823104 0.06089309878213803
1 0.6272563176895307 0.5730717185385656 0.08032490974729242 0.06089309878213803
1 0.6931407942238267 0.6661028416779432 0.08032490974729242 0.061569688768606225
1 0.5834837545126353 0.7185385656292287 0.08303249097472924 0.05615696887686062