1 0.6263537906137184 0.7327469553450608 0.0703971119133574 0.05751014884979702
1 0.6931407942238267 0.6610284167794317 0.07129963898916968 0.05953991880920163
1 0.6033393501805054 0.601150202976996 0.07490974729241877 0.05142083897158322
1 0.5365523465703971 0.6803112313937754 0.0812274368231047 0.06089309878213803
1 0.5076714801444043 0.5098105548037889 0.05415162454873646 0.041271989174560215
1 0.46796028880866425 0.5493910690121786 0.055054151624548735 0.036535859269282815
1 0.4287003610108303 0.591339648173207 0.05685920577617329 0.03856562922868741
1 0.38853790613718414 0.6332882273342354 0.05144404332129964 0.03856562922868741
1 0.4174187725631769 0.45669824086603517 0.046028880866425995 0.029093369418132613
1 0.375 0.496617050067659 0.04422382671480144 0.03112313937753721
1 0.33303249097472926 0.5361975642760487 0.04332129963898917 0.031799729364005415
1 0.2870036101083033 0.5774695534506089 0.04783393501805054 0.036535859269282815
1 0.34521660649819497 0.4133964817320704 0.0315884476534296 0.02706359945872801
1 0.2982851985559567 0.4512855209742896 0.0351985559566787 0.023004059539918808
1 0.25902527075812276 0.49052774018944517 0.033393501805054154 0.02435723951285521
1 0.21028880866425992 0.5317997293640054 0.03790613718411552 0.02774018944519621