1 0.5870938628158845 0.5696887686062246 0.0812274368231047 0.06089309878213803
1 0.5645306859205776 0.46414073071718537 0.08664259927797834 0.07104194857916103
1 0.4214801444043321 0.4878213802435724 0.08844765342960288 0.06359945872801083
1 0.44765342960288806 0.5987821380243572 0.0812274368231047 0.06089309878213803
1 0.5731046931407943 0.31968876860622464 0.07490974729241877 0.060216508795669824
1 0.4918772563176895 0.33051420838971585 0.0740072202166065 0.05615696887686062
1 0.40794223826714804 0.3399864682002706 0.0740072202166065 0.06224627875507442
1 0.3212996389891697 0.35250338294993233 0.0703971119133574 0.05548037889039242
1 0.5437725631768953 0.20060893098782137 0.05324909747292419 0.05006765899864682
1 0.46074007220216606 0.2104194857916103 0.05956678700361011 0.05142083897158322
1 0.37454873646209386 0.2185385656292287 0.058664259927797835 0.052097428958051424
1 0.28474729241877256 0.23207036535859268 0.06498194945848375 0.04736129905277402
1 0.5175992779783394 0.11535859269282815 0.04693140794223827 0.03721244925575101
1 0.43366425992779783 0.12110960757780785 0.046028880866425995 0.03856562922868741
1 0.3510830324909747 0.12855209742895804 0.04332129963898917 0.031799729364005415
1 0.2594765342960289 0.13768606224627875 0.04422382671480144 0.03924221921515562