1 0.4652777777777778 0.8752969121140143 0.10833333333333334 0.09501187648456057
1 0.6388888888888888 0.8111638954869359 0.10416666666666667 0.0997624703087886
1 0.4076388888888889 0.7185273159144893 0.11388888888888889 0.09263657957244656
1 0.5986111111111111 0.6656769596199525 0.12083333333333333 0.10570071258907364
1 0.27152777777777776 0.5391923990498813 0.09583333333333334 0.09619952494061758
1 0.38819444444444445 0.503562945368171 0.09166666666666666 0.08194774346793349
1 0.4979166666666667 0.4673396674584323 0.09305555555555556 0.0855106888361045
1 0.6027777777777777 0.4352731591448931 0.09166666666666666 0.08432304038004751
1 0.5458333333333333 0.2642517814726841 0.08472222222222223 0.06294536817102138
1 0.43819444444444444 0.2992874109263658 0.06944444444444445 0.06769596199524941
1 0.3284722222222222 0.3248218527315915 0.07777777777777778 0.06532066508313539
1 0.20069444444444445 0.35688836104513066 0.08194444444444444 0.057007125890736345
1 0.27708333333333335 0.18111638954869358 0.04583333333333333 0.052256532066508314
1 0.1527777777777778 0.21199524940617578 0.05694444444444444 0.04631828978622328
1 0.3902777777777778 0.15320665083135393 0.06388888888888888 0.05344418052256532
1 0.5027777777777778 0.1324228028503563 0.044444444444444446 0.052256532066508314