1 0.6574909747292419 0.6884303112313938 0.0812274368231047 0.06089309878213803
1 0.723826714801444 0.5947225981055481 0.08664259927797834 0.07036535859269283
1 0.5956678700361011 0.5493910690121786 0.08844765342960288 0.06359945872801083
1 0.5302346570397112 0.652232746955345 0.0812274368231047 0.06089309878213803
1 0.8416064981949458 0.4790257104194858 0.07490974729241877 0.060216508795669824
1 0.76985559566787 0.4570365358592693 0.0740072202166065 0.05615696887686062
1 0.703971119133574 0.4306495263870095 0.0740072202166065 0.06224627875507442
1 0.6268050541516246 0.40730717185385656 0.0703971119133574 0.05548037889039242
1 0.8998194945848376 0.37821380243572394 0.05324909747292419 0.05006765899864682
1 0.8330324909747292 0.35047361299052776 0.05956678700361011 0.05142083897158322
1 0.7648916967509025 0.3257780784844384 0.05956678700361011 0.052097428958051424
1 0.6913357400722022 0.2936400541271989 0.06498194945848375 0.04736129905277402
1 0.9544223826714802 0.30074424898511504 0.04693140794223827 0.03721244925575101
1 0.8831227436823105 0.2723274695534506 0.046028880866425995 0.03856562922868741
1 0.8176895306859205 0.2425575101488498 0.04332129963898917 0.03247631935047361
1 0.743231046931408 0.21346414073071718 0.04422382671480144 0.03924221921515562