1 0.1565884476534296 0.31393775372124494 0.048736462093862815 0.04330175913396482
1 0.22608303249097472 0.2814614343707713 0.05054151624548736 0.031799729364005415
1 0.07626353790613719 0.34878213802435726 0.05054151624548736 0.035182679296346414
1 0.2973826714801444 0.2472936400541272 0.05054151624548736 0.03450608930987822
1 0.14891696750902528 0.4265899864682003 0.06046931407942238 0.05074424898511502
1 0.2184115523465704 0.38734776725304465 0.05685920577617329 0.04330175913396482
1 0.29287003610108303 0.35351826792963464 0.05685920577617329 0.039918809201623814
1 0.36101083032490977 0.321041948579161 0.058664259927797835 0.039918809201623814
1 0.22743682310469315 0.5253721244925575 0.07851985559566788 0.05480378890392422
1 0.30415162454873645 0.48308525033829497 0.07129963898916968 0.05277401894451962
1 0.37725631768953066 0.45094722598105547 0.07129963898916968 0.05345060893098782
1 0.4490072202166065 0.41711772665764546 0.06407942238267147 0.05412719891745602
1 0.3822202166064982 0.6156968876860622 0.08483754512635379 0.06089309878213803
1 0.5081227436823105 0.550405953991881 0.07851985559566788 0.061569688768606225
1 0.4648014440433213 0.7056833558863329 0.08483754512635379 0.06224627875507442
1 0.5870938628158845 0.6407307171853857 0.07942238267148015 0.06089309878213803