1 0.09927797833935018 0.37483085250338294 0.04422382671480144 0.033152909336941816
1 0.10243682310469314 0.44113667117726657 0.052346570397111915 0.03382949932341001
1 0.1055956678700361 0.5077807848443843 0.04693140794223827 0.033152909336941816
1 0.10514440433212996 0.5757780784844384 0.05054151624548736 0.03112313937753721
1 0.22427797833935018 0.37821380243572394 0.0631768953068592 0.044654939106901215
1 0.22969314079422382 0.4397834912043302 0.06859205776173286 0.03721244925575101
1 0.23375451263537905 0.5047361299052774 0.06588447653429604 0.04668470906630582
1 0.2342057761732852 0.5717185385656293 0.06498194945848375 0.04803788903924222
1 0.37815884476534295 0.3836265223274696 0.07581227436823104 0.056833558863328824
1 0.3822202166064982 0.4438430311231394 0.0740072202166065 0.05345060893098782
1 0.38537906137184114 0.5030446549391069 0.07310469314079422 0.05480378890392422
1 0.3916967509025271 0.5649526387009473 0.06859205776173286 0.05412719891745602
1 0.5523465703971119 0.41644113667117727 0.08393501805054152 0.06765899864682003
1 0.5586642599277978 0.520297699594046 0.07942238267148015 0.06427604871447902
1 0.674187725631769 0.42050067658998647 0.07310469314079422 0.06292286874154263
1 0.6836642599277978 0.5189445196211097 0.07851985559566788 0.05886332882273342