1 0.029166666666666667 0.10866983372921615 0.058333333333333334 0.055819477434679333
1 0.12916666666666668 0.05344418052256532 0.07777777777777778 0.060570071258907364
1 0.025 0.2992874109263658 0.05 0.07600950118764846
1 0.12013888888888889 0.23693586698337293 0.0875 0.07007125890736342
1 0.23055555555555557 0.17577197149643706 0.09027777777777778 0.07007125890736342
1 0.041666666666666664 0.5279097387173397 0.08333333333333333 0.09619952494061758
1 0.14166666666666666 0.47030878859857483 0.10972222222222222 0.09263657957244656
1 0.2590277777777778 0.4026128266033254 0.10972222222222222 0.09382422802850356
1 0.3590277777777778 0.3527315914489311 0.09861111111111111 0.09501187648456057
1 0.26944444444444443 0.6965558194774347 0.13055555555555556 0.10688836104513064
1 0.4673611111111111 0.5890736342042755 0.12083333333333333 0.10807600950118765
1 0.3958333333333333 0.8568883610451307 0.13055555555555556 0.10926365795724466
1 0.5763888888888888 0.7399049881235155 0.12222222222222222 0.10688836104513064