1 0.13958333333333334 0.7820665083135392 0.12777777777777777 0.0997624703087886
1 0.3416666666666667 0.7571258907363421 0.11805555555555555 0.09619952494061758
1 0.1375 0.6045130641330166 0.125 0.12114014251781473
1 0.33402777777777776 0.5878859857482185 0.11527777777777778 0.10095011876484561
1 0.05138888888888889 0.38776722090261284 0.10138888888888889 0.09026128266033254
1 0.16875 0.3859857482185273 0.08888888888888889 0.07719714964370546
1 0.27708333333333335 0.3842042755344418 0.08611111111111111 0.08076009501187649
1 0.3770833333333333 0.3824228028503563 0.08472222222222223 0.07957244655581948
1 0.03888888888888889 0.20546318289786222 0.075 0.07600950118764846
1 0.15763888888888888 0.20783847980997625 0.09027777777777778 0.07007125890736342
1 0.2708333333333333 0.21199524940617578 0.08055555555555556 0.060570071258907364
1 0.3736111111111111 0.2167458432304038 0.07222222222222222 0.06175771971496437
1 0.37222222222222223 0.08847980997624703 0.059722222222222225 0.048693586698337295
1 0.2638888888888889 0.08194774346793349 0.06527777777777778 0.0510688836104513
1 0.15486111111111112 0.07600950118764846 0.06944444444444445 0.043942992874109264
1 0.034722222222222224 0.0671021377672209 0.06111111111111111 0.048693586698337295