1 0.14930555555555555 0.2648456057007126 0.06388888888888888 0.055819477434679333
1 0.24930555555555556 0.2167458432304038 0.06666666666666667 0.05344418052256532
1 0.35138888888888886 0.1680522565320665 0.059722222222222225 0.05344418052256532
1 0.4513888888888889 0.1169833729216152 0.059722222222222225 0.047505938242280284
1 0.22708333333333333 0.3847980997624703 0.08333333333333333 0.07007125890736342
1 0.33819444444444446 0.3307600950118765 0.07777777777777778 0.0665083135391924
1 0.4354166666666667 0.27850356294536815 0.075 0.07244655581947744
1 0.5256944444444445 0.2339667458432304 0.07916666666666666 0.07600950118764846
1 0.3375 0.5492874109263658 0.1111111111111111 0.09263657957244656
1 0.44027777777777777 0.49346793349168644 0.09861111111111111 0.0855106888361045
1 0.5375 0.4418052256532066 0.09583333333333334 0.08432304038004751
1 0.6305555555555555 0.39014251781472686 0.09305555555555556 0.08907363420427554
1 0.5388888888888889 0.7042755344418052 0.11666666666666667 0.10688836104513064
1 0.7090277777777778 0.6027315914489311 0.12361111111111112 0.10688836104513064
1 0.8131944444444444 0.7612826603325415 0.12361111111111112 0.10807600950118765
1 0.64375 0.8527315914489311 0.12777777777777777 0.09857482185273159