1 0.2616707616707617 0.3139963167587477 0.09705159705159705 0.07918968692449356
1 0.25552825552825553 0.19244935543278086 0.09950859950859951 0.08195211786372007
1 0.42076167076167076 0.3236648250460405 0.10319410319410319 0.070902394106814
1 0.42813267813267813 0.19567219152854512 0.11302211302211303 0.0847145488029466
1 0.6246928746928747 0.36464088397790057 0.07493857493857493 0.0570902394106814
1 0.6296068796068796 0.2978821362799263 0.07616707616707617 0.05064456721915286
1 0.64004914004914 0.2311233885819521 0.07862407862407862 0.053406998158379376
1 0.6437346437346437 0.15791896869244937 0.07125307125307126 0.053406998158379376
1 0.7868550368550369 0.3724677716390424 0.06388206388206388 0.040515653775322284
1 0.8022113022113022 0.30386740331491713 0.06142506142506143 0.0432780847145488
1 0.8077395577395577 0.23664825046040516 0.060196560196560195 0.04419889502762431
1 0.8212530712530712 0.16482504604051565 0.06633906633906633 0.05064456721915286
1 0.9213759213759214 0.3761510128913444 0.044226044226044224 0.037753222836095765
1 0.9324324324324325 0.30985267034990793 0.04914004914004914 0.03222836095764273
1 0.9434889434889435 0.24125230202578268 0.04668304668304668 0.03406998158379374
1 0.9582309582309583 0.16758747697974216 0.052825552825552825 0.03867403314917127