1 0.07013888888888889 0.15676959619952494 0.075 0.07600950118764846
1 0.18888888888888888 0.11104513064133016 0.07777777777777778 0.055819477434679333
1 0.3034722222222222 0.06472684085510688 0.07777777777777778 0.06175771971496437
1 0.4083333333333333 0.02315914489311164 0.07777777777777778 0.04631828978622328
1 0.15555555555555556 0.29275534441805223 0.09305555555555556 0.08907363420427554
1 0.26944444444444443 0.24584323040380046 0.0875 0.07600950118764846
1 0.37916666666666665 0.19596199524940616 0.0875 0.07007125890736342
1 0.4840277777777778 0.15201900237529692 0.09027777777777778 0.07007125890736342
1 0.2673611111111111 0.4655581947743468 0.12083333333333333 0.09619952494061758
1 0.37777777777777777 0.416270783847981 0.10972222222222222 0.09263657957244656
1 0.48194444444444445 0.3693586698337292 0.10972222222222222 0.09382422802850356
1 0.5861111111111111 0.3188836104513064 0.09861111111111111 0.09501187648456057
1 0.46597222222222223 0.6383610451306413 0.13055555555555556 0.10688836104513064
1 0.6520833333333333 0.5439429928741093 0.12083333333333333 0.10807600950118765
1 0.5618055555555556 0.7951306413301663 0.13055555555555556 0.10926365795724466
1 0.7444444444444445 0.6977434679334917 0.12222222222222222 0.10688836104513064