1 0.29106498194945846 0.3910690121786198 0.04151624548736462 0.031799729364005415
1 0.36101083032490977 0.36366711772665766 0.04332129963898917 0.030446549391069014
1 0.4259927797833935 0.3359269282814614 0.0388086642599278 0.030446549391069014
1 0.4950361010830325 0.30818673883626524 0.0388086642599278 0.02706359945872801
1 0.3483754512635379 0.4604194857916103 0.05415162454873646 0.039918809201623814
1 0.41561371841155237 0.4316644113667118 0.05054151624548736 0.037889039242219216
1 0.4824007220216607 0.40290933694181325 0.048736462093862815 0.041271989174560215
1 0.5437725631768953 0.37686062246278756 0.05144404332129964 0.04330175913396482
1 0.41696750902527074 0.5500676589986468 0.07220216606498195 0.05277401894451962
1 0.4855595667870036 0.5233423545331529 0.06407942238267147 0.04871447902571042
1 0.5500902527075813 0.4939106901217862 0.06227436823104693 0.04803788903924222
1 0.6114620938628159 0.46414073071718537 0.06046931407942238 0.05074424898511502
1 0.5442238267148014 0.6417456021650879 0.07581227436823104 0.06089309878213803
1 0.6606498194945848 0.5906630581867388 0.08032490974729242 0.06089309878213803
1 0.73014440433213 0.6745602165087957 0.08032490974729242 0.061569688768606225
1 0.6146209386281588 0.7313937753721245 0.08303249097472924 0.05615696887686062