1 0.6890794223826715 0.5321380243572396 0.0703971119133574 0.05751014884979702
1 0.6926895306859205 0.6221244925575101 0.07129963898916968 0.05953991880920163
1 0.5703971119133574 0.5267253044654939 0.07490974729241877 0.05142083897158322
1 0.5645306859205776 0.6167117726657646 0.0812274368231047 0.06089309878213803
1 0.4196750902527076 0.4918809201623816 0.05415162454873646 0.041271989174560215
1 0.41561371841155237 0.5412719891745602 0.055054151624548735 0.036535859269282815
1 0.4129061371841155 0.5950608930987822 0.05685920577617329 0.03856562922868741
1 0.40613718411552346 0.6451285520974289 0.05144404332129964 0.03856562922868741
1 0.29918772563176893 0.486468200270636 0.046028880866425995 0.029093369418132613
1 0.2915162454873646 0.5351826792963464 0.04422382671480144 0.03112313937753721
1 0.28384476534296027 0.5852503382949933 0.04332129963898917 0.031799729364005415
1 0.2766245487364621 0.6400541271989174 0.04783393501805054 0.036535859269282815
1 0.20442238267148014 0.4834235453315291 0.0315884476534296 0.02706359945872801
1 0.19990974729241878 0.5321380243572396 0.0351985559566787 0.023004059539918808
1 0.18907942238267147 0.5832205683355887 0.033393501805054154 0.02435723951285521
1 0.1782490974729242 0.6363328822733424 0.03790613718411552 0.02774018944519621