1 0.2703068592057762 0.6951962110960758 0.08303249097472924 0.056833558863328824
1 0.4016245487364621 0.6809878213802436 0.07671480144404332 0.05480378890392422
1 0.26895306859205775 0.5940460081190798 0.0812274368231047 0.06901217861975643
1 0.39666064981949456 0.584573748308525 0.07490974729241877 0.05751014884979702
1 0.21299638989169675 0.4705683355886333 0.06588447653429604 0.05142083897158322
1 0.28925992779783394 0.469553450608931 0.05776173285198556 0.04397834912043302
1 0.35965703971119134 0.4685385656292287 0.05595667870036101 0.046008119079837616
1 0.4246389891696751 0.4675236806495264 0.055054151624548735 0.04533152909336942
1 0.20487364620938628 0.36671177266576455 0.048736462093862815 0.04330175913396482
1 0.28203971119133575 0.3680649526387009 0.058664259927797835 0.039918809201623814
1 0.3555956678700361 0.3704330175913397 0.052346570397111915 0.03450608930987822
1 0.4223826714801444 0.37313937753721244 0.04693140794223827 0.035182679296346414
1 0.4214801444043321 0.30006765899864685 0.0388086642599278 0.02774018944519621
1 0.3510830324909747 0.2963464140730717 0.042418772563176894 0.029093369418132613
1 0.2802346570397112 0.2929634641407307 0.04512635379061372 0.02503382949932341
1 0.20216606498194944 0.2878890392422192 0.039711191335740074 0.02774018944519621