1 0.6569444444444444 0.836104513064133 0.10833333333333334 0.10095011876484561
1 0.7666666666666667 0.7042755344418052 0.10972222222222222 0.10451306413301663
1 0.6208333333333333 0.6051068883610451 0.11527777777777778 0.09026128266033254
1 0.5180555555555556 0.7339667458432304 0.125 0.10688836104513064
1 0.46875 0.45368171021377673 0.08333333333333333 0.07244655581947744
1 0.4076388888888889 0.5219714964370546 0.08472222222222223 0.06413301662707839
1 0.3506944444444444 0.5908551068883611 0.0875 0.06769596199524941
1 0.2875 0.667458432304038 0.07916666666666666 0.06769596199524941
1 0.3298611111111111 0.35332541567695963 0.07083333333333333 0.0510688836104513
1 0.26458333333333334 0.42220902612826605 0.06805555555555555 0.05463182897862233
1 0.2013888888888889 0.49228028503562943 0.06666666666666667 0.055819477434679333
1 0.12986111111111112 0.5647268408551069 0.07361111111111111 0.06413301662707839
1 0.21736111111111112 0.28028503562945367 0.04861111111111111 0.047505938242280284
1 0.1451388888888889 0.34382422802850354 0.05416666666666667 0.040380047505938245
1 0.07777777777777778 0.4168646080760095 0.05138888888888889 0.04275534441805225
1 0.01875 0.4910926365795725 0.0375 0.048693586698337295