1 0.25416666666666665 0.19061757719714964 0.075 0.07600950118764846
1 0.3854166666666667 0.13123515439429928 0.07777777777777778 0.055819477434679333
1 0.49722222222222223 0.0688836104513064 0.07777777777777778 0.06175771971496437
1 0.6111111111111112 0.020783847980997625 0.07777777777777778 0.04156769596199525
1 0.36319444444444443 0.32957244655581946 0.09305555555555556 0.08907363420427554
1 0.4722222222222222 0.2648456057007126 0.0875 0.07600950118764846
1 0.5868055555555556 0.20665083135391923 0.0875 0.07007125890736342
1 0.7055555555555556 0.1508313539192399 0.09027777777777778 0.07007125890736342
1 0.4652777777777778 0.503562945368171 0.12083333333333333 0.09619952494061758
1 0.5888888888888889 0.44358669833729214 0.10972222222222222 0.09263657957244656
1 0.7090277777777778 0.38836104513064135 0.10972222222222222 0.09382422802850356
1 0.8298611111111112 0.32957244655581946 0.09861111111111111 0.09501187648456057
1 0.7034722222222223 0.6882422802850356 0.13055555555555556 0.10688836104513064
1 0.9125 0.5819477434679335 0.12083333333333333 0.10807600950118765
1 0.8277777777777777 0.8723277909738717 0.13055555555555556 0.10926365795724466
1 0.9875 0.7624703087885986 0.025 0.10688836104513064