1 0.4970416666666667 0.43755555555555553 0.026317708333333335 0.04552777777777778
1 0.47372916666666665 0.3544537037037037 0.023713541666666667 0.04390740740740741
1 0.46378125000000003 0.4175185185185185 0.024203125 0.0435
1 0.509 0.37330555555555556 0.02484375 0.04597222222222222
1 0.5489114583333333 0.45449074074074075 0.022734374999999998 0.0375
1 0.13830208333333335 0.47449074074074077 0.028838541666666665 0.05700925925925926
1 0.5554947916666666 0.4150277777777778 0.019036458333333332 0.034212962962962966
1 0.5604427083333333 0.3772037037037037 0.01932291666666667 0.033018518518518516
1 0.32423437499999996 0.3114722222222222 0.033963541666666666 0.05906481481481481
1 0.5410833333333334 0.48921296296296296 0.018213541666666666 0.03446296296296296
1 0.5805989583333333 0.5120555555555555 0.015484375 0.027472222222222224
1 0.5920104166666668 0.4364259259259259 0.015651041666666667 0.02851851851851852
1 0.6302552083333333 0.4182592592592593 0.012848958333333334 0.02263888888888889
1 0.6166302083333334 0.4895462962962963 0.011786458333333333 0.021907407407407407
1 0.6069427083333333 0.5270925925925926 0.013171875 0.022842592592592595
1 0.6225625 0.45496296296296296 0.012010416666666666 0.022046296296296296
1 0.5987604166666666 0.4027777777777778 0.015177083333333334 0.028564814814814817
1 0.5866875 0.4750925925925926 0.015088541666666667 0.02838888888888889
1 0.31590625 0.6691851851851852 0.021213541666666665 0.05025
0 0.245984375 0.5357592592592593 0.08427083333333334 0.1869074074074074