1 0.8039635416666666 0.4591111111111111 0.030036458333333335 0.0409537037037037
1 0.663265625 0.49437037037037035 0.027473958333333333 0.03537037037037037
1 0.6344531250000001 0.4713611111111111 0.02825 0.03575
1 0.6467708333333333 0.4225277777777778 0.031036458333333336 0.036444444444444446
1 0.7049114583333334 0.4899351851851852 0.023666666666666666 0.026101851851851852
1 0.6729895833333334 0.4453611111111111 0.026833333333333334 0.033666666666666664
1 0.7184895833333333 0.6688333333333334 0.03269791666666667 0.040777777777777774
1 0.69990625 0.5165555555555555 0.023260416666666665 0.02735185185185185
1 0.7119270833333334 0.4614537037037037 0.023359375 0.026685185185185187
1 0.7541093750000001 0.5359537037037038 0.016557291666666665 0.01651851851851852
1 0.7411197916666666 0.5861666666666666 0.016848958333333334 0.016287037037037037
1 0.7464114583333333 0.5652592592592592 0.016494791666666668 0.016259259259259258
1 0.7599114583333333 0.508 0.017718750000000002 0.01803703703703704
1 0.7413697916666667 0.48462962962962963 0.019276041666666667 0.020814814814814814
1 0.6921250000000001 0.5439722222222222 0.021005208333333334 0.0245
1 0.7322291666666667 0.5145462962962963 0.018265625 0.020287037037037037
1 0.7227916666666666 0.5432037037037036 0.020005208333333333 0.023194444444444445
1 0.7177291666666666 0.571111111111111 0.018723958333333336 0.019101851851851852