1 0.6915364583333333 0.46025 0.03515625 0.044333333333333336
1 0.6205104166666667 0.6733703703703704 0.029369791666666666 0.04164814814814814
1 0.7665624999999999 0.6831388888888889 0.032015625 0.04521296296296296
1 0.38660416666666664 0.8330185185185185 0.01718229166666667 0.018333333333333333
1 0.40849479166666663 0.8024166666666667 0.019057291666666667 0.02026851851851852
1 0.41125520833333334 0.8603333333333333 0.017765625 0.018314814814814815
1 0.41029166666666667 0.8289629629629629 0.018989583333333334 0.020814814814814814
1 0.3872135416666667 0.8652222222222222 0.017057291666666665 0.017453703703703704
1 0.38447395833333337 0.8083518518518519 0.01727604166666667 0.01852777777777778
1 0.38157291666666665 0.7822407407407408 0.01721875 0.018203703703703705
1 0.4379635416666667 0.8533425925925926 0.021791666666666668 0.02475
1 0.43629166666666663 0.8224351851851852 0.020963541666666665 0.02263888888888889
1 0.4705989583333333 0.7709814814814815 0.015802083333333335 0.0319537037037037
1 0.49760937499999996 0.768787037037037 0.02033333333333333 0.0342962962962963
0 0.261078125 0.5357222222222222 0.045265625 0.06831481481481481
0 0.3855625 0.4748981481481481 0.018421874999999997 0.03462037037037037
0 0.43767187500000004 0.7687222222222222 0.10053645833333333 0.14316666666666666