1 0.5585 0.7875462962962962 0.035062499999999996 0.03925925925925926
1 0.5302395833333333 0.8144351851851852 0.033265625 0.03758333333333334
1 0.5743020833333333 0.8406111111111111 0.033666666666666664 0.03921296296296296
1 0.5463541666666667 0.8656851851851852 0.033505208333333335 0.03482407407407408
1 0.6985729166666667 0.35509259259259257 0.029369791666666666 0.03975
1 0.8127760416666666 0.531888888888889 0.03459375 0.045953703703703705
1 0.463265625 0.8566666666666667 0.02041666666666667 0.021620370370370373
1 0.489203125 0.8279907407407407 0.025557291666666666 0.026962962962962963
1 0.5193385416666667 0.9146203703703704 0.023682291666666667 0.025574074074074075
1 0.439640625 0.8744722222222222 0.01788020833333333 0.018222222222222223
1 0.6694322916666666 0.6172314814814815 0.034854166666666665 0.04382407407407407
1 0.46606770833333333 0.9618055555555556 0.018520833333333334 0.017981481481481484
1 0.45177083333333334 0.9058888888888889 0.017817708333333335 0.01762962962962963
1 0.45933854166666666 0.9311388888888888 0.017229166666666667 0.01672222222222222
1 0.470828125 0.8832129629629629 0.019734375000000002 0.019759259259259258
1 0.5059322916666666 0.8852222222222222 0.02469270833333333 0.025518518518518517
1 0.4874791666666667 0.9397685185185186 0.020833333333333332 0.02052777777777778
1 0.4793645833333333 0.9126111111111112 0.02090625 0.019740740740740743
1 0.49686979166666667 0.8598240740740741 0.02734375 0.028101851851851854
0 0.7617447916666666 0.5204351851851853 0.08416145833333334 0.21034259259259258
0 0.9306822916666667 0.9223148148148148 0.07684375 0.15537962962962965
0 0.25920312500000003 0.6961018518518518 0.06220833333333333 0.07373148148148148
0 0.38453125 0.5535277777777777 0.028666666666666667 0.04228703703703704