0 0.7984947916666666 0.16912962962962963 0.06380208333333333 0.1487777777777778
0 0.9695052083333333 0.5330925925925926 0.0348125 0.08818518518518519
1 0.322234375 0.8265462962962963 0.012921875 0.020203703703703703
1 0.3158541666666667 0.7748796296296296 0.013296875000000001 0.02001851851851852
1 0.35165104166666666 0.813138888888889 0.016395833333333335 0.023916666666666666
1 0.3737083333333333 0.7380648148148148 0.01885416666666667 0.03398148148148149
1 0.3034166666666666 0.8348981481481482 0.011697916666666667 0.01810185185185185
1 0.3787395833333333 0.7822314814814815 0.01784375 0.030435185185185183
1 0.3196302083333334 0.8015925925925926 0.013213541666666667 0.019314814814814816
1 0.31316666666666665 0.7494537037037037 0.0143125 0.022222222222222223
1 0.398296875 0.7221944444444445 0.018901041666666667 0.03453703703703703
1 0.4054010416666667 0.769888888888889 0.018135416666666668 0.03206481481481482
1 0.34056770833333333 0.7372037037037037 0.016395833333333335 0.027148148148148147
1 0.34838020833333333 0.7893518518518519 0.015802083333333335 0.022462962962962966
1 0.344296875 0.7626388888888889 0.015895833333333335 0.02299074074074074
1 0.30033333333333334 0.8106666666666666 0.011041666666666667 0.01735185185185185
1 0.29775520833333335 0.7866851851851852 0.010880208333333334 0.01576851851851852
1 0.510328125 0.6124907407407407 0.02411458333333333 0.044953703703703704
1 0.29411458333333335 0.7568888888888889 0.012130208333333333 0.01839814814814815
1 0.6440989583333334 0.5936481481481481 0.021765625 0.04176851851851852
1 0.5684375 0.395712962962963 0.021838541666666666 0.03381481481481482
0 0.2758802083333334 0.4657037037037037 0.018796875 0.027916666666666666
0 0.15715104166666669 0.5481851851851851 0.04496875 0.0532962962962963