1 0.7122968749999999 0.44258333333333333 0.03200520833333333 0.04587037037037037
1 0.8655364583333333 0.4948148148148148 0.03872395833333333 0.051638888888888894
1 0.670296875 0.6020925925925926 0.028630208333333334 0.044787037037037035
1 0.664453125 0.6572407407407408 0.03177083333333333 0.0402962962962963
0 0.303765625 0.5828425925925926 0.043953125 0.054592592592592595
0 0.43066145833333336 0.5049722222222223 0.020770833333333336 0.03478703703703704
1 0.7042708333333334 0.6073611111111111 0.03378125 0.046407407407407404
1 0.6922447916666666 0.6646851851851852 0.027125 0.046407407407407404
1 0.743171875 0.6451296296296296 0.016380208333333333 0.02912037037037037
1 0.7354947916666668 0.6765185185185185 0.02354166666666667 0.02638888888888889
1 0.7306302083333333 0.7110925925925926 0.028151041666666664 0.031842592592592596