1 0.5708229166666666 0.44201851851851853 0.028671875 0.03482407407407408
1 0.5557552083333334 0.49106481481481484 0.026604166666666665 0.03208333333333333
1 0.5835781250000001 0.5086481481481482 0.028677083333333336 0.03428703703703704
1 0.5961979166666667 0.4621018518518518 0.02690625 0.03225
1 0.61696875 0.5533333333333333 0.022005208333333335 0.0245462962962963
1 0.6464479166666667 0.6683888888888889 0.03906770833333333 0.044527777777777784
1 0.62425 0.5232592592592593 0.024651041666666665 0.026925925925925926
1 0.630625 0.496287037037037 0.024380208333333334 0.02588888888888889
1 0.6363385416666667 0.47169444444444447 0.027479166666666666 0.030787037037037036
1 0.6659427083333332 0.5870185185185185 0.011223958333333334 0.01612037037037037
1 0.6690104166666667 0.5585833333333333 0.017552083333333336 0.017435185185185182
0 0.19407291666666668 0.7003425925925926 0.05310416666666666 0.07037962962962964
1 0.6451927083333333 0.5735092592592592 0.011994791666666667 0.025712962962962962
1 0.6525989583333334 0.5462222222222222 0.014817708333333334 0.027592592592592592
1 0.6568333333333333 0.5139259259259259 0.012697916666666666 0.024453703703703703
1 0.726328125 0.4465092592592593 0.023989583333333335 0.04515740740740741