1 0.5723333333333334 0.7694814814814814 0.03491666666666667 0.03862962962962963
1 0.585609375 0.8219722222222222 0.031468750000000004 0.03801851851851852
1 0.5424010416666667 0.7973888888888888 0.03228125 0.035944444444444446
1 0.5619166666666667 0.8489537037037037 0.032765625 0.03766666666666667
1 0.7159218749999999 0.3329259259259259 0.03116666666666667 0.041638888888888885
1 0.8309375 0.51375 0.033151041666666665 0.04533333333333334
1 0.45597916666666666 0.8608055555555555 0.017348958333333334 0.017722222222222223
1 0.5227395833333334 0.8684444444444444 0.026708333333333334 0.025861111111111112
1 0.500984375 0.8119907407407407 0.025187499999999998 0.02851851851851852
1 0.47132812500000004 0.9154537037037037 0.017364583333333336 0.017444444444444443
1 0.513515625 0.8449722222222222 0.028130208333333333 0.029231481481481483
1 0.47883333333333333 0.9425740740740741 0.018291666666666664 0.018129629629629627
1 0.5311875 0.8975185185185186 0.028098958333333333 0.029388888888888888
1 0.48271875000000003 0.8662962962962963 0.019984375 0.02001851851851852
1 0.4909166666666666 0.8982685185185185 0.020130208333333333 0.020305555555555556
1 0.46419791666666665 0.8850277777777779 0.016 0.01649074074074074
1 0.47646354166666666 0.8406203703703704 0.019854166666666666 0.02086111111111111
1 0.5002291666666667 0.9257037037037037 0.019895833333333335 0.01958333333333333
0 0.6879479166666667 0.5827777777777777 0.07806770833333333 0.18106481481481482
0 0.840421875 0.9336944444444444 0.06952604166666668 0.1326111111111111
0 0.2723125 0.6754814814814815 0.06403645833333334 0.07155555555555555
0 0.39825520833333333 0.537787037037037 0.030494791666666667 0.03903703703703704