1 0.45844270833333334 0.7695555555555555 0.03175 0.03685185185185185
1 0.6375677083333334 0.3904722222222222 0.0325625 0.04050925925925926
1 0.7305833333333334 0.6066018518518519 0.0375 0.04393518518518519
1 0.443890625 0.8410925925925926 0.029854166666666668 0.035925925925925924
1 0.43088541666666663 0.780611111111111 0.033364583333333336 0.037203703703703704
1 0.46947395833333333 0.8223333333333334 0.03272395833333333 0.03802777777777778
1 0.34322395833333336 0.8148333333333333 0.017901041666666666 0.017805555555555557
1 0.34759375 0.8464259259259259 0.017796875 0.018333333333333333
1 0.41132291666666665 0.8751388888888889 0.02315625 0.025037037037037035
1 0.35723958333333333 0.9048981481481481 0.017421875 0.017203703703703704
1 0.3932395833333333 0.7879999999999999 0.026463541666666666 0.027694444444444445
1 0.39700520833333336 0.815712962962963 0.024671875 0.027296296296296298
1 0.37440104166666666 0.8642962962962963 0.018755208333333332 0.01937037037037037
1 0.3792760416666667 0.8941666666666667 0.019453125 0.019546296296296294
1 0.36349479166666665 0.8036666666666668 0.021302083333333333 0.021425925925925928
1 0.3519375 0.8727870370370371 0.01709375 0.01700925925925926
1 0.36933333333333335 0.8312685185185185 0.01972916666666667 0.02115740740740741
1 0.5819270833333333 0.631537037037037 0.02704166666666667 0.05287037037037037
1 0.4073072916666666 0.8497962962962963 0.022572916666666668 0.02312037037037037
0 0.6083958333333332 0.5282870370370369 0.088625 0.2020462962962963
0 0.7911197916666667 0.9166018518518518 0.094359375 0.16679629629629628
0 0.18168229166666666 0.5848148148148148 0.053697916666666665 0.07043518518518518
0 0.31540625 0.48842592592592593 0.0229375 0.038925925925925926