1 0.54125 0.8592407407407407 0.03063541666666667 0.036472222222222225
1 0.496734375 0.8356296296296296 0.03233333333333333 0.03702777777777778
1 0.5251718750000001 0.8097314814814814 0.032390625 0.03588888888888889
1 0.6379322916666667 0.6381481481481482 0.03140625 0.04281481481481482
1 0.46145833333333336 0.8492129629629629 0.028578125 0.028657407407407406
1 0.5124322916666667 0.8869166666666667 0.031375 0.035305555555555555
1 0.4303697916666666 0.8729259259259259 0.020625 0.02115740740740741
1 0.4685052083333333 0.8772592592592593 0.027625 0.0285
1 0.417515625 0.9205833333333333 0.0171875 0.01715740740740741
1 0.6747031250000001 0.3804444444444444 0.03133854166666667 0.041462962962962965
1 0.48607812499999997 0.9324259259259259 0.025203125 0.025592592592592594
1 0.41088020833333333 0.8939444444444444 0.018166666666666668 0.018583333333333334
1 0.43866145833333337 0.9041018518518518 0.020078125 0.02015740740740741
1 0.432953125 0.9770555555555556 0.019281250000000003 0.017675925925925925
1 0.4583333333333333 0.9590000000000001 0.020765625 0.01911111111111111
1 0.4459270833333333 0.9294722222222223 0.020932291666666665 0.019472222222222224
1 0.477125 0.9076574074074074 0.026130208333333335 0.025703703703703704
1 0.42619270833333334 0.947324074074074 0.016416666666666666 0.015592592592592592
0 0.825515625 0.5288518518518518 0.07040625 0.19394444444444445
0 0.9484479166666666 0.9193333333333333 0.06408854166666667 0.1613425925925926
0 0.23290104166666667 0.7088611111111112 0.053515625 0.07635185185185185
0 0.3581041666666666 0.5667314814814816 0.026427083333333334 0.03406481481481481
1 0.7875624999999999 0.5667314814814816 0.026427083333333334 0.04111111111111111