0 0.391546875 0.89725 0.1514375 0.13978125
0 0.24348437500000003 0.45149999999999996 0.134625 0.239828125
0 0.9287265625 0.9746874999999999 0.1159609375 0.0506328125
1 0.16993750000000002 0.12691406249999998 0.0477421875 0.0589609375
1 0.1798671875 0.20053125 0.0313515625 0.038296875
1 0.16014062499999998 0.43382031249999997 0.020515625000000003 0.0450390625
1 0.326125 0.373734375 0.0319296875 0.0507890625
1 0.379359375 0.732609375 0.023953125 0.0266171875
1 0.4136640625 0.7336406249999999 0.017484375 0.023328124999999998
1 0.3742734375 0.7691015625000001 0.02315625 0.021851562499999998
1 0.40659375000000003 0.7732109375 0.0194375 0.023375
1 0.3568828125 0.8129062499999999 0.016523437499999998 0.018296875
1 0.3742734375 0.8175625 0.0146328125 0.0162890625
1 0.39371093749999997 0.81775 0.01109375 0.015921875
1 0.412171875 0.8197265625 0.0131640625 0.0131796875
1 0.35084375 0.849609375 0.0151796875 0.0179765625
1 0.3693671875 0.8506171874999999 0.0121171875 0.0108359375
1 0.345609375 0.8795234375 0.009820312500000001 0.01540625