1 0.6081979166666667 0.3894259259259259 0.036119791666666665 0.04225
1 0.39471875 0.7832037037037037 0.032828125 0.036787037037037035
1 0.42342708333333334 0.7706111111111111 0.03291145833333333 0.035444444444444445
1 0.43490625 0.8253888888888888 0.033239583333333336 0.038953703703703706
1 0.4065052083333333 0.8423148148148148 0.030932291666666667 0.036620370370370366
1 0.35766145833333335 0.7888796296296297 0.02899479166666667 0.030583333333333334
1 0.5479843750000001 0.6310092592592592 0.03620833333333333 0.043398148148148144
1 0.36196875 0.8175833333333333 0.027973958333333333 0.02937037037037037
1 0.3712604166666667 0.8775462962962963 0.026265625 0.027472222222222224
1 0.33091145833333335 0.8319814814814814 0.023104166666666665 0.022453703703703705
1 0.31811979166666665 0.907712962962963 0.017932291666666666 0.01775925925925926
1 0.32515625 0.8049444444444445 0.022677083333333334 0.02209259259259259
1 0.33546875000000004 0.8652222222222222 0.021302083333333333 0.020787037037037038
1 0.3043645833333333 0.8161666666666667 0.018661458333333332 0.018546296296296297
1 0.34497916666666667 0.8969166666666666 0.021338541666666665 0.020731481481481483
1 0.3673177083333333 0.8495185185185186 0.02578645833333333 0.02725925925925926
1 0.31460416666666663 0.87625 0.018927083333333334 0.01810185185185185
1 0.3085364583333333 0.847925925925926 0.0189375 0.01864814814814815
0 0.6571197916666667 0.3132685185185185 0.10069270833333334 0.1913611111111111
0 0.8580729166666666 0.6674351851851852 0.10503645833333333 0.19599074074074072
0 0.14540104166666667 0.5802499999999999 0.06163020833333333 0.08641666666666667
0 0.2842864583333334 0.48225 0.026911458333333336 0.03549074074074074
1 0.7021302083333333 0.6029074074074074 0.026026041666666666 0.051083333333333335