0 0.12600781249999998 0.4358984375 0.059671875 0.124203125
0 0.01228125 0.681109375 0.0216640625 0.0620234375
1 0.0894296875 0.63290625 0.0221171875 0.021671875
1 0.5901875000000001 0.6984765625 0.013375000000000001 0.016171875
1 0.5947265625 0.7200703125000001 0.011703125 0.0127890625
1 0.5986171875 0.73965625 0.0113359375 0.01528125
1 0.60109375 0.7598828125 0.009156250000000001 0.010921875000000001
1 0.5641015625 0.70340625 0.018328125 0.0192734375
1 0.5660390625 0.725328125 0.0144375 0.0161640625
1 0.5706249999999999 0.74403125 0.01453125 0.014859375
1 0.57296875 0.76475 0.012632812500000002 0.0123046875
1 0.52596875 0.7094921875 0.0168125 0.0191328125
1 0.5298125 0.72990625 0.0183828125 0.0171796875
1 0.53303125 0.7507421875 0.0156484375 0.0181015625
1 0.53740625 0.7694921875 0.015234375 0.014851562500000002
1 0.15378125 0.62225 0.0130390625 0.006625000000000001
1 0.15532812499999998 0.6395859374999999 0.0090078125 0.011757812500000001
1 0.159609375 0.6603984374999999 0.012484375 0.013648437499999999
1 0.125859375 0.6269218750000001 0.014249999999999999 0.0139375
1 0.12925781249999999 0.645375 0.013921875 0.013148437499999999
1 0.13359375 0.6644687499999999 0.015445312499999999 0.0156796875
1 0.09326562499999999 0.65234375 0.018328125 0.015875
1 0.0950234375 0.671859375 0.025007812499999997 0.01575
1 0.148484375 0.5309296875 0.031234374999999998 0.0483984375
1 0.21615625 0.20471093749999997 0.034890624999999995 0.0523046875
1 0.190765625 0.24665625000000002 0.01809375 0.032109375
1 0.07082031250000001 0.22469531250000002 0.0224609375 0.0412890625
1 0.09814062500000001 0.2654375 0.0206015625 0.03440625