1 0.6317447916666666 0.6526203703703705 0.03767708333333333 0.045907407407407404
1 0.4950833333333333 0.8256666666666667 0.028869791666666665 0.032231481481481486
1 0.4558802083333333 0.8138888888888889 0.029489583333333333 0.03303703703703704
1 0.475515625 0.8565833333333334 0.029291666666666667 0.030583333333333334
1 0.55121875 0.7787962962962963 0.018234375 0.01800925925925926
1 0.5317916666666667 0.8049999999999999 0.02225520833333333 0.022444444444444444
1 0.5234375 0.7834629629629629 0.02359375 0.025027777777777777
1 0.5008645833333333 0.7384259259259259 0.0230625 0.024888888888888887
1 0.52528125 0.7076574074074073 0.020078125 0.020481481481481482
1 0.5692604166666667 0.7547592592592592 0.016557291666666665 0.016824074074074075
1 0.5570416666666667 0.7331851851851852 0.016041666666666666 0.01611111111111111
1 0.5093072916666667 0.7601481481481481 0.02216145833333333 0.022694444444444444
1 0.5330208333333333 0.7339259259259259 0.017666666666666667 0.017805555555555557
1 0.47992708333333334 0.7907222222222222 0.025848958333333335 0.02783333333333333
1 0.5409895833333334 0.6875740740740741 0.018473958333333332 0.018203703703703705
1 0.5433333333333333 0.7537037037037037 0.016890625 0.016648148148148148
1 0.550859375 0.7097129629629629 0.0168125 0.016759259259259262
1 0.5784166666666667 0.42818518518518517 0.028671875 0.0500462962962963
1 0.7108333333333333 0.45645370370370375 0.027630208333333333 0.05282407407407407
0 0.628984375 0.392037037037037 0.049526041666666666 0.12048148148148148
0 0.2061875 0.6218888888888888 0.04744270833333333 0.06487962962962962
0 0.32739583333333333 0.5301388888888888 0.025026041666666665 0.027805555555555556