1 0.69359375 0.49398148148148147 0.030901041666666667 0.041833333333333333
1 0.4696666666666667 0.8435277777777778 0.030984375 0.03810185185185185
1 0.4370260416666667 0.7871203703703704 0.030723958333333336 0.035194444444444445
1 0.34692708333333333 0.8098796296296296 0.016838541666666665 0.016981481481481483
1 0.437953125 0.8469351851851853 0.030765625 0.03821296296296296
1 0.4704375 0.7848425925925926 0.030703125 0.03705555555555556
1 0.368234375 0.7742129629629629 0.018661458333333332 0.01963888888888889
1 0.34667708333333336 0.7823333333333333 0.017338541666666665 0.018277777777777775
1 0.368609375 0.8092685185185186 0.019067708333333332 0.020537037037037038
1 0.39689583333333334 0.8687037037037038 0.027359375000000002 0.028092592592592593
1 0.39756250000000004 0.7719351851851852 0.022109375 0.023564814814814813
1 0.36775520833333336 0.8352314814814814 0.019364583333333334 0.019287037037037037
1 0.397171875 0.8053611111111111 0.024088541666666668 0.02613888888888889
1 0.39757291666666666 0.8419814814814816 0.023401041666666667 0.026166666666666668
1 0.61046875 0.7063148148148148 0.023458333333333335 0.04274074074074074
1 0.7585416666666667 0.7407222222222223 0.024041666666666666 0.03857407407407407
0 0.3448177083333333 0.8548796296296296 0.07975520833333333 0.10008333333333333
0 0.22811979166666668 0.48790740740740746 0.053953125000000005 0.0750648148148148