1 0.6957395833333333 0.41682407407407407 0.031885416666666666 0.04101851851851852
1 0.619390625 0.633611111111111 0.0304375 0.042694444444444445
1 0.7681302083333333 0.6441203703703704 0.035171875 0.04519444444444445
0 0.2514166666666667 0.4917592592592593 0.05544270833333333 0.06751851851851852
1 0.39495833333333336 0.7401203703703704 0.02003125 0.020416666666666666
1 0.42565625 0.7324814814814815 0.024036458333333333 0.027712962962962964
1 0.4648802083333334 0.7865925925925926 0.030546874999999998 0.036537037037037035
1 0.4281197916666667 0.7586574074074074 0.024536458333333334 0.025796296296296296
1 0.37513541666666667 0.7445092592592593 0.018052083333333333 0.01874074074074074
1 0.461515625 0.736712962962963 0.031677083333333335 0.035777777777777776
1 0.43061979166666664 0.7876388888888889 0.02415625 0.025824074074074076
1 0.37723437499999996 0.7704907407407408 0.017630208333333335 0.017796296296296296
1 0.48893749999999997 0.7334907407407407 0.022473958333333332 0.03482407407407408
1 0.43280208333333337 0.8148333333333333 0.023765625000000002 0.025425925925925928
1 0.3971458333333333 0.7659907407407407 0.020166666666666666 0.019722222222222224
1 0.3798541666666667 0.800425925925926 0.017385416666666667 0.017611111111111112
1 0.4059270833333333 0.8225555555555556 0.019375 0.019398148148148147
1 0.38159375 0.8266759259259259 0.01628125 0.01613888888888889
1 0.39951562500000004 0.7955462962962964 0.019302083333333334 0.01925925925925926
0 0.5154947916666667 0.7840462962962963 0.061734375 0.09740740740740741
0 0.3792916666666667 0.43214814814814817 0.027010416666666665 0.03566666666666667
0 0.9765260416666667 0.2709537037037037 0.046953125000000005 0.17149074074074075