1 0.6242604166666667 0.3162222222222222 0.03241145833333333 0.03855555555555556
1 0.6729166666666667 0.5658518518518518 0.03889583333333334 0.04701851851851852
1 0.5253541666666667 0.5115925925925926 0.032234375 0.042666666666666665
1 0.36905208333333334 0.5730185185185185 0.025249999999999998 0.028916666666666667
1 0.39688541666666666 0.5741666666666667 0.028005208333333333 0.031101851851851856
1 0.3328333333333333 0.5841296296296297 0.020619791666666668 0.023037037037037036
1 0.3333541666666667 0.5531388888888888 0.020421875 0.02275
1 0.395546875 0.6246944444444444 0.02754166666666667 0.03436111111111111
1 0.33225520833333333 0.6092222222222222 0.020588541666666668 0.02287962962962963
1 0.36783333333333335 0.623 0.024625 0.030074074074074073
1 0.28256770833333333 0.5839814814814815 0.015526041666666665 0.015361111111111112
1 0.3066770833333334 0.5837129629629629 0.017833333333333333 0.017981481481481484
1 0.3316822916666667 0.6403518518518518 0.020484375 0.023398148148148147
1 0.2824427083333333 0.6150462962962963 0.015192708333333334 0.01525
1 0.28325 0.555212962962963 0.014223958333333333 0.014018518518518519
1 0.306125 0.5544259259259259 0.017151041666666665 0.017444444444444443
1 0.2826302083333333 0.6404444444444444 0.014223958333333333 0.014083333333333335
1 0.30576562500000004 0.6093425925925926 0.017374999999999998 0.018046296296296296
1 0.3057135416666667 0.6400277777777778 0.016640625 0.018268518518518517
0 0.18489583333333334 0.2793240740740741 0.046875 0.07715740740740741
0 0.31455208333333334 0.253537037037037 0.022557291666666666 0.02762962962962963
0 0.9449114583333333 0.2530925925925926 0.05815104166666667 0.18714814814814815
0 0.9900312499999999 0.5787592592592592 0.019942708333333333 0.09999074074074074