1 0.7155729166666667 0.4836296296296297 0.033625 0.04050925925925926
1 0.7874166666666667 0.7102037037037037 0.037218749999999995 0.04811111111111111
1 0.6384791666666667 0.697212962962963 0.028645833333333332 0.039324074074074074
1 0.5174479166666667 0.7934722222222222 0.02821875 0.03187962962962963
1 0.453171875 0.7924814814814815 0.024546875000000003 0.027203703703703702
1 0.48648437499999997 0.7979722222222222 0.028822916666666667 0.03211111111111111
1 0.5215885416666667 0.8413055555555555 0.027989583333333335 0.033638888888888885
1 0.454734375 0.81775 0.024828125 0.026148148148148146
1 0.4900572916666667 0.8491574074074074 0.030208333333333334 0.035472222222222224
1 0.45621875 0.8478611111111112 0.02383333333333333 0.025953703703703705
1 0.4603541666666667 0.8751574074074073 0.023682291666666667 0.023212962962962963
1 0.42341666666666666 0.7993055555555556 0.01922916666666667 0.01875925925925926
1 0.404234375 0.8036574074074074 0.017156249999999998 0.01710185185185185
1 0.4299947916666667 0.8805740740740741 0.018489583333333334 0.017666666666666664
1 0.43085416666666665 0.8516018518518519 0.020942708333333334 0.020231481481481482
1 0.4140052083333333 0.8833148148148149 0.015916666666666666 0.01561111111111111
1 0.40675 0.8298518518518518 0.01659375 0.016574074074074074
1 0.42834374999999997 0.8247777777777777 0.014536458333333334 0.02227777777777778
1 0.40879166666666666 0.8595277777777778 0.009526041666666667 0.015148148148148148
0 0.29048958333333336 0.5663333333333334 0.04761979166666667 0.05970370370370371
0 0.40679166666666666 0.49950000000000006 0.019552083333333335 0.02762962962962963