1 0.6924270833333334 0.4522962962962963 0.033692708333333335 0.04072222222222222
1 0.6181354166666666 0.6654907407407408 0.032125 0.04097222222222222
1 0.7650989583333333 0.6769166666666667 0.03540104166666667 0.04549074074074074
1 0.4918125 0.7545740740740742 0.02664583333333333 0.033574074074074076
1 0.49613541666666666 0.8037129629629629 0.03170833333333333 0.03515740740740741
1 0.4622760416666667 0.7603888888888889 0.030203125 0.03391666666666667
1 0.4297447916666667 0.7821944444444444 0.024328125 0.026194444444444444
1 0.4284166666666666 0.7521574074074074 0.023640625000000002 0.02691666666666667
1 0.4323229166666666 0.809 0.023864583333333335 0.025722222222222223
1 0.46632812500000004 0.8106851851851852 0.02997395833333333 0.03478703703703704
1 0.3981822916666667 0.7588703703703704 0.020645833333333332 0.02014814814814815
1 0.3779635416666667 0.7631203703703703 0.017817708333333335 0.01774074074074074
1 0.4066822916666667 0.8152222222222223 0.020109375 0.020203703703703703
1 0.4044270833333333 0.7885740740740741 0.02165625 0.02211111111111111
1 0.38025000000000003 0.7941666666666667 0.017979166666666668 0.018416666666666668
1 0.38195833333333334 0.8201944444444444 0.017296875 0.017324074074074075
1 0.38279687500000004 0.8497037037037036 0.016885416666666667 0.016759259259259262
1 0.4345833333333333 0.834861111111111 0.023307291666666667 0.024046296296296295
1 0.40745312499999997 0.8460648148148148 0.01925 0.01933333333333333
0 0.25824479166666664 0.5169722222222223 0.044270833333333336 0.07099074074074074
0 0.3862864583333333 0.4591018518518518 0.026041666666666668 0.041666666666666664
0 0.5169270833333334 0.6751574074074074 0.10329687500000001 0.1774722222222222