1 0.728265625 0.4212222222222222 0.03403125 0.04225925925925926
1 0.6446875 0.6387685185185186 0.03355729166666667 0.04376851851851852
1 0.7976145833333333 0.657712962962963 0.039526041666666664 0.049749999999999996
0 0.27761458333333333 0.47609259259259257 0.05841145833333334 0.0675462962962963
1 0.48991666666666667 0.7821759259259259 0.031067708333333333 0.03567592592592593
1 0.4233177083333333 0.7595 0.019567708333333333 0.019712962962962963
1 0.4541302083333333 0.7523333333333333 0.023421874999999998 0.025314814814814814
1 0.42177604166666666 0.7326388888888888 0.020140625000000002 0.021296296296296296
1 0.4588802083333333 0.8101944444444444 0.023776041666666668 0.025435185185185186
1 0.45598958333333334 0.7826203703703704 0.02321875 0.026333333333333334
1 0.406109375 0.8207777777777778 0.017812500000000002 0.017583333333333333
1 0.42404166666666665 0.790787037037037 0.02032291666666667 0.020638888888888887
1 0.40402083333333333 0.7940555555555556 0.017197916666666667 0.01836111111111111
1 0.45287499999999997 0.7217592592592592 0.022088541666666666 0.02383333333333333
1 0.5219375 0.7812129629629629 0.028223958333333334 0.03431481481481482
1 0.426953125 0.8178333333333333 0.019026041666666667 0.019898148148148147
1 0.40438541666666666 0.7625092592592593 0.017911458333333335 0.018046296296296296
1 0.4021458333333333 0.7374444444444445 0.018046875 0.018425925925925925
1 0.4876197916666667 0.7372314814814815 0.024572916666666667 0.025592592592592594
0 0.486109375 0.6967592592592593 0.048609374999999996 0.08178703703703703
0 0.407984375 0.4212962962962963 0.027776041666666664 0.046296296296296294