0 0.384765625 0.30078125 0.046875 0.07734375
0 0.69921875 0.2828125 0.190625 0.2953125
0 0.05546875 0.67109375 0.071875 0.0984375
0 0.61796875 0.76328125 0.05 0.0484375
0 0.7796875 0.62734375 0.0375 0.03515625
1 0.28590625 0.22398437499999999 0.0227578125 0.040023437499999995
1 0.26178124999999997 0.25378124999999996 0.016843749999999998 0.027468749999999997
1 0.15190625 0.19440625 0.021359375 0.0436015625
1 0.1793515625 0.238171875 0.013515625 0.0401640625
1 0.21545312499999997 0.4310625 0.01828125 0.029171875000000003
1 0.21644531250000001 0.505390625 0.0234140625 0.0586484375