0 0.204296875 0.16015625 0.0609375 0.2015625
0 0.345703125 0.28515625 0.03359375 0.0734375
0 0.766015625 0.09375 0.0671875 0.128125
0 0.2890625 0.676171875 0.0953125 0.09296875
1 0.6291875 0.24763281250000002 0.025765624999999997 0.04196875
1 0.6629296874999999 0.26530468749999997 0.016578125 0.0243515625
1 0.7653984375 0.2281171875 0.020734375 0.02525
1 0.790140625 0.1857578125 0.0270078125 0.033953125
1 0.7336796875 0.4010546875 0.014468749999999999 0.0239765625
1 0.7367890625 0.46168750000000003 0.02346875 0.0420703125
1 0.2811171875 0.22839843750000002 0.0211484375 0.04115625
1 0.265375 0.252796875 0.0133515625 0.020234375
1 0.209390625 0.24453125 0.014070312500000001 0.026578125
1 0.2331796875 0.39475 0.013109375000000001 0.0239140625
1 0.2349609375 0.4573125 0.01209375 0.0419453125