0 0.359328125 0.08108593750000001 0.21446874999999999 0.15689843750000002
0 0.29978906250000004 0.6566484375 0.0481953125 0.0529296875
0 0.1664609375 0.81559375 0.0713359375 0.073890625
0 0.9637734375000001 0.07162500000000001 0.07190625 0.12162500000000001
1 0.07815625000000001 0.18875 0.035164062499999996 0.0325234375
1 0.21710156249999998 0.3155234375 0.0270390625 0.028609375
1 0.2572109375 0.13603125 0.024953125 0.0239453125
1 0.23115625 0.38021875 0.04296875 0.040953125
1 0.01846875 0.1753125 0.0369453125 0.037265625000000004
1 0.9781171875 0.230015625 0.022734375 0.024609375
1 0.9838515624999999 0.1928515625 0.022664062500000002 0.0216484375
1 0.979390625 0.1477421875 0.015125 0.02065625
1 0.993546875 0.1489453125 0.01290625 0.024578125