1 0.5657708333333333 0.3905740740740741 0.029708333333333333 0.03827777777777778
1 0.35025 0.6666203703703704 0.030406250000000003 0.032231481481481486
1 0.31907291666666665 0.6684351851851852 0.02941145833333333 0.03150925925925926
1 0.3480260416666667 0.7207870370370371 0.031984374999999995 0.03652777777777778
1 0.47609375000000004 0.58975 0.030395833333333334 0.040768518518518516
1 0.2822864583333333 0.6864444444444444 0.024979166666666667 0.024972222222222222
1 0.28103645833333335 0.6566944444444445 0.024390625 0.025064814814814814
1 0.32028645833333336 0.7215277777777778 0.029036458333333334 0.03253703703703704
1 0.22931249999999997 0.6641759259259259 0.014786458333333334 0.014805555555555556
1 0.23006770833333334 0.7516018518518519 0.015057291666666667 0.01475
1 0.2825833333333333 0.7132222222222222 0.023453125000000002 0.023712962962962963
1 0.25309375 0.6602222222222222 0.019911458333333333 0.019166666666666665
1 0.22956770833333331 0.7206388888888888 0.015895833333333335 0.016
1 0.2818229166666667 0.7458333333333333 0.023130208333333332 0.023787037037037037
1 0.25315625 0.6913981481481482 0.018640625 0.01923148148148148
1 0.25443229166666664 0.7187407407407408 0.018713541666666667 0.019101851851851852
1 0.22940104166666667 0.6941481481481481 0.016369791666666668 0.016675925925925927
1 0.2543489583333333 0.7485185185185185 0.018427083333333334 0.017703703703703704
0 0.857640625 0.2831759259259259 0.0625 0.1651203703703704
0 0.615453125 0.6273148148148148 0.052083333333333336 0.10030555555555555
0 0.12152604166666667 0.4020092592592593 0.05555729166666667 0.08796296296296297
0 0.2513020833333333 0.3611111111111111 0.028645833333333332 0.04321296296296297