0 0.968359375 0.298828125 0.06328125 0.10234375
0 0.184375 0.6046875 0.121875 0.08125
0 0.81640625 0.63046875 0.05078125 0.08515625
1 0.7058984374999999 0.5993359375 0.0173125 0.0258359375
1 0.7036484375 0.641203125 0.016390625 0.030906250000000003
1 0.7320078125 0.6018828125 0.017093749999999998 0.02615625
1 0.7311640625 0.64578125 0.0166015625 0.0293359375
1 0.765859375 0.5892890625 0.013296875 0.0188515625
1 0.7645078125 0.6150156250000001 0.0105859375 0.0226328125
1 0.7653203125 0.638765625 0.0187109375 0.018453125
1 0.7641796875 0.665546875 0.0123203125 0.021203125
1 0.7925390625000001 0.671046875 0.013015625 0.016703125
1 0.81021875 0.6713671875 0.0090625 0.01496875
1 0.7905859375000001 0.6456484375 0.0115 0.0111953125
1 0.8679375 0.2796953125 0.0160390625 0.0205625
1 0.8712109375000001 0.3075625 0.0213984375 0.0178984375
1 0.8815312499999999 0.3378359375 0.0170078125 0.021242187500000002
1 0.9160859374999999 0.3014921875 0.0193828125 0.0224453125
1 0.9089140625000001 0.2716484375 0.02290625 0.024734375
1 0.9211796874999999 0.3304140625 0.02003125 0.0230859375
1 0.12028125 0.235984375 0.041421875000000004 0.045171875
1 0.1176015625 0.29572656249999996 0.01103125 0.0144921875