1 0.5687604166666667 0.41274074074074074 0.030515625 0.03459259259259259
1 0.7235104166666667 0.40349999999999997 0.034015625 0.03976851851851852
1 0.5566093750000001 0.46487962962962964 0.025927083333333333 0.030944444444444445
1 0.5864270833333334 0.48 0.031390625 0.03565740740740741
1 0.6214010416666667 0.5195833333333333 0.025812500000000002 0.026833333333333334
1 0.627703125 0.489 0.031875 0.032796296296296296
0 0.6320989583333334 0.412 0.08119791666666668 0.20450000000000002
1 0.6848229166666666 0.46212037037037035 0.011843749999999998 0.032074074074074074
1 0.597140625 0.4320555555555556 0.0248125 0.032074074074074074
1 0.6588854166666667 0.6300370370370371 0.023119791666666667 0.041101851851851855
0 0.198484375 0.71975 0.050749999999999997 0.07417592592592592
0 0.31858854166666667 0.5884351851851852 0.019171875 0.040101851851851854