1 0.629375 0.453212962962963 0.032578125 0.03811111111111111
1 0.7093958333333333 0.6629722222222222 0.0370625 0.04504629629629629
1 0.568203125 0.6702777777777778 0.02996875 0.03955555555555555
1 0.44754166666666667 0.7802685185185185 0.029713541666666666 0.03103703703703704
1 0.45475 0.8294074074074074 0.030380208333333332 0.03415740740740741
1 0.422796875 0.7892962962962964 0.028463541666666665 0.029916666666666668
1 0.43028125 0.8336018518518519 0.028046875000000002 0.030870370370370374
1 0.392203125 0.8097222222222222 0.023609375 0.024805555555555556
1 0.38859895833333336 0.7856944444444444 0.023609375 0.02426851851851852
1 0.3645364583333333 0.7948425925925926 0.020104166666666666 0.019842592592592592
1 0.34435937499999997 0.8024444444444444 0.01628125 0.015981481481481482
1 0.347609375 0.8275462962962963 0.016098958333333333 0.015953703703703703
1 0.3675 0.82025 0.019380208333333333 0.018787037037037036
1 0.39781249999999996 0.8654907407407407 0.021953125 0.022768518518518518
1 0.3500625 0.856675925925926 0.015802083333333335 0.015851851851851853
1 0.3516927083333333 0.8819999999999999 0.014421875 0.014277777777777778
1 0.37075520833333336 0.8503055555555556 0.019723958333333333 0.019342592592592592
1 0.39575 0.8349629629629629 0.022541666666666668 0.02383333333333333
1 0.37216666666666665 0.8751666666666666 0.018020833333333333 0.01652777777777778
0 0.671875 0.7538611111111111 0.09722395833333333 0.1836388888888889
0 0.21223958333333334 0.5717592592592593 0.044270833333333336 0.0663611111111111
0 0.3359375 0.5007685185185186 0.020833333333333332 0.03858333333333334