0 0.60546875 0.023046875 0.1078125 0.04609375
0 0.7890625 0.415625 0.15625 0.028125
0 0.7875 0.36015625 0.0859375 0.05859375
0 0.378125 0.49296875 0.128125 0.1015625
0 0.870703125 0.6 0.025 0.04609375
1 0.41927343749999996 0.24259375 0.0512890625 0.0428046875
1 0.42990625 0.1730234375 0.026687499999999996 0.03025
1 0.8684765625 0.5676640625 0.014820312499999998 0.01690625
1 0.8544375000000001 0.56153125 0.011617187499999999 0.022593750000000003
1 0.8510390624999999 0.5998046875 0.0093515625 0.0176328125
1 0.837703125 0.5396328125000001 0.0080390625 0.0186484375
1 0.8368437500000001 0.5636484375 0.008117187500000001 0.015062500000000001
1 0.8353203125 0.5836328125 0.0086953125 0.017890625
1 0.8342499999999999 0.60496875 0.008367187500000001 0.0180078125
1 0.8215937500000001 0.598609375 0.0056953125 0.0134375
1 0.82309375 0.5786328125 0.006804687500000001 0.015546874999999998
1 0.8241406250000001 0.55659375 0.007171874999999999 0.012718750000000001
1 0.8246171875 0.53440625 0.00540625 0.011820312500000001
1 0.8153750000000001 0.529734375 0.009890625 0.0088203125
1 0.8139531249999999 0.55153125 0.0061484375 0.0104921875
1 0.8132187500000001 0.57321875 0.0043359374999999995 0.011554687499999999
1 0.81153125 0.5937734375 0.007710937499999999 0.0140546875