0 0.7529687500000001 0.6953796296296296 0.09641666666666666 0.20397222222222222
1 0.679765625 0.6511851851851852 0.02175 0.04402777777777778
1 0.3578385416666666 0.7711574074074075 0.016770833333333336 0.02824074074074074
1 0.5399791666666667 0.6597407407407407 0.024411458333333334 0.04683333333333333
1 0.3917083333333334 0.7747592592592593 0.020453125000000003 0.03338888888888889
1 0.3992395833333333 0.8251111111111111 0.018130208333333335 0.03232407407407407
1 0.4214010416666667 0.7653518518518518 0.019177083333333334 0.033824074074074076
1 0.36689583333333337 0.8545092592592592 0.015895833333333335 0.02578703703703704
1 0.36002083333333335 0.8015925925925926 0.015619791666666666 0.024564814814814817
1 0.426765625 0.8144722222222223 0.019192708333333332 0.0340462962962963
1 0.32783333333333337 0.7855 0.014348958333333333 0.02484259259259259
1 0.33716145833333333 0.865074074074074 0.014072916666666666 0.02213888888888889
1 0.30807291666666664 0.7922037037037037 0.01165625 0.018305555555555554
0 0.17317708333333334 0.5609537037037038 0.049479166666666664 0.08178703703703703
0 0.3012135416666667 0.4837962962962963 0.022567708333333332 0.032407407407407406
1 0.6028645833333334 0.44212962962962965 0.021703125 0.041666666666666664
1 0.36185416666666664 0.8259722222222222 0.018395833333333333 0.023675925925925927
1 0.33172916666666663 0.81075 0.013953125 0.022555555555555554
1 0.33511979166666667 0.8349074074074074 0.011859375 0.025305555555555553
1 0.311484375 0.8167037037037037 0.0090625 0.01611111111111111
1 0.31416145833333337 0.8441759259259259 0.010302083333333333 0.018314814814814815
1 0.3178697916666666 0.8720092592592592 0.010302083333333333 0.0227037037037037