1 0.5534322916666666 0.3065277777777778 0.021979166666666668 0.03967592592592593
1 0.09329166666666668 0.5010185185185185 0.03403645833333333 0.06870370370370371
1 0.288125 0.2440462962962963 0.03597395833333333 0.06238888888888888
1 0.5542343750000001 0.2647037037037037 0.02078645833333333 0.03702777777777778
1 0.555640625 0.22105555555555556 0.02184375 0.03481481481481482
1 0.4587760416666667 0.22794444444444445 0.027677083333333335 0.05210185185185186
1 0.3211822916666666 0.6469907407407407 0.042020833333333334 0.06985185185185185
1 0.596609375 0.31337037037037035 0.019036458333333332 0.03319444444444444
1 0.50171875 0.2379259259259259 0.028208333333333332 0.05207407407407408
1 0.453953125 0.30680555555555555 0.025411458333333335 0.048101851851851854
1 0.6002239583333334 0.22823148148148148 0.01718229166666667 0.03288888888888889
1 0.551203125 0.3508796296296296 0.01963541666666667 0.03697222222222222
1 0.5943385416666668 0.35780555555555554 0.020015625 0.03252777777777778
1 0.5982864583333334 0.272074074074074 0.018302083333333333 0.032962962962962965
1 0.6292447916666667 0.3615833333333333 0.017807291666666666 0.029361111111111112
1 0.6338854166666666 0.23860185185185184 0.015151041666666667 0.02799074074074074
1 0.6305208333333333 0.3200462962962963 0.0155625 0.02662962962962963
1 0.6319010416666667 0.27805555555555556 0.013916666666666666 0.024925925925925928
1 0.14719791666666668 0.486 0.014270833333333333 0.024935185185185185
0 0.4878958333333333 0.38890740740740737 0.07651041666666666 0.23497222222222222