1 0.683484375 0.32732407407407405 0.035770833333333335 0.044083333333333335
1 0.7661666666666667 0.5658240740740741 0.038135416666666665 0.04885185185185185
1 0.608375 0.5613981481481481 0.03525520833333333 0.04432407407407407
1 0.47903125 0.725212962962963 0.01925 0.04953703703703704
1 0.40652604166666667 0.73625 0.026515624999999998 0.028666666666666667
1 0.3715885416666667 0.7126203703703704 0.021916666666666664 0.021907407407407407
1 0.3495260416666667 0.7200555555555556 0.018166666666666668 0.018611111111111113
1 0.37119270833333334 0.6850370370370371 0.022114583333333333 0.021953703703703704
1 0.41083333333333333 0.7655833333333334 0.02575 0.027703703703703706
1 0.34779166666666667 0.6915370370370371 0.017666666666666667 0.017324074074074075
1 0.37688020833333336 0.7791481481481481 0.019989583333333335 0.020388888888888887
1 0.374078125 0.7462314814814814 0.021036458333333334 0.021277777777777777
1 0.3538020833333333 0.7847592592592593 0.016234375000000002 0.0162962962962963
1 0.35142708333333333 0.7528425925925927 0.017713541666666666 0.017805555555555557
0 0.4330625 0.6971759259259259 0.09696875 0.17942592592592593
1 0.47196354166666665 0.6746388888888889 0.021427083333333333 0.044111111111111115
0 0.20750520833333336 0.4295462962962963 0.057515625 0.06515740740740741
0 0.3470416666666667 0.3581759259259259 0.026026041666666666 0.03427777777777778