1 0.6910208333333333 0.35059259259259257 0.035333333333333335 0.04435185185185185
1 0.50434375 0.766175925925926 0.033854166666666664 0.03866666666666666
1 0.4760885416666667 0.780787037037037 0.0333125 0.03768518518518519
1 0.4881145833333333 0.8398888888888889 0.03225 0.03707407407407407
1 0.7896249999999999 0.5725277777777779 0.034484375 0.04931481481481481
1 0.434375 0.7913796296296297 0.026885416666666665 0.02639814814814815
1 0.5171302083333333 0.8192037037037038 0.033875 0.038842592592592595
1 0.43917187500000004 0.8203425925925926 0.025953125 0.027425925925925927
1 0.40517708333333335 0.8090462962962963 0.020098958333333337 0.021435185185185186
1 0.39115104166666664 0.8838703703703704 0.016979166666666667 0.017092592592592593
1 0.4106458333333334 0.843287037037037 0.019515624999999998 0.019824074074074074
1 0.45673958333333337 0.8805185185185186 0.024354166666666666 0.02626851851851852
1 0.3961979166666667 0.9167037037037037 0.017796875 0.01778703703703704
1 0.3857135416666667 0.8542222222222222 0.017536458333333334 0.017814814814814815
1 0.42278645833333334 0.9029351851851851 0.019479166666666665 0.01935185185185185
1 0.44679687500000004 0.8505185185185185 0.025583333333333333 0.025555555555555557
1 0.41718229166666665 0.8706851851851852 0.019958333333333335 0.020231481481481482
0 0.625109375 0.6579074074074074 0.09446875 0.19977777777777778
0 0.34836458333333337 0.47878703703703707 0.024760416666666667 0.031148148148148147
0 0.21065625 0.5928981481481482 0.056380208333333334 0.07381481481481482
1 0.3836145833333333 0.8239444444444445 0.014093749999999999 0.02226851851851852