1 0.678921875 0.43533333333333335 0.032656250000000005 0.04140740740740741
1 0.6064583333333334 0.6453703703703704 0.031098958333333333 0.041574074074074076
1 0.7504739583333334 0.6585648148148148 0.03515625 0.04619444444444445
1 0.4547708333333333 0.7479074074074075 0.027963541666666664 0.030685185185185187
1 0.48218229166666665 0.7414814814814814 0.029375 0.034416666666666665
1 0.4173177083333333 0.7405462962962963 0.02328125 0.024888888888888887
1 0.48609375 0.7882962962962963 0.029458333333333333 0.03477777777777778
1 0.4228802083333333 0.7972407407407407 0.024640625000000003 0.025472222222222222
1 0.388453125 0.7483981481481481 0.020098958333333337 0.019546296296296294
1 0.4198645833333333 0.7664907407407406 0.024395833333333335 0.026962962962962963
1 0.4594479166666667 0.7976203703703704 0.02891145833333333 0.032074074074074074
1 0.3716302083333333 0.8101481481481482 0.016666666666666666 0.01686111111111111
1 0.38981770833333335 0.7737870370370371 0.02077604166666667 0.020481481481481482
1 0.39147916666666666 0.8042592592592592 0.018005208333333335 0.018425925925925925
1 0.3933802083333333 0.830962962962963 0.017348958333333334 0.01735185185185185
1 0.37007291666666664 0.78325 0.017322916666666667 0.017685185185185186
1 0.36886458333333333 0.7536388888888889 0.016552083333333335 0.016953703703703703
1 0.42355208333333333 0.8248055555555556 0.024947916666666667 0.02507407407407407
1 0.3733125 0.8401574074074074 0.015598958333333333 0.015314814814814814
0 0.24826562500000002 0.5115740740740741 0.046875 0.06944444444444445
0 0.3741302083333334 0.44907407407407407 0.024307291666666668 0.03086111111111111
0 0.4869791666666667 0.8811759259259259 0.10069270833333334 0.15432407407407406