0 0.8894765625 0.2041796875 0.1161640625 0.147125
0 0.2925234375 0.502 0.1004921875 0.1528984375
0 0.47400000000000003 0.0657890625 0.228703125 0.1258515625
0 0.983671875 0.6424609375 0.03265625 0.13271093750000001
1 0.277984375 0.0115 0.0423359375 0.0230078125
1 0.315671875 0.059296875000000006 0.021734375 0.0268046875
1 0.4845390625 0.14267968749999999 0.0268828125 0.028390625000000003
1 0.5483515625 0.13486718749999999 0.047359374999999995 0.044015625
1 0.3260703125 0.24209375 0.031375 0.0263125
1 0.2857421875 0.2993984375 0.043046875 0.049625
1 0.2399921875 0.47966406250000004 0.018914062500000002 0.01971875
1 0.259625 0.5201875 0.0202265625 0.0319765625
1 0.3863828125 0.5574140625 0.020304687499999998 0.038656249999999996
1 0.3507265625 0.5689296875000001 0.022640625 0.023734375
1 0.2832578125 0.6698593749999999 0.021640625 0.0247109375
1 0.2772265625 0.71703125 0.029656250000000002 0.0297578125