1 0.5729166666666666 0.42760185185185184 0.029302083333333333 0.03362962962962963
1 0.5637760416666667 0.47491666666666665 0.028473958333333334 0.033120370370370376
1 0.6019635416666667 0.44089814814814815 0.029114583333333333 0.03237037037037037
1 0.6602604166666667 0.6453240740740741 0.044875 0.05138888888888889
1 0.5892395833333333 0.49062962962962964 0.024463541666666665 0.03023148148148148
1 0.6353125 0.4730185185185185 0.02218229166666667 0.024416666666666666
1 0.6301666666666667 0.4973055555555556 0.023604166666666666 0.024907407407407406
1 0.6573020833333333 0.5206296296296296 0.019744791666666664 0.021361111111111112
1 0.6249270833333332 0.5302685185185185 0.02227604166666667 0.02338888888888889
1 0.639671875 0.44330555555555556 0.023177083333333334 0.025842592592592594
1 0.652609375 0.5438240740740741 0.018208333333333333 0.018064814814814815
1 0.7291614583333333 0.41341666666666665 0.03361458333333334 0.04197222222222222
0 0.6456406250000001 0.39460185185185187 0.044828124999999996 0.11396296296296296
1 0.6750624999999999 0.5622314814814815 0.00984375 0.019037037037037036
1 0.690546875 0.47551851851851845 0.008973958333333334 0.019555555555555555
0 0.2040833333333333 0.73025 0.04515625 0.05763888888888889
0 0.32406770833333337 0.600824074074074 0.018817708333333336 0.03242592592592593