1 0.4452291666666667 0.38149074074074074 0.028770833333333336 0.051472222222222225
1 0.5057291666666667 0.28838888888888886 0.021348958333333334 0.038537037037037036
1 0.4480885416666667 0.3053796296296296 0.027911458333333337 0.048685185185185186
1 0.40660937500000005 0.30157407407407405 0.029520833333333333 0.054268518518518515
1 0.2287239583333333 0.330212962962963 0.036921875 0.06668518518518518
1 0.4034010416666666 0.3774537037037037 0.0270625 0.05037037037037037
1 0.5483645833333333 0.29306481481481483 0.017062499999999998 0.03347222222222222
1 0.03539583333333333 0.6175185185185185 0.033213541666666666 0.06842592592592593
1 0.5033958333333334 0.3722407407407407 0.023432291666666667 0.03891666666666667
1 0.5026614583333333 0.32905555555555555 0.020572916666666666 0.03784259259259259
1 0.5036145833333333 0.4160092592592593 0.021161458333333334 0.040546296296296296
1 0.54765625 0.3342685185185185 0.017083333333333332 0.033249999999999995
1 0.5465416666666666 0.37648148148148153 0.01758854166666667 0.03232407407407407
1 0.5458697916666666 0.4213425925925926 0.018296875 0.035240740740740746
1 0.2734583333333333 0.7437222222222223 0.040765625 0.0760925925925926
1 0.5821875 0.29870370370370375 0.013953125 0.02821296296296296
1 0.58075 0.33708333333333335 0.014078125 0.02752777777777778
1 0.5804791666666667 0.3802685185185185 0.015848958333333333 0.030694444444444444
0 0.24261979166666667 0.5046296296296297 0.10850520833333334 0.2037037037037037
0 0.703125 0.31712962962962965 0.10590104166666667 0.18673148148148147
1 0.579171875 0.421 0.011875 0.023453703703703702