0 0.8104322916666666 0.17188888888888887 0.06255729166666667 0.14687037037037037
0 0.9761979166666667 0.5305925925925925 0.03449479166666667 0.08439814814814815
1 0.3654791666666667 0.8021203703703703 0.015416666666666667 0.024342592592592593
1 0.38643750000000004 0.728 0.01913541666666667 0.033935185185185186
1 0.4153958333333333 0.7142314814814815 0.01964583333333333 0.03239814814814815
1 0.35520833333333335 0.7239166666666667 0.015723958333333333 0.026564814814814815
1 0.39578125 0.7718703703703704 0.01806770833333333 0.03166666666666667
1 0.34063541666666663 0.8140462962962962 0.013036458333333334 0.021037037037037035
1 0.3275729166666667 0.7392592592592593 0.013651041666666667 0.02198148148148148
1 0.52478125 0.6013611111111111 0.02021875 0.04100925925925926
1 0.42080208333333335 0.7597222222222222 0.018505208333333335 0.03113888888888889
1 0.35834375 0.7527037037037037 0.014979166666666667 0.023064814814814816
1 0.3306354166666667 0.7633981481481482 0.012807291666666666 0.019657407407407408
1 0.31533333333333335 0.7980462962962963 0.011270833333333334 0.01812037037037037
1 0.3334270833333333 0.7911296296296296 0.012744791666666666 0.02012962962962963
1 0.657734375 0.5868796296296297 0.02372916666666667 0.044055555555555556
1 0.36196875 0.7783981481481481 0.01503125 0.02259259259259259
0 0.17611458333333332 0.5381944444444444 0.0445625 0.05408333333333333
0 0.294375 0.4593518518518519 0.019708333333333335 0.02437962962962963
1 0.5789010416666667 0.39612037037037034 0.01628125 0.033518518518518524