1 0.642796875 0.44808333333333333 0.03386458333333333 0.04122222222222222
1 0.5755833333333332 0.6622870370370371 0.02940104166666667 0.03872222222222222
1 0.42694270833333337 0.7714351851851852 0.027598958333333333 0.030925925925925926
1 0.45354687499999996 0.7668055555555555 0.030411458333333332 0.035055555555555555
1 0.45941145833333336 0.8143981481481481 0.030244791666666666 0.036703703703703704
1 0.434296875 0.8198611111111112 0.02725 0.03176851851851852
1 0.391390625 0.7665000000000001 0.02364583333333333 0.025694444444444443
1 0.39455729166666664 0.7966018518518518 0.023875 0.025685185185185182
1 0.3668020833333333 0.7743796296296297 0.0211875 0.02014814814814815
1 0.37028645833333335 0.8048888888888889 0.020463541666666665 0.02074074074074074
1 0.34684895833333335 0.7863333333333333 0.0165 0.016787037037037038
1 0.40478125 0.8525462962962963 0.024083333333333335 0.024296296296296295
1 0.40369270833333337 0.8217037037037037 0.024348958333333334 0.025305555555555553
1 0.37259895833333334 0.8601481481481482 0.01756770833333333 0.016999999999999998
1 0.37186979166666667 0.8316203703703704 0.01875 0.018157407407407407
1 0.3500989583333334 0.8110740740740741 0.01653125 0.01677777777777778
1 0.35105729166666666 0.8410462962962963 0.015932291666666668 0.01589814814814815
1 0.353296875 0.8626574074074074 0.010416666666666666 0.02160185185185185
0 0.21961979166666667 0.5478425925925926 0.052083333333333336 0.07099074074074074
0 0.342015625 0.47839814814814813 0.017359375 0.027777777777777776
0 0.7239583333333334 0.6674351851851852 0.09201562499999999 0.17437962962962963