1 0.46731770833333336 0.4918333333333333 0.027328124999999998 0.03125925925925926
1 0.48902604166666663 0.4572962962962963 0.027947916666666666 0.03303703703703704
1 0.487703125 0.5321203703703704 0.029390625 0.035833333333333335
1 0.6358645833333333 0.5901018518518518 0.03596875 0.04637037037037037
1 0.509625 0.49677777777777776 0.031078125 0.036861111111111115
1 0.50903125 0.7305462962962963 0.03393229166666667 0.03791666666666667
0 0.5473072916666666 0.5500555555555555 0.07170833333333333 0.1479074074074074
1 0.5070989583333333 0.5930185185185185 0.015848958333333333 0.029583333333333333
1 0.5209635416666667 0.5708333333333333 0.019807291666666667 0.03169444444444444
1 0.5273020833333333 0.6335185185185186 0.011885416666666667 0.033101851851851855
1 0.5405729166666667 0.6127407407407407 0.013072916666666667 0.023944444444444445
1 0.544140625 0.6655648148148148 0.013864583333333335 0.022537037037037036
0 0.105328125 0.4112314814814815 0.047640625 0.06683333333333334
0 0.9706614583333334 0.8013333333333333 0.05868229166666667 0.12084259259259258