1 0.5734479166666666 0.4189907407407407 0.031265625 0.038981481481481485
1 0.44403645833333333 0.8029907407407407 0.02841145833333333 0.03202777777777778
1 0.7078645833333332 0.4528425925925926 0.03482291666666667 0.040685185185185185
1 0.4856458333333334 0.8180833333333333 0.028197916666666666 0.032
1 0.4916145833333333 0.7293518518518519 0.024666666666666667 0.02525925925925926
1 0.4654739583333333 0.775824074074074 0.028302083333333335 0.03241666666666666
1 0.4590416666666667 0.8462129629629629 0.029161458333333334 0.03389814814814815
1 0.6259739583333332 0.6484351851851852 0.036270833333333335 0.04236111111111111
1 0.5167552083333333 0.6995370370370371 0.02033333333333333 0.02011111111111111
1 0.5206197916666667 0.7993981481481481 0.021838541666666666 0.022574074074074073
1 0.5419895833333332 0.7682407407407408 0.01828645833333333 0.018416666666666668
1 0.509375 0.7792777777777777 0.022625 0.023333333333333334
1 0.5335625 0.7481666666666666 0.016708333333333332 0.016509259259259258
1 0.4983020833333333 0.7531851851851853 0.020052083333333335 0.022000000000000002
1 0.5413229166666667 0.7025 0.015708333333333335 0.01575
1 0.549296875 0.7283425925925926 0.015182291666666665 0.01510185185185185
1 0.5244010416666667 0.7279074074074074 0.016390625 0.01771296296296296
1 0.5328697916666667 0.6798796296296297 0.017755208333333335 0.01785185185185185
0 0.5846979166666666 0.8752037037037037 0.056364583333333336 0.09639814814814815
0 0.18897395833333333 0.5912592592592593 0.050708333333333334 0.0739537037037037
0 0.3151510416666667 0.5074444444444444 0.022583333333333334 0.03169444444444444