1 0.6805989583333333 0.4423888888888889 0.03278645833333334 0.039462962962962964
1 0.6097604166666667 0.6530833333333333 0.031385416666666666 0.03988888888888889
1 0.7523177083333333 0.6611018518518519 0.03367708333333333 0.04507407407407407
1 0.42322916666666666 0.7466481481481482 0.02584375 0.026768518518518518
1 0.46076562499999996 0.7539722222222222 0.031078125 0.03250925925925926
1 0.39302604166666666 0.7528425925925927 0.019291666666666665 0.0195
1 0.39407291666666666 0.7848240740740741 0.020270833333333335 0.01987037037037037
1 0.42954166666666665 0.8283611111111111 0.023270833333333334 0.02362037037037037
1 0.396609375 0.8106666666666666 0.018239583333333333 0.01751851851851852
1 0.4269114583333333 0.8025555555555556 0.023473958333333333 0.025722222222222223
1 0.37688020833333336 0.8141574074074074 0.016921875 0.016657407407407405
1 0.37863020833333333 0.8435185185185186 0.015713541666666667 0.015453703703703706
1 0.42338020833333334 0.7775833333333333 0.024489583333333335 0.024092592592592593
1 0.3758229166666667 0.7878888888888889 0.018119791666666666 0.01825925925925926
1 0.3739739583333333 0.7595277777777777 0.016744791666666665 0.01675
1 0.45940624999999996 0.7997685185185185 0.029807291666666666 0.03358333333333333
1 0.4037447916666667 0.834287037037037 0.017947916666666668 0.017546296296296296
0 0.5093020833333334 0.8234351851851851 0.10025520833333333 0.1568425925925926
0 0.25615625 0.5191018518518519 0.04711979166666667 0.06326851851851852
0 0.37971875 0.45805555555555555 0.0235625 0.03208333333333333