1 0.67234375 0.4625370370370371 0.031489583333333335 0.039481481481481485
1 0.6102916666666667 0.681962962962963 0.028385416666666666 0.03687037037037037
1 0.43061979166666664 0.7974722222222222 0.024859375 0.02426851851851852
1 0.4671458333333333 0.7989814814814815 0.028093749999999997 0.030250000000000003
1 0.43270312499999997 0.8214074074074074 0.0233125 0.02361111111111111
1 0.7515520833333333 0.6709259259259259 0.029151041666666665 0.03996296296296296
1 0.3820520833333333 0.8155185185185185 0.017802083333333333 0.017425925925925925
1 0.49700520833333334 0.8432777777777778 0.030197916666666665 0.033638888888888885
1 0.47252083333333333 0.8523981481481482 0.025151041666666665 0.03099074074074074
1 0.441015625 0.8788055555555556 0.022005208333333335 0.022555555555555554
1 0.39133854166666665 0.9000833333333333 0.014822916666666667 0.014324074074074074
1 0.38809375 0.8704166666666666 0.01615625 0.016574074074074074
1 0.4084010416666667 0.8329074074074073 0.01975 0.019555555555555555
1 0.38448958333333333 0.8445648148148148 0.016385416666666666 0.016277777777777776
1 0.4057604166666666 0.807787037037037 0.018989583333333334 0.018611111111111113
1 0.41481770833333337 0.8923981481481481 0.018593750000000003 0.017546296296296296
1 0.41113020833333336 0.864037037037037 0.018057291666666666 0.018333333333333333
1 0.43808854166666666 0.8525462962962963 0.021546875 0.02239814814814815
1 0.4915677083333333 0.7859444444444444 0.015223958333333334 0.036083333333333335
0 0.5235989583333333 0.81075 0.05898958333333334 0.09021296296296297
0 0.25238541666666664 0.5889351851851852 0.049338541666666666 0.06168518518518519
0 0.37329687500000003 0.5132685185185185 0.021145833333333332 0.02987962962962963