1 0.5038229166666667 0.8044259259259259 0.031968750000000004 0.03655555555555555
0 0.26075 0.5177407407407407 0.05239583333333333 0.07877777777777778
1 0.62471875 0.6597407407407407 0.029291666666666667 0.03983333333333334
1 0.49850520833333334 0.75425 0.029703125 0.03233333333333333
1 0.43380729166666665 0.7533611111111111 0.023786458333333333 0.025518518518518517
1 0.47240624999999997 0.7597685185185185 0.028255208333333334 0.031027777777777776
1 0.436125 0.7833055555555556 0.024963541666666665 0.025537037037037035
1 0.4067135416666667 0.760287037037037 0.02053125 0.021361111111111112
1 0.383328125 0.7653796296296297 0.017765625 0.01776851851851852
1 0.477234375 0.8110925925925926 0.027875 0.0332037037037037
1 0.4092708333333333 0.7902685185185185 0.019291666666666665 0.01990740740740741
1 0.385140625 0.7966018518518518 0.01746354166666667 0.018064814814814815
1 0.389171875 0.8534074074074074 0.015885416666666666 0.015759259259259258
1 0.44034375000000003 0.8418981481481481 0.022411458333333335 0.023722222222222224
1 0.41151041666666666 0.8187407407407408 0.020223958333333333 0.020703703703703703
1 0.3881614583333333 0.8227407407407407 0.016296875 0.016962962962962964
1 0.43899479166666666 0.8102592592592593 0.024088541666666668 0.02535185185185185
1 0.41248958333333335 0.8486851851851852 0.0184375 0.017675925925925925
0 0.3858489583333334 0.4583333333333333 0.019963541666666664 0.04321296296296297
0 0.7100677083333333 0.4390462962962963 0.048609374999999996 0.10030555555555555
0 0.982203125 0.30247222222222225 0.03558854166666667 0.17900925925925928
1 0.7730052083333334 0.6689814814814815 0.018229166666666668 0.04475