1 0.49020833333333336 0.7940648148148148 0.028234375 0.033666666666666664
1 0.46544791666666663 0.8199444444444444 0.030291666666666665 0.03391666666666667
1 0.57565625 0.40475 0.030953125 0.03863888888888889
1 0.44842708333333337 0.7807129629629629 0.028755208333333334 0.032018518518518516
1 0.6289270833333334 0.6262407407407408 0.03659375 0.043240740740740746
1 0.7089947916666667 0.43480555555555556 0.03353125 0.03883333333333333
1 0.4968541666666667 0.7037592592592592 0.023598958333333333 0.025009259259259262
1 0.4740729166666667 0.7494907407407407 0.028322916666666666 0.03186111111111111
1 0.5220416666666667 0.6738796296296296 0.02023958333333333 0.020046296296296295
1 0.5195052083333334 0.7514537037037038 0.02284375 0.023185185185185184
1 0.50596875 0.731648148148148 0.021010416666666667 0.021175925925925928
1 0.5298072916666666 0.702324074074074 0.018104166666666664 0.017925925925925925
1 0.5344374999999999 0.7199907407407408 0.016671875 0.01624074074074074
1 0.5242135416666667 0.7718518518518519 0.022807291666666667 0.022907407407407408
1 0.5385624999999999 0.6563981481481481 0.018536458333333335 0.01874074074074074
0 0.7630208333333334 0.375 0.05034895833333333 0.12037037037037036
0 0.20225520833333333 0.5632685185185186 0.05381770833333333 0.08025
0 0.3236614583333333 0.4876851851851852 0.0248125 0.04310185185185185