1 0.6815260416666666 0.4412962962962963 0.0348125 0.04307407407407408
1 0.6072239583333333 0.6573055555555556 0.030557291666666667 0.04062037037037037
1 0.48544791666666665 0.8004537037037037 0.030453125 0.03791666666666667
1 0.453234375 0.7569999999999999 0.027036458333333332 0.033324074074074075
1 0.479890625 0.7537592592592592 0.028208333333333332 0.034138888888888885
1 0.458125 0.8078148148148149 0.028005208333333333 0.032768518518518516
1 0.4155833333333333 0.7498888888888889 0.023401041666666667 0.025249999999999998
0 0.24163541666666666 0.5065 0.05808854166666667 0.0749537037037037
1 0.36728124999999995 0.7914537037037037 0.016973958333333334 0.01739814814814815
1 0.36875 0.8191759259259259 0.016989583333333332 0.017583333333333333
1 0.370328125 0.8493518518518518 0.015973958333333333 0.016314814814814817
1 0.417390625 0.7798796296296296 0.0230625 0.026333333333333334
1 0.3853229166666667 0.7566018518518518 0.02034375 0.02135185185185185
1 0.38946354166666663 0.8145740740740741 0.01836979166666667 0.02076851851851852
1 0.42209895833333333 0.8345 0.023411458333333336 0.02475925925925926
1 0.3908125 0.8443333333333334 0.017911458333333335 0.019398148148148147
1 0.3877083333333333 0.7869351851851851 0.020432291666666665 0.020259259259259258
1 0.36546354166666667 0.7615740740740741 0.017145833333333336 0.017361111111111112
1 0.42019270833333333 0.8067685185185185 0.023416666666666665 0.026518518518518518
1 0.7570260416666666 0.66825 0.028067708333333333 0.043916666666666666
0 0.370609375 0.4526388888888889 0.024760416666666667 0.032388888888888884
0 0.7695260416666667 0.6331018518518519 0.05768229166666667 0.10736111111111112
0 0.9735260416666667 0.30787037037037035 0.052953125000000004 0.1774722222222222