1 0.6744166666666668 0.4991203703703703 0.02296875 0.02564814814814815
1 0.6496979166666667 0.43734259259259256 0.02728125 0.032685185185185185
1 0.637375 0.48225 0.027442708333333333 0.032379629629629626
1 0.6824739583333332 0.4745648148148148 0.02109895833333333 0.02362962962962963
1 0.6228177083333333 0.4102777777777778 0.029807291666666666 0.03536111111111111
1 0.6678333333333334 0.5283703703703704 0.021203125 0.024814814814814814
1 0.6879531249999999 0.4474537037037037 0.022166666666666668 0.024657407407407406
1 0.6118802083333333 0.462712962962963 0.028671875 0.033999999999999996
1 0.709234375 0.494787037037037 0.017875 0.01962037037037037
1 0.7147395833333333 0.46906481481481477 0.01815625 0.019564814814814813
1 0.7009635416666666 0.6434166666666666 0.038046875 0.04569444444444445
1 0.7031510416666666 0.5204074074074073 0.018708333333333334 0.020046296296296295
1 0.7776562499999999 0.4247314814814815 0.02694791666666667 0.03878703703703704
1 0.6967552083333334 0.5469351851851852 0.018390625 0.02112962962962963
1 0.7308385416666667 0.5084814814814814 0.016479166666666666 0.016953703703703703
1 0.72446875 0.5357592592592593 0.016140625 0.016990740740740744
1 0.7377187500000001 0.48250925925925925 0.016369791666666668 0.016796296296296295
1 0.7167552083333334 0.563787037037037 0.015630208333333333 0.016462962962962964
0 0.24027083333333332 0.6631574074074075 0.057666666666666665 0.07262037037037038
0 0.6484375 0.6647592592592593 0.04865625 0.09503703703703703
0 0.3646145833333333 0.549962962962963 0.022828124999999998 0.03844444444444445