1 0.48680729166666664 0.654 0.02618229166666667 0.02950925925925926
1 0.44802083333333337 0.6648333333333333 0.023223958333333336 0.024685185185185185
1 0.7517864583333334 0.38501851851851854 0.031713541666666664 0.04092592592592593
1 0.5186770833333333 0.6530555555555555 0.026989583333333334 0.032768518518518516
1 0.39334895833333333 0.6403148148148148 0.01521875 0.014990740740740742
1 0.4485 0.6969537037037037 0.021505208333333335 0.024064814814814813
1 0.5173072916666667 0.7073148148148148 0.028854166666666667 0.03586111111111111
1 0.41778125 0.6379444444444444 0.017744791666666666 0.018944444444444444
1 0.4857083333333333 0.7058703703703704 0.025927083333333333 0.02889814814814815
1 0.418765625 0.7284722222222222 0.017265625 0.017314814814814814
1 0.39310416666666664 0.6679814814814814 0.017119791666666665 0.017583333333333333
1 0.41921354166666663 0.6991666666666667 0.017062499999999998 0.018444444444444447
1 0.3933177083333333 0.6986388888888888 0.016380208333333333 0.01662962962962963
1 0.41876041666666663 0.6670185185185186 0.018234375 0.019842592592592592
1 0.44725000000000004 0.63725 0.021270833333333336 0.023370370370370368
1 0.4471354166666667 0.7283425925925926 0.02196875 0.022842592592592595
1 0.656515625 0.586925925925926 0.032552083333333336 0.04407407407407408
0 0.40288541666666666 0.7553425925925926 0.06146354166666667 0.09323148148148148
0 0.28363020833333336 0.35286111111111107 0.05300520833333333 0.07417592592592592
1 0.8115364583333334 0.640324074074074 0.026265625 0.06136111111111111