1 0.45207291666666666 0.54625 0.024864583333333336 0.04275925925925926
1 0.49327604166666666 0.5707037037037037 0.020645833333333332 0.035759259259259255
1 0.5076197916666667 0.48676851851851854 0.020046875000000002 0.03668518518518518
1 0.499046875 0.5288611111111111 0.019677083333333335 0.03651851851851852
1 0.48265104166666667 0.6151018518518518 0.019395833333333334 0.036259259259259255
1 0.409140625 0.45332407407407405 0.026546875 0.050916666666666666
1 0.45738541666666666 0.501462962962963 0.022072916666666668 0.04005555555555555
1 0.5413020833333333 0.5050277777777777 0.01478125 0.03038888888888889
1 0.518609375 0.6327962962962963 0.018458333333333334 0.0300462962962963
1 0.44005729166666663 0.58875 0.021734374999999997 0.04224074074074074
1 0.46592187500000004 0.46128703703703705 0.022411458333333335 0.03776851851851852
0 0.38148437500000004 0.5724351851851852 0.09448958333333332 0.2302962962962963
1 0.18065625000000002 0.7988240740740741 0.035666666666666666 0.06824074074074074
1 0.525953125 0.5891111111111111 0.014911458333333332 0.02886111111111111
1 0.5331041666666666 0.5469166666666666 0.015817708333333333 0.027083333333333334
1 0.36327604166666666 0.4263425925925926 0.029760416666666668 0.04935185185185185
1 0.19054166666666666 0.3904351851851852 0.044161458333333334 0.08612962962962963