0 0.7140364583333334 0.6025092592592592 0.09506770833333333 0.19088888888888889
1 0.37207291666666664 0.8624722222222222 0.017395833333333333 0.025092592592592593
1 0.39668749999999997 0.7851296296296297 0.019817708333333333 0.03425
1 0.363359375 0.7811388888888889 0.015911458333333333 0.026851851851851852
1 0.33690625 0.8187685185185185 0.013864583333333335 0.020083333333333335
1 0.34624479166666666 0.8738611111111111 0.014635416666666668 0.02052777777777778
1 0.6865989583333333 0.6502592592592592 0.023619791666666667 0.043925925925925924
1 0.4029375 0.8308611111111112 0.019395833333333334 0.032574074074074075
1 0.34275520833333334 0.8476944444444444 0.013567708333333334 0.021425925925925928
1 0.3690572916666667 0.8363518518518518 0.01680729166666667 0.024453703703703703
1 0.31667708333333333 0.8269444444444445 0.012114583333333335 0.017962962962962962
1 0.36616666666666664 0.808212962962963 0.016192708333333333 0.02626851851851852
1 0.3330208333333333 0.7924907407407408 0.013973958333333333 0.02213888888888889
1 0.32076041666666666 0.8820092592592593 0.011895833333333333 0.01774074074074074
1 0.4267864583333333 0.7704074074074073 0.018796875 0.03593518518518519
1 0.432765625 0.8213703703703704 0.019125 0.033879629629629635
1 0.313734375 0.8005092592592592 0.012015625 0.018287037037037036
1 0.31929166666666664 0.8560462962962962 0.012302083333333333 0.017620370370370373
1 0.5448541666666666 0.6585092592592593 0.023270833333333334 0.04387962962962963
0 0.17458333333333334 0.5686944444444445 0.05205208333333333 0.06939814814814815
0 0.20250520833333333 0.679537037037037 0.017890625 0.025064814814814814
0 0.3033541666666667 0.4920648148148148 0.017890625 0.03373148148148148
0 0.3047083333333333 0.6756851851851852 0.014098958333333333 0.02312962962962963
1 0.6069739583333333 0.44290740740740736 0.024395833333333335 0.04337037037037037