1 0.6415208333333333 0.19194444444444445 0.024671875 0.048629629629629634
1 0.6927291666666666 0.1831574074074074 0.023296874999999998 0.03576851851851852
1 0.6351822916666666 0.2617314814814815 0.029302083333333333 0.04836111111111111
1 0.6903072916666667 0.2606388888888889 0.02421875 0.036000000000000004
1 0.69125 0.21905555555555556 0.022494791666666666 0.03480555555555556
1 0.6857291666666666 0.29937037037037034 0.02313541666666667 0.037925925925925925
1 0.26376041666666666 0.4107222222222222 0.031640625 0.06166666666666666
1 0.73371875 0.18975 0.01971875 0.034574074074074077
1 0.5997708333333333 0.18636111111111112 0.025062499999999998 0.04914814814814815
1 0.5937604166666667 0.25307407407407406 0.026776041666666663 0.046064814814814815
1 0.44099479166666666 0.1879074074074074 0.029249999999999998 0.05391666666666666
1 0.7318593750000001 0.23102777777777778 0.019223958333333332 0.03306481481481482
1 0.7297499999999999 0.30953703703703705 0.018546875 0.03155555555555555
1 0.7319270833333333 0.2684259259259259 0.017854166666666667 0.029416666666666667
1 0.764625 0.1991111111111111 0.014921875 0.029194444444444446
1 0.76015625 0.31624074074074077 0.013765625 0.02636111111111111
1 0.761109375 0.27625925925925926 0.013536458333333333 0.024388888888888887
1 0.7623802083333333 0.23969444444444446 0.013911458333333333 0.027962962962962964
0 0.4375 0.46219444444444446 0.13194270833333335 0.41512037037037036