1 0.67853125 0.45542592592592596 0.032067708333333333 0.039796296296296295
1 0.6059218749999999 0.6646851851851852 0.02909895833333333 0.04092592592592593
1 0.75065625 0.6721944444444444 0.0348125 0.045231481481481484
1 0.4550416666666666 0.7655092592592593 0.03210416666666667 0.035805555555555556
1 0.3896979166666667 0.7656666666666666 0.019354166666666665 0.0205
1 0.48790104166666665 0.80825 0.030567708333333332 0.03412037037037037
1 0.41836979166666666 0.7590092592592593 0.021765625 0.02436111111111111
1 0.46169270833333337 0.8140833333333334 0.026625 0.03311111111111111
1 0.371875 0.8010185185185186 0.017458333333333336 0.017638888888888888
1 0.42056770833333335 0.7887222222222222 0.02373958333333333 0.02613888888888889
1 0.37015625 0.7706759259259259 0.017249999999999998 0.017601851851851855
1 0.3918802083333333 0.7955833333333333 0.01942708333333333 0.020305555555555556
1 0.3751875 0.856648148148148 0.016411458333333333 0.016888888888888887
1 0.395921875 0.8516851851851852 0.018125 0.017972222222222223
1 0.4262916666666667 0.843287037037037 0.02340625 0.02507407407407407
1 0.37373958333333335 0.8260555555555555 0.017171875 0.017305555555555557
1 0.39322395833333335 0.8227592592592593 0.019640625000000002 0.019435185185185184
1 0.42413020833333337 0.814037037037037 0.021885416666666668 0.023898148148148148
0 0.251734375 0.5277777777777778 0.048609374999999996 0.08025
0 0.3723958333333333 0.4683611111111111 0.020833333333333332 0.03858333333333334
0 0.5112864583333333 0.7615740740740741 0.08854166666666667 0.14660185185185187