0 0.12965625 0.7618828125 0.2593203125 0.174375
0 0.85275 0.588171875 0.1112734375 0.1023984375
0 0.17022656249999998 0.5870390624999999 0.124390625 0.111671875
0 0.5358828124999999 0.10378125 0.0651015625 0.053625
1 0.0762421875 0.0209296875 0.04121875 0.0399921875
1 0.018062500000000002 0.0587421875 0.0225078125 0.027921875000000002
1 0.649515625 0.108375 0.0156640625 0.0237265625
1 0.643546875 0.139875 0.01440625 0.026609375
1 0.6172890625 0.105671875 0.0208046875 0.0212265625
1 0.6105 0.1390859375 0.0159296875 0.0242421875
1 0.568359375 0.14751562499999998 0.0171953125 0.0179140625
1 0.5303984374999999 0.14590625 0.016671875 0.013234375000000001
1 0.5053203125 0.142078125 0.01146875 0.0142890625
1 0.5064453125 0.1214609375 0.007914062500000001 0.0107421875
1 0.5316171875 0.1255390625 0.0089609375 0.013109375000000001
1 0.5694765625 0.127125 0.015359375 0.009820312500000001
1 0.5718828125 0.08887500000000001 0.0148984375 0.012375
1 0.5060781249999999 0.105609375 0.008640625 0.0094921875