1 0.18489583333333334 0.8495370370370371 0.03177083333333333 0.03981481481481482
1 0.21432291666666667 0.7958333333333333 0.022916666666666665 0.028703703703703703
1 0.3572916666666667 0.6958333333333333 0.025520833333333333 0.028703703703703703
1 0.3177083333333333 0.7087962962962963 0.018229166666666668 0.021296296296296296
1 0.21588541666666666 0.6310185185185185 0.027083333333333334 0.026851851851851852
1 0.47578125 0.6148148148148148 0.034375 0.04259259259259259
1 0.4625 0.5583333333333333 0.03697916666666667 0.05185185185185185
1 0.5130208333333334 0.5444444444444444 0.03177083333333333 0.04259259259259259
1 0.5265625 0.5962962962962963 0.03177083333333333 0.03888888888888889
1 0.59140625 0.6041666666666666 0.027604166666666666 0.028703703703703703
1 0.5859375 0.5736111111111111 0.028125 0.03425925925925926
1 0.5755208333333334 0.5388888888888889 0.022916666666666665 0.02962962962962963
1 0.5627604166666667 0.5106481481481482 0.022395833333333334 0.028703703703703703
1 0.6106770833333334 0.5 0.019270833333333334 0.02962962962962963
1 0.6177083333333333 0.5203703703703704 0.019791666666666666 0.02962962962962963
1 0.6270833333333333 0.5504629629629629 0.020833333333333332 0.025
1 0.63828125 0.5805555555555556 0.022395833333333334 0.03148148148148148
1 0.7588541666666667 0.5694444444444444 0.030208333333333334 0.03888888888888889
1 0.75546875 0.5101851851851852 0.027604166666666666 0.040740740740740744
1 0.8052083333333333 0.5199074074074074 0.03229166666666667 0.030555555555555555
1 0.8098958333333334 0.5736111111111111 0.03125 0.03981481481481482
1 0.8809895833333333 0.6046296296296296 0.025520833333333333 0.037037037037037035
1 0.8755208333333333 0.5726851851851852 0.025 0.030555555555555555
1 0.8697916666666666 0.5425925925925926 0.021875 0.03148148148148148
1 0.8630208333333333 0.5162037037037037 0.025 0.026851851851851852
1 0.9138020833333333 0.5208333333333334 0.021354166666666667 0.025
1 0.9203125 0.5537037037037037 0.019791666666666666 0.024074074074074074
1 0.9263020833333333 0.5805555555555556 0.021354166666666667 0.020370370370370372
1 0.9325520833333333 0.6101851851851852 0.018229166666666668 0.027777777777777776
1 0.9515625 0.5300925925925926 0.0125 0.021296296296296296
1 0.95703125 0.5541666666666667 0.013020833333333334 0.019444444444444445
1 0.9651041666666667 0.5810185185185185 0.014583333333333334 0.021296296296296296
1 0.9736979166666667 0.6212962962962963 0.019270833333333334 0.022222222222222223