1 0.15703125 0.4583333333333333 0.03333333333333333 0.05
1 0.35494791666666664 0.3162037037037037 0.025 0.04722222222222222
1 0.16901041666666666 0.19907407407407407 0.025 0.037037037037037035
1 0.4830729166666667 0.24953703703703703 0.03125 0.05277777777777778
1 0.46640625 0.1837962962962963 0.030208333333333334 0.04722222222222222
1 0.5203125 0.17685185185185184 0.030729166666666665 0.037037037037037035
1 0.5346354166666667 0.24027777777777778 0.035416666666666666 0.05092592592592592
1 0.5744791666666667 0.15787037037037038 0.025520833333333333 0.032407407407407406
1 0.5877604166666667 0.1875 0.025 0.026851851851851852
1 0.5986979166666667 0.2212962962962963 0.035416666666666666 0.03148148148148148
1 0.6080729166666666 0.26157407407407407 0.029166666666666667 0.03425925925925926
1 0.66171875 0.2518518518518518 0.019270833333333334 0.025925925925925925
1 0.6424479166666667 0.2212962962962963 0.017708333333333333 0.020370370370370372
1 0.6338541666666667 0.1865740740740741 0.021354166666666667 0.03611111111111111
1 0.6223958333333334 0.1527777777777778 0.019270833333333334 0.025925925925925925
1 0.6596354166666667 0.14907407407407408 0.015104166666666667 0.025925925925925925
1 0.778125 0.20462962962962963 0.027083333333333334 0.03888888888888889
1 0.7830729166666667 0.262037037037037 0.033854166666666664 0.044444444444444446
1 0.8236979166666667 0.22453703703703703 0.030729166666666665 0.04722222222222222
1 0.8348958333333333 0.2810185185185185 0.03125 0.049074074074074076
1 0.8966145833333333 0.325 0.025520833333333333 0.03888888888888889
1 0.8940104166666667 0.29212962962962963 0.0265625 0.028703703703703703
1 0.8846354166666667 0.26157407407407407 0.025520833333333333 0.032407407407407406
1 0.8796875 0.2310185185185185 0.026041666666666668 0.025
1 0.9265625 0.2513888888888889 0.020833333333333332 0.026851851851851852
1 0.9341145833333333 0.28194444444444444 0.0203125 0.023148148148148147
1 0.9416666666666667 0.3125 0.023958333333333335 0.028703703703703703
1 0.9471354166666667 0.3421296296296296 0.0265625 0.028703703703703703