1 0.07083333333333333 0.7023148148148148 0.03177083333333333 0.03981481481481482
1 0.09713541666666667 0.6476851851851851 0.022916666666666665 0.028703703703703703
1 0.25416666666666665 0.5513888888888889 0.025520833333333333 0.028703703703703703
1 0.20885416666666667 0.5569444444444445 0.018229166666666668 0.021296296296296296
1 0.09401041666666667 0.4699074074074074 0.027083333333333334 0.026851851851851852
1 0.3768229166666667 0.4759259259259259 0.034375 0.04259259259259259
1 0.36380208333333336 0.4199074074074074 0.0375 0.05462962962962963
1 0.4119791666666667 0.40185185185185185 0.03177083333333333 0.04259259259259259
1 0.428125 0.46296296296296297 0.03177083333333333 0.03888888888888889
1 0.49375 0.4689814814814815 0.027604166666666666 0.028703703703703703
1 0.48515625 0.43657407407407406 0.028125 0.03425925925925926
1 0.47421875 0.40370370370370373 0.022916666666666665 0.02962962962962963
1 0.4640625 0.37916666666666665 0.022395833333333334 0.028703703703703703
1 0.5109375 0.37222222222222223 0.019270833333333334 0.02962962962962963
1 0.5182291666666666 0.3972222222222222 0.0140625 0.020370370370370372
1 0.53203125 0.43194444444444446 0.020833333333333332 0.017592592592592594
1 0.540625 0.46296296296296297 0.022395833333333334 0.03148148148148148
1 0.6552083333333333 0.44814814814814813 0.030208333333333334 0.03888888888888889
1 0.6520833333333333 0.4046296296296296 0.027604166666666666 0.040740740740740744
1 0.696875 0.41064814814814815 0.03229166666666667 0.030555555555555555
1 0.7026041666666667 0.4634259259259259 0.03125 0.03981481481481482
1 0.7638020833333333 0.49074074074074076 0.025520833333333333 0.037037037037037035
1 0.76171875 0.46574074074074073 0.0203125 0.025925925925925925
1 0.7572916666666667 0.4351851851851852 0.021875 0.03148148148148148
1 0.7541666666666667 0.40694444444444444 0.025 0.026851851851851852
1 0.7986979166666667 0.42083333333333334 0.021354166666666667 0.025
1 0.8052083333333333 0.44722222222222224 0.019791666666666666 0.024074074074074074
1 0.81171875 0.4759259259259259 0.021354166666666667 0.020370370370370372
1 0.8138020833333334 0.5037037037037037 0.018229166666666668 0.027777777777777776
1 0.8333333333333334 0.4300925925925926 0.0125 0.021296296296296296
1 0.8377604166666667 0.45694444444444443 0.013020833333333334 0.019444444444444445
1 0.84375 0.4828703703703704 0.014583333333333334 0.021296296296296296
1 0.8502604166666666 0.5138888888888888 0.019270833333333334 0.022222222222222223