1 0.32838541666666665 0.3625 0.0453125 0.08611111111111111
1 0.31979166666666664 0.4976851851851852 0.052083333333333336 0.09074074074074075
1 0.39895833333333336 0.3449074074074074 0.04791666666666667 0.08148148148148149
1 0.39817708333333335 0.48148148148148145 0.04583333333333333 0.08611111111111111
1 0.49375 0.29259259259259257 0.040625 0.05740740740740741
1 0.49453125 0.36203703703703705 0.044270833333333336 0.053703703703703705
1 0.49895833333333334 0.4388888888888889 0.044270833333333336 0.06944444444444445
1 0.49921875 0.5101851851851852 0.03802083333333333 0.06018518518518518
1 0.6307291666666667 0.3472222222222222 0.030208333333333334 0.062037037037037036
1 0.5739583333333333 0.2814814814814815 0.0328125 0.04814814814814815
1 0.5747395833333333 0.42592592592592593 0.03125 0.046296296296296294
1 0.58359375 0.5078703703703704 0.03802083333333333 0.058333333333333334
1 0.6317708333333333 0.2763888888888889 0.0265625 0.046296296296296294
1 0.5734375 0.3574074074074074 0.025 0.044444444444444446
1 0.6325520833333333 0.42268518518518516 0.025 0.03981481481481482
1 0.63984375 0.49537037037037035 0.026041666666666668 0.05277777777777778
1 0.80234375 0.37407407407407406 0.043229166666666666 0.08796296296296297
1 0.78671875 0.5106481481481482 0.0484375 0.07685185185185185
1 0.8830729166666667 0.4064814814814815 0.046875 0.0787037037037037
1 0.86484375 0.5472222222222223 0.04479166666666667 0.08148148148148149
1 0.9841145833333333 0.4152777777777778 0.03177083333333333 0.058333333333333334
1 0.9796875 0.48935185185185187 0.0390625 0.05555555555555555
1 0.9736979166666667 0.5671296296296297 0.0390625 0.06296296296296296
1 0.9625 0.6421296296296296 0.035416666666666666 0.062037037037037036
1 0.13697916666666668 0.6125 0.033854166666666664 0.058333333333333334
1 0.08411458333333334 0.6078703703703704 0.019791666666666666 0.037037037037037035