1 0.11666666666666667 0.48657407407407405 0.034895833333333334 0.041666666666666664
1 0.14947916666666666 0.4324074074074074 0.018229166666666668 0.02962962962962963
1 0.15182291666666667 0.2300925925925926 0.025 0.032407407407407406
1 0.31692708333333336 0.3592592592592593 0.025 0.03518518518518519
1 0.27239583333333334 0.35462962962962963 0.016145833333333335 0.03333333333333333
1 0.45546875 0.300462962962963 0.034375 0.05092592592592592
1 0.4440104166666667 0.2337962962962963 0.036458333333333336 0.05092592592592592
1 0.49765625 0.2273148148148148 0.035416666666666666 0.04722222222222222
1 0.5104166666666666 0.29768518518518516 0.033854166666666664 0.05092592592592592
1 0.5598958333333334 0.20787037037037037 0.028645833333333332 0.025
1 0.5700520833333333 0.24537037037037038 0.029166666666666667 0.03518518518518519
1 0.5807291666666666 0.28425925925925927 0.0359375 0.03518518518518519
1 0.58671875 0.32175925925925924 0.03333333333333333 0.030555555555555555
1 0.6104166666666667 0.20787037037037037 0.018229166666666668 0.021296296296296296
1 0.6190104166666667 0.24166666666666667 0.021875 0.02962962962962963
1 0.6286458333333333 0.2791666666666667 0.021354166666666667 0.030555555555555555
1 0.640625 0.3148148148148148 0.0203125 0.02962962962962963
1 0.66640625 0.27546296296296297 0.015104166666666667 0.025
1 0.6544270833333333 0.2439814814814815 0.013020833333333334 0.026851851851851852
1 0.6466145833333333 0.20879629629629629 0.015104166666666667 0.026851851851851852
1 0.7666666666666667 0.33194444444444443 0.03125 0.05092592592592592
1 0.7651041666666667 0.2712962962962963 0.028125 0.04259259259259259
1 0.8205729166666667 0.2967592592592593 0.033854166666666664 0.03796296296296296
1 0.8184895833333333 0.3574074074074074 0.028645833333333332 0.046296296296296294
1 0.8890625 0.41064814814814815 0.026041666666666668 0.041666666666666664
1 0.8854166666666666 0.37777777777777777 0.026041666666666668 0.03518518518518519
1 0.8828125 0.3421296296296296 0.028125 0.03796296296296296
1 0.8791666666666667 0.3087962962962963 0.028125 0.030555555555555555
1 0.9294270833333333 0.3277777777777778 0.021354166666666667 0.02962962962962963
1 0.9364583333333333 0.36898148148148147 0.022916666666666665 0.03425925925925926
1 0.9393229166666667 0.40046296296296297 0.024479166666666666 0.030555555555555555
1 0.94140625 0.43472222222222223 0.021354166666666667 0.030555555555555555
1 0.9809895833333333 0.4513888888888889 0.0109375 0.028703703703703703
1 0.9783854166666667 0.41759259259259257 0.015104166666666667 0.02962962962962963
1 0.9731770833333333 0.3819444444444444 0.018229166666666668 0.032407407407407406
1 0.96484375 0.350462962962963 0.011979166666666667 0.021296296296296296