1 0.48854166666666665 0.3902777777777778 0.028645833333333332 0.04351851851851852
1 0.49192708333333335 0.4550925925925926 0.030208333333333334 0.037037037037037035
1 0.5341145833333333 0.3875 0.027604166666666666 0.04351851851851852
1 0.5401041666666667 0.45046296296296295 0.029166666666666667 0.04351851851851852
1 0.5997395833333333 0.4699074074074074 0.0234375 0.02962962962962963
1 0.5963541666666666 0.4324074074074074 0.0203125 0.022222222222222223
1 0.5947916666666667 0.4027777777777778 0.023958333333333335 0.027777777777777776
1 0.5901041666666667 0.36203703703703705 0.018229166666666668 0.025925925925925925
1 0.634375 0.36435185185185187 0.016145833333333335 0.027777777777777776
1 0.6486979166666667 0.46574074074074073 0.020833333333333332 0.025925925925925925
1 0.6416666666666667 0.42962962962962964 0.019270833333333334 0.028703703703703703
1 0.6372395833333333 0.39814814814814814 0.021354166666666667 0.024074074074074074
1 0.6716145833333333 0.39675925925925926 0.015104166666666667 0.017592592592592594
1 0.6677083333333333 0.36435185185185187 0.016145833333333335 0.025
1 0.6760416666666667 0.42777777777777776 0.013541666666666667 0.022222222222222223
1 0.6828125 0.4648148148148148 0.014583333333333334 0.020370370370370372
1 0.8505208333333333 0.3111111111111111 0.016666666666666666 0.021296296296296296
1 0.95703125 0.4740740740740741 0.015104166666666667 0.024074074074074074
1 0.92109375 0.4615740740740741 0.011979166666666667 0.013888888888888888
1 0.8559895833333333 0.3597222222222222 0.011458333333333333 0.01574074074074074
1 0.8328125 0.4564814814814815 0.0109375 0.01574074074074074
1 0.8106770833333333 0.4652777777777778 0.018229166666666668 0.026851851851851852
1 0.3203125 0.4532407407407407 0.0234375 0.041666666666666664
1 0.3263020833333333 0.5189814814814815 0.028125 0.05648148148148148
1 0.27317708333333335 0.47175925925925927 0.024479166666666666 0.053703703703703705
1 0.27682291666666664 0.5351851851851852 0.027604166666666666 0.03796296296296296
1 0.20729166666666668 0.46296296296296297 0.021875 0.03148148148148148
1 0.21041666666666667 0.5027777777777778 0.023958333333333335 0.03518518518518519
1 0.21197916666666666 0.5421296296296296 0.0234375 0.03518518518518519
1 0.21380208333333334 0.575925925925926 0.028125 0.03981481481481482
1 0.15911458333333334 0.48148148148148145 0.023958333333333335 0.026851851851851852
1 0.15963541666666667 0.5185185185185185 0.022916666666666665 0.02962962962962963
1 0.15963541666666667 0.5541666666666667 0.021354166666666667 0.030555555555555555
1 0.16041666666666668 0.5976851851851852 0.0234375 0.03148148148148148
1 0.12005208333333334 0.4930555555555556 0.013541666666666667 0.019444444444444445
1 0.11927083333333334 0.5287037037037037 0.011979166666666667 0.021296296296296296
1 0.11953125 0.5652777777777778 0.011458333333333333 0.022222222222222223
1 0.11875 0.6087962962962963 0.013541666666666667 0.023148148148148147