1 0.14088541666666668 0.6560185185185186 0.050520833333333334 0.062037037037037036
1 0.15520833333333334 0.5662037037037037 0.042708333333333334 0.07685185185185185
1 0.225 0.5615740740740741 0.046875 0.0712962962962963
1 0.20989583333333334 0.6560185185185186 0.04583333333333333 0.07685185185185185
1 0.30494791666666665 0.5092592592592593 0.03125 0.049074074074074076
1 0.30364583333333334 0.5625 0.03697916666666667 0.044444444444444446
1 0.3015625 0.6166666666666667 0.036458333333333336 0.04814814814814815
1 0.2989583333333333 0.6699074074074074 0.0328125 0.05555555555555555
1 0.36796875 0.5055555555555555 0.028645833333333332 0.04814814814814815
1 0.36875 0.55 0.028645833333333332 0.03888888888888889
1 0.36875 0.6032407407407407 0.0265625 0.04351851851851852
1 0.36796875 0.6574074074074074 0.0265625 0.04351851851851852
1 0.415625 0.5037037037037037 0.0234375 0.03888888888888889
1 0.41822916666666665 0.5486111111111112 0.0234375 0.041666666666666664
1 0.42083333333333334 0.5949074074074074 0.025 0.03888888888888889
1 0.4203125 0.6467592592592593 0.027604166666666666 0.046296296296296294
1 0.55546875 0.5564814814814815 0.040625 0.06944444444444445
1 0.540625 0.6518518518518519 0.04739583333333333 0.0787037037037037
1 0.6182291666666667 0.5787037037037037 0.04479166666666667 0.06759259259259259
1 0.6109375 0.6736111111111112 0.049479166666666664 0.06944444444444445
1 0.7041666666666667 0.5731481481481482 0.041666666666666664 0.05740740740740741
1 0.6986979166666667 0.6282407407407408 0.044270833333333336 0.049074074074074076
1 0.6955729166666667 0.6768518518518518 0.043229166666666666 0.04814814814814815
1 0.69453125 0.7384259259259259 0.03958333333333333 0.053703703703703705
1 0.7666666666666667 0.5972222222222222 0.0328125 0.049074074074074076
1 0.7684895833333333 0.649074074074074 0.0328125 0.04814814814814815
1 0.7653645833333333 0.7069444444444445 0.035416666666666666 0.04351851851851852
1 0.7674479166666667 0.7606481481481482 0.034375 0.058333333333333334
1 0.8169270833333333 0.6101851851851852 0.023958333333333335 0.03888888888888889
1 0.8192708333333333 0.6620370370370371 0.025 0.03981481481481482
1 0.821875 0.7162037037037037 0.025 0.030555555555555555
1 0.821875 0.774074074074074 0.021354166666666667 0.041666666666666664