1 0.45 0.8513888888888889 0.03802083333333333 0.05092592592592592
1 0.190625 0.9222222222222223 0.024479166666666666 0.03148148148148148
1 0.334375 0.9884259259259259 0.0234375 0.023148148148148147
1 0.45807291666666666 0.9092592592592592 0.03854166666666667 0.053703703703703705
1 0.5140625 0.8935185185185185 0.0359375 0.05555555555555555
1 0.5 0.8328703703703704 0.0359375 0.049074074074074076
1 0.55703125 0.7893518518518519 0.030208333333333334 0.03425925925925926
1 0.56328125 0.8236111111111111 0.030208333333333334 0.03611111111111111
1 0.5729166666666666 0.8550925925925926 0.028645833333333332 0.03796296296296296
1 0.5807291666666666 0.8842592592592593 0.0296875 0.03518518518518519
1 0.6028645833333334 0.7759259259259259 0.0203125 0.023148148148148147
1 0.6114583333333333 0.8027777777777778 0.021875 0.022222222222222223
1 0.62109375 0.8342592592592593 0.024479166666666666 0.028703703703703703
1 0.6322916666666667 0.8694444444444445 0.01875 0.026851851851851852
1 0.63671875 0.7685185185185185 0.0203125 0.024074074074074074
1 0.6466145833333333 0.7986111111111112 0.0203125 0.025
1 0.6578125 0.8217592592592593 0.016666666666666666 0.025
1 0.75078125 0.7939814814814815 0.029166666666666667 0.03425925925925926
1 0.7549479166666667 0.8472222222222222 0.025520833333333333 0.03333333333333333
1 0.8015625 0.799074074074074 0.030208333333333334 0.032407407407407406
1 0.8091145833333333 0.8532407407407407 0.034895833333333334 0.03888888888888889
1 0.8661458333333333 0.7902777777777777 0.024479166666666666 0.026851851851851852
1 0.8703125 0.8185185185185185 0.0265625 0.024074074074074074
1 0.8770833333333333 0.85 0.028125 0.027777777777777776
1 0.8802083333333334 0.8828703703703704 0.028645833333333332 0.032407407407407406
1 0.9372395833333333 0.888425925925926 0.018229166666666668 0.022222222222222223
1 0.93046875 0.8564814814814815 0.0203125 0.020370370370370372
1 0.9239583333333333 0.8240740740740741 0.016145833333333335 0.024074074074074074
1 0.9158854166666667 0.7953703703703704 0.017708333333333333 0.019444444444444445