1 0.38619791666666664 0.6722222222222223 0.03229166666666667 0.044444444444444446
1 0.54609375 0.5347222222222222 0.041666666666666664 0.05092592592592592
1 0.615625 0.5287037037037037 0.03802083333333333 0.053703703703703705
1 0.6942708333333333 0.4976851851851852 0.033854166666666664 0.032407407407407406
1 0.7127604166666667 0.6189814814814815 0.03802083333333333 0.046296296296296294
1 0.6994791666666667 0.5347222222222222 0.033854166666666664 0.032407407407407406
1 0.7098958333333333 0.575 0.040625 0.044444444444444446
1 0.7580729166666667 0.49398148148148147 0.027604166666666666 0.03425925925925926
1 0.7671875 0.5300925925925926 0.0265625 0.03518518518518519
1 0.7776041666666667 0.5694444444444444 0.030208333333333334 0.037037037037037035
1 0.784375 0.6125 0.0265625 0.04351851851851852
1 0.8096354166666667 0.48935185185185187 0.0234375 0.027777777777777776
1 0.81875 0.5291666666666667 0.026041666666666668 0.030555555555555555
1 0.83125 0.5657407407407408 0.0234375 0.03518518518518519
1 0.84609375 0.6018518518518519 0.0265625 0.037037037037037035
1 0.6200520833333333 0.600462962962963 0.0484375 0.05277777777777778
1 0.5453125 0.6078703703703704 0.043229166666666666 0.058333333333333334
1 0.184375 0.7324074074074074 0.022395833333333334 0.025925925925925925
1 0.33489583333333334 0.6703703703703704 0.019791666666666666 0.032407407407407406
1 0.13671875 0.7870370370370371 0.03125 0.049074074074074076
1 0.23515625 0.5453703703703704 0.025 0.03888888888888889
1 0.9744791666666667 0.5518518518518518 0.051041666666666666 0.06018518518518518
1 0.97578125 0.6273148148148148 0.0484375 0.053703703703703705