1 0.6278044871794872 0.7589285714285714 0.06650641025641026 0.15584415584415584
1 0.7235576923076923 0.825487012987013 0.07612179487179487 0.17207792207792208
1 0.6618589743589743 0.476461038961039 0.049679487179487176 0.12337662337662338
1 0.7123397435897436 0.49188311688311687 0.049679487179487176 0.11688311688311688
1 0.7660256410256411 0.5097402597402597 0.05448717948717949 0.137987012987013
1 0.8293269230769231 0.523538961038961 0.052884615384615384 0.12175324675324675
1 0.7155448717948718 0.2556818181818182 0.04006410256410257 0.08603896103896104
1 0.7604166666666666 0.26136363636363635 0.040865384615384616 0.08928571428571429
1 0.8225160256410257 0.2694805194805195 0.044070512820512824 0.08928571428571429
1 0.8790064102564102 0.2824675324675325 0.049679487179487176 0.09902597402597403
1 0.7451923076923077 0.09740259740259741 0.028044871794871796 0.06493506493506493
1 0.7996794871794872 0.10470779220779221 0.030448717948717948 0.07467532467532467
1 0.8573717948717948 0.09740259740259741 0.029647435897435896 0.07954545454545454
1 0.9202724358974359 0.10633116883116883 0.032852564102564104 0.09740259740259741
1 0.5645032051282052 0.9675324675324676 0.07131410256410256 0.06493506493506493