1 0.7794270833333333 0.4083333333333333 0.018229166666666668 0.03425925925925926
1 0.8869791666666667 0.40370370370370373 0.018229166666666668 0.03148148148148148
1 0.815625 0.2564814814814815 0.019791666666666666 0.030555555555555555
1 0.65078125 0.32407407407407407 0.014583333333333334 0.025
1 0.6763020833333333 0.32314814814814813 0.011979166666666667 0.018518518518518517
1 0.6791666666666667 0.35694444444444445 0.011458333333333333 0.017592592592592594
1 0.68125 0.387037037037037 0.015625 0.017592592592592594
1 0.6552083333333333 0.35833333333333334 0.013020833333333334 0.025
1 0.578125 0.36203703703703705 0.021354166666666667 0.03425925925925926
1 0.66171875 0.42083333333333334 0.0171875 0.02962962962962963
1 0.6575520833333334 0.38842592592592595 0.015625 0.025925925925925925
1 0.6203125 0.3648148148148148 0.016145833333333335 0.026851851851851852
1 0.62578125 0.39814814814814814 0.017708333333333333 0.028703703703703703
1 0.628125 0.4305555555555556 0.016666666666666666 0.02962962962962963
1 0.6848958333333334 0.4148148148148148 0.016666666666666666 0.025925925925925925
1 0.5833333333333334 0.41574074074074074 0.023958333333333335 0.04259259259259259
1 0.61796875 0.33564814814814814 0.018229166666666668 0.02962962962962963
1 0.5411458333333333 0.3638888888888889 0.025 0.03796296296296296
1 0.5479166666666667 0.4263888888888889 0.028125 0.03888888888888889