1 0.553125 0.4708333333333333 0.022395833333333334 0.04351851851851852
1 0.5614583333333333 0.5199074074074074 0.030208333333333334 0.037037037037037035
1 0.58671875 0.4550925925925926 0.0234375 0.030555555555555555
1 0.59609375 0.5032407407407408 0.0265625 0.037037037037037035
1 0.64375 0.5046296296296297 0.019791666666666666 0.021296296296296296
1 0.6361979166666667 0.4740740740740741 0.0203125 0.022222222222222223
1 0.63203125 0.45 0.015625 0.020370370370370372
1 0.6270833333333333 0.42268518518518516 0.0171875 0.021296296296296296
1 0.6604166666666667 0.40879629629629627 0.016145833333333335 0.027777777777777776
1 0.6776041666666667 0.48703703703703705 0.013020833333333334 0.024074074074074074
1 0.6716145833333333 0.4615740740740741 0.013020833333333334 0.021296296296296296
1 0.6651041666666667 0.4351851851851852 0.013020833333333334 0.018518518518518517
1 0.6846354166666667 0.4009259259259259 0.010416666666666666 0.017592592592592594
1 0.6901041666666666 0.425 0.009375 0.018518518518518517
1 0.69609375 0.45092592592592595 0.008333333333333333 0.01574074074074074
1 0.7036458333333333 0.48148148148148145 0.011458333333333333 0.014814814814814815
1 0.8276041666666667 0.30787037037037035 0.015104166666666667 0.013888888888888888
1 0.9166666666666666 0.4212962962962963 0.015104166666666667 0.024074074074074074
1 0.8877604166666667 0.4162037037037037 0.009895833333333333 0.010185185185185186
1 0.8330729166666667 0.3476851851851852 0.0078125 0.011111111111111112
1 0.8197916666666667 0.43472222222222223 0.010416666666666666 0.008333333333333333
1 0.8010416666666667 0.4527777777777778 0.013541666666666667 0.025
1 0.4322916666666667 0.5597222222222222 0.021875 0.03888888888888889
1 0.4434895833333333 0.6069444444444444 0.021354166666666667 0.03518518518518519
1 0.3966145833333333 0.5814814814814815 0.024479166666666666 0.03518518518518519
1 0.4078125 0.6324074074074074 0.023958333333333335 0.03518518518518519
1 0.35 0.5916666666666667 0.016145833333333335 0.03333333333333333
1 0.35520833333333335 0.6208333333333333 0.016666666666666666 0.030555555555555555
1 0.3611979166666667 0.6472222222222223 0.016666666666666666 0.03148148148148148
1 0.36692708333333335 0.6800925925925926 0.016666666666666666 0.02962962962962963
1 0.31588541666666664 0.6180555555555556 0.014583333333333334 0.022222222222222223
1 0.32005208333333335 0.6458333333333334 0.0140625 0.025
1 0.32734375 0.6754629629629629 0.013541666666666667 0.023148148148148147
1 0.3328125 0.7050925925925926 0.013541666666666667 0.024074074074074074
1 0.28854166666666664 0.6365740740740741 0.013541666666666667 0.019444444444444445
1 0.2953125 0.6657407407407407 0.011979166666666667 0.021296296296296296
1 0.30104166666666665 0.6962962962962963 0.011458333333333333 0.022222222222222223
1 0.30442708333333335 0.7245370370370371 0.013541666666666667 0.023148148148148147