1 0.08098958333333334 0.28379629629629627 0.0453125 0.08611111111111111
1 0.08541666666666667 0.4050925925925926 0.052083333333333336 0.09074074074074075
1 0.1578125 0.25555555555555554 0.04791666666666667 0.08148148148148149
1 0.1578125 0.3763888888888889 0.04583333333333333 0.08611111111111111
1 0.24635416666666668 0.1814814814814815 0.040625 0.05740740740740741
1 0.24895833333333334 0.2462962962962963 0.044270833333333336 0.053703703703703705
1 0.2559895833333333 0.32175925925925924 0.044270833333333336 0.06944444444444445
1 0.25546875 0.3912037037037037 0.03802083333333333 0.06018518518518518
1 0.32109375 0.16342592592592592 0.030208333333333334 0.062037037037037036
1 0.32760416666666664 0.22453703703703703 0.0328125 0.04814814814814815
1 0.3302083333333333 0.30092592592592593 0.03125 0.046296296296296294
1 0.3328125 0.3625 0.03802083333333333 0.058333333333333334
1 0.384375 0.1449074074074074 0.0265625 0.046296296296296294
1 0.38645833333333335 0.21203703703703702 0.020833333333333332 0.044444444444444446
1 0.3888020833333333 0.27314814814814814 0.025 0.03981481481481482
1 0.3953125 0.3486111111111111 0.026041666666666668 0.05277777777777778
1 0.5479166666666667 0.21203703703703702 0.043229166666666666 0.08796296296296297
1 0.5322916666666667 0.32731481481481484 0.0484375 0.07685185185185185
1 0.6234375 0.22592592592592592 0.046875 0.0787037037037037
1 0.6104166666666667 0.34953703703703703 0.04479166666666667 0.08148148148148149
1 0.7270833333333333 0.2074074074074074 0.0390625 0.06018518518518518
1 0.7231770833333333 0.27870370370370373 0.03802083333333333 0.06018518518518518
1 0.7153645833333333 0.3527777777777778 0.034375 0.06018518518518518
1 0.71015625 0.4203703703703704 0.041666666666666664 0.06944444444444445
1 0.8104166666666667 0.2300925925925926 0.03177083333333333 0.058333333333333334
1 0.8018229166666667 0.29768518518518516 0.0390625 0.05555555555555555
1 0.7997395833333333 0.3680555555555556 0.034375 0.053703703703703705
1 0.7966145833333333 0.4444444444444444 0.035416666666666666 0.062037037037037036
1 0.8713541666666667 0.24537037037037038 0.0234375 0.05277777777777778
1 0.86875 0.30787037037037035 0.0265625 0.044444444444444446
1 0.8638020833333333 0.38101851851851853 0.023958333333333335 0.03981481481481482
1 0.85859375 0.46296296296296297 0.027604166666666666 0.049074074074074076