1 0.26484375 0.37546296296296294 0.027083333333333334 0.05277777777777778
1 0.2890625 0.3087962962962963 0.0140625 0.025
1 0.3888020833333333 0.2101851851851852 0.013541666666666667 0.027777777777777776
1 0.42994791666666665 0.2175925925925926 0.022916666666666665 0.044444444444444446
1 0.54296875 0.13842592592592592 0.029166666666666667 0.062037037037037036
1 0.5893229166666667 0.1337962962962963 0.029166666666666667 0.058333333333333334
1 0.6458333333333334 0.17777777777777778 0.025520833333333333 0.04814814814814815
1 0.6421875 0.11527777777777778 0.022395833333333334 0.04722222222222222
1 0.6356770833333333 0.07314814814814814 0.028125 0.046296296296296294
1 0.6747395833333333 0.06805555555555555 0.022395833333333334 0.03425925925925926
1 0.6786458333333333 0.1162037037037037 0.018229166666666668 0.041666666666666664
1 0.684375 0.16805555555555557 0.017708333333333333 0.03425925925925926
1 0.7033854166666667 0.0699074074074074 0.016145833333333335 0.028703703703703703
1 0.7088541666666667 0.11574074074074074 0.013541666666666667 0.027777777777777776
1 0.71328125 0.16203703703703703 0.013020833333333334 0.025925925925925925
1 0.2591145833333333 0.024074074074074074 0.026041666666666668 0.04814814814814815
1 0.5322916666666667 0.04537037037037037 0.027604166666666666 0.05185185185185185
1 0.5783854166666667 0.049074074074074076 0.023958333333333335 0.05185185185185185
1 0.6307291666666667 0.023148148148148147 0.024479166666666666 0.040740740740740744
1 0.6703125 0.02175925925925926 0.0171875 0.028703703703703703
1 0.8520833333333333 0.24212962962962964 0.016666666666666666 0.032407407407407406
1 0.7010416666666667 0.026851851851851852 0.0171875 0.03888888888888889
1 0.8484375 0.2796296296296296 0.020833333333333332 0.040740740740740744
1 0.8877604166666667 0.18935185185185185 0.0140625 0.032407407407407406
1 0.88359375 0.22777777777777777 0.013020833333333334 0.027777777777777776
1 0.88359375 0.2652777777777778 0.0140625 0.026851851851851852
1 0.8807291666666667 0.30694444444444446 0.015104166666666667 0.03333333333333333
1 0.9046875 0.32222222222222224 0.0125 0.022222222222222223
1 0.9052083333333333 0.2861111111111111 0.009375 0.020370370370370372
1 0.9072916666666667 0.2490740740740741 0.0078125 0.028703703703703703
1 0.9080729166666667 0.21296296296296297 0.010416666666666666 0.025925925925925925
1 0.28515625 0.08935185185185185 0.014583333333333334 0.026851851851851852
1 0.85390625 0.20046296296296295 0.015104166666666667 0.03425925925925926
1 0.8552083333333333 0.15925925925925927 0.0171875 0.040740740740740744
1 0.815625 0.14444444444444443 0.019791666666666666 0.04537037037037037
1 0.8104166666666667 0.21898148148148147 0.022395833333333334 0.058333333333333334
1 0.77578125 0.18888888888888888 0.021354166666666667 0.06018518518518518
1 0.7815104166666667 0.11574074074074074 0.019270833333333334 0.05740740740740741