1 0.44114583333333335 0.45740740740740743 0.043229166666666666 0.05740740740740741
1 0.43385416666666665 0.37407407407407406 0.03697916666666667 0.053703703703703705
1 0.49114583333333334 0.3736111111111111 0.03697916666666667 0.049074074074074076
1 0.50078125 0.45046296296296295 0.040625 0.05555555555555555
1 0.5567708333333333 0.3449074074074074 0.027604166666666666 0.041666666666666664
1 0.5606770833333333 0.38657407407407407 0.028645833333333332 0.03518518518518519
1 0.5684895833333333 0.43148148148148147 0.030208333333333334 0.041666666666666664
1 0.5723958333333333 0.47824074074074074 0.029166666666666667 0.03981481481481482
1 0.6057291666666667 0.3458333333333333 0.0234375 0.03425925925925926
1 0.6135416666666667 0.38657407407407407 0.021354166666666667 0.02962962962962963
1 0.6200520833333333 0.42962962962962964 0.020833333333333332 0.032407407407407406
1 0.6286458333333333 0.475462962962963 0.020833333333333332 0.037037037037037035
1 0.64765625 0.3472222222222222 0.015625 0.03425925925925926
1 0.6578125 0.38796296296296295 0.019791666666666666 0.02962962962962963
1 0.6630208333333333 0.42824074074074076 0.025 0.02962962962962963
1 0.6703125 0.47314814814814815 0.015625 0.02962962962962963