1 0.051041666666666666 0.6625 0.03177083333333333 0.03981481481481482
1 0.07942708333333333 0.6106481481481482 0.022916666666666665 0.028703703703703703
1 0.24114583333333334 0.5199074074074074 0.025520833333333333 0.028703703703703703
1 0.19635416666666666 0.524537037037037 0.018229166666666668 0.021296296296296296
1 0.07838541666666667 0.42916666666666664 0.027083333333333334 0.026851851851851852
1 0.3684895833333333 0.4462962962962963 0.034375 0.04259259259259259
1 0.35598958333333336 0.3837962962962963 0.0375 0.05462962962962963
1 0.40572916666666664 0.37592592592592594 0.03177083333333333 0.04259259259259259
1 0.41822916666666665 0.43425925925925923 0.03177083333333333 0.03888888888888889
1 0.4864583333333333 0.4439814814814815 0.027604166666666666 0.028703703703703703
1 0.47994791666666664 0.41064814814814815 0.028125 0.03425925925925926
1 0.46848958333333335 0.38425925925925924 0.022916666666666665 0.02962962962962963
1 0.46041666666666664 0.35138888888888886 0.022395833333333334 0.028703703703703703
1 0.5041666666666667 0.3453703703703704 0.019270833333333334 0.02962962962962963
1 0.5109375 0.375 0.0140625 0.020370370370370372
1 0.5236979166666667 0.40046296296296297 0.020833333333333332 0.017592592592592594
1 0.5333333333333333 0.43425925925925923 0.022395833333333334 0.03148148148148148
1 0.6463541666666667 0.4305555555555556 0.030208333333333334 0.03888888888888889
1 0.6421875 0.375 0.027604166666666666 0.040740740740740744
1 0.6885416666666667 0.3939814814814815 0.03229166666666667 0.030555555555555555
1 0.6932291666666667 0.4449074074074074 0.03125 0.03981481481481482
1 0.7549479166666667 0.4787037037037037 0.025520833333333333 0.037037037037037035
1 0.7513020833333334 0.44907407407407407 0.0203125 0.025925925925925925
1 0.746875 0.4185185185185185 0.021875 0.03148148148148148
1 0.7432291666666667 0.3912037037037037 0.025 0.026851851851851852
1 0.78671875 0.4078703703703704 0.021354166666666667 0.025
1 0.7911458333333333 0.43425925925925923 0.019791666666666666 0.024074074074074074
1 0.7997395833333333 0.46111111111111114 0.021354166666666667 0.020370370370370372
1 0.80390625 0.49166666666666664 0.018229166666666668 0.027777777777777776
1 0.8203125 0.4152777777777778 0.0125 0.021296296296296296
1 0.8247395833333333 0.4412037037037037 0.013020833333333334 0.019444444444444445
1 0.8302083333333333 0.4708333333333333 0.014583333333333334 0.021296296296296296
1 0.8361979166666667 0.4981481481481482 0.019270833333333334 0.022222222222222223