1 0.5248397435897436 0.6883116883116883 0.0921474358974359 0.14285714285714285
1 0.41907051282051283 0.5292207792207793 0.08974358974358974 0.15584415584415584
1 0.6266025641025641 0.4780844155844156 0.07131410256410256 0.09902597402597403
1 0.6875 0.5511363636363636 0.06891025641025642 0.09740259740259741
1 0.5685096153846154 0.4082792207792208 0.06570512820512821 0.08441558441558442
1 0.5128205128205128 0.3344155844155844 0.07291666666666667 0.09902597402597403
1 0.6574519230769231 0.2849025974025974 0.049679487179487176 0.08603896103896104
1 0.7127403846153846 0.35633116883116883 0.05929487179487179 0.08928571428571429
1 0.7756410256410257 0.41883116883116883 0.05608974358974359 0.08928571428571429
1 0.6021634615384616 0.22646103896103897 0.047275641025641024 0.07792207792207792
1 0.6658653846153846 0.1599025974025974 0.036057692307692304 0.06493506493506493
1 0.7159455128205128 0.20616883116883117 0.03766025641025641 0.07467532467532467
1 0.7768429487179487 0.26866883116883117 0.03365384615384615 0.07954545454545454
1 0.8389423076923077 0.32792207792207795 0.03685897435897436 0.09740259740259741
1 0.4010416666666667 0.8587662337662337 0.08974358974358974 0.1525974025974026
1 0.29927884615384615 0.6793831168831169 0.09294871794871795 0.14935064935064934