1 0.17473958333333334 0.3087962962962963 0.0453125 0.08611111111111111
1 0.17734375 0.4388888888888889 0.052083333333333336 0.09074074074074075
1 0.24973958333333332 0.29074074074074074 0.04791666666666667 0.08148148148148149
1 0.24817708333333333 0.41203703703703703 0.04583333333333333 0.08611111111111111
1 0.34010416666666665 0.22916666666666666 0.040625 0.05740740740740741
1 0.34713541666666664 0.2953703703703704 0.044270833333333336 0.053703703703703705
1 0.34791666666666665 0.3648148148148148 0.044270833333333336 0.06944444444444445
1 0.35104166666666664 0.4388888888888889 0.03802083333333333 0.06018518518518518
1 0.47708333333333336 0.26851851851851855 0.030208333333333334 0.062037037037037036
1 0.4161458333333333 0.20601851851851852 0.0328125 0.04814814814814815
1 0.4265625 0.3472222222222222 0.03125 0.046296296296296294
1 0.43072916666666666 0.4199074074074074 0.03802083333333333 0.058333333333333334
1 0.47630208333333335 0.19907407407407407 0.0265625 0.046296296296296294
1 0.4200520833333333 0.27546296296296297 0.025 0.044444444444444446
1 0.48515625 0.3347222222222222 0.025 0.03981481481481482
1 0.490625 0.4060185185185185 0.026041666666666668 0.05277777777777778
1 0.6434895833333333 0.26944444444444443 0.043229166666666666 0.08796296296296297
1 0.63125 0.39675925925925926 0.0484375 0.07685185185185185
1 0.725 0.2953703703703704 0.046875 0.0787037037037037
1 0.71015625 0.425 0.04479166666666667 0.08148148148148149
1 0.83046875 0.2847222222222222 0.0390625 0.06018518518518518
1 0.8231770833333333 0.3574074074074074 0.03802083333333333 0.06018518518518518
1 0.8161458333333333 0.425 0.034375 0.06018518518518518
1 0.8075520833333333 0.5101851851851852 0.041666666666666664 0.06944444444444445
1 0.9119791666666667 0.3055555555555556 0.03177083333333333 0.058333333333333334
1 0.9078125 0.37824074074074077 0.0390625 0.05555555555555555
1 0.9013020833333333 0.45601851851851855 0.034375 0.053703703703703705
1 0.8981770833333333 0.5356481481481481 0.035416666666666666 0.062037037037037036
1 0.97109375 0.3287037037037037 0.0234375 0.05277777777777778
1 0.9703125 0.40185185185185185 0.0265625 0.044444444444444446
1 0.9619791666666667 0.48009259259259257 0.023958333333333335 0.03981481481481482
1 0.95859375 0.5555555555555556 0.027604166666666666 0.049074074074074076