1 0.2783018867924528 0.8979226361031518 0.26549865229110514 0.08273638968481375
1 0.6893530997304582 0.8941618911174785 0.27088948787061995 0.07987106017191978
1 0.2776280323450135 0.7680873925501432 0.29649595687331537 0.08810888252148998
1 0.6752021563342318 0.7648638968481375 0.27897574123989216 0.07306590257879657
1 0.13948787061994608 0.6203438395415473 0.192722371967655 0.07020057306590258
1 0.36522911051212936 0.6126432664756447 0.19002695417789758 0.06697707736389685
1 0.5815363881401617 0.6122851002865329 0.19811320754716982 0.0651862464183381
1 0.8079514824797843 0.6070916905444126 0.22371967654986524 0.06769340974212035
1 0.805256064690027 0.47833094555873923 0.16981132075471697 0.06017191977077364
1 0.5855795148247979 0.48388252148997135 0.1792452830188679 0.05945558739255014
1 0.3564690026954178 0.4871060171919771 0.19811320754716982 0.0583810888252149
1 0.1637466307277628 0.49570200573065903 0.1738544474393531 0.05193409742120344
1 0.14353099730458221 0.40222063037249284 0.1347708894878706 0.03724928366762178
1 0.3611859838274933 0.39666905444126077 0.14824797843665768 0.04262177650429799
1 0.5795148247978437 0.38843123209169056 0.1320754716981132 0.03796561604584527
1 0.8086253369272237 0.38144699140401145 0.1320754716981132 0.03617478510028653