0 0.1389988109375 0.5399552578125 0.036327590625 0.545327834375 0.0335318 0.62526689375 0.1362030203125 0.6198943171875 0.1389988109375 0.5399552578125
0 0.319749525 0.3629321421875 0.21482179375000002 0.368422796875 0.21192116093750002 0.45135957031249996 0.3168488921875 0.44586891562500003 0.319749525 0.3629321421875
0 0.373186625 0.54166441875 0.2727719125 0.546918915625 0.269976121875 0.6268579765625 0.37039083281249996 0.621603478125 0.373186625 0.54166441875
0 0.4724435859375 0.21530463906250003 0.3720288765625 0.2205591375 0.369163190625 0.3024966734375 0.4695779015625 0.297242175 0.4724435859375 0.21530463906250003
0 0.577834925 0.6795696078125 0.49660055 0.6838204375 0.4938397078125 0.762760259375 0.57507408125 0.7585094296875 0.577834925 0.6795696078125
0 0.66355828125 0.031754740625 0.5608870609375 0.037127317187499995 0.5579165328125 0.122062565625 0.660587753125 0.116689990625 0.66355828125 0.031754740625
0 0.4741752375 0.6810042703125 0.406479928125 0.684546628125 0.4038588734375 0.759489496875 0.47155418437499996 0.7559471390625 0.4741752375 0.6810042703125
0 0.7165760109375 0.2224778765625 0.61728955625 0.227673334375 0.6144937640625 0.30761239375 0.71378021875 0.3024169359375 0.7165760109375 0.2224778765625
0 0.37609663437499996 0.864189084375 0.3235425078125 0.8669391359375 0.3215124140625 0.9249848843749999 0.374066540625 0.922234834375 0.37609663437499996 0.864189084375
0 0.929366578125 0.37229993906250003 0.8776247953125 0.37500748281249996 0.875589809375 0.433193125 0.9273315906249999 0.43048558281249993 0.929366578125 0.37229993906250003
0 0.823702003125 0.366658165625 0.744453359375 0.3708050859375 0.7421667515625 0.43618524374999995 0.8214153953125001 0.432038325 0.823702003125 0.366658165625
0 0.7274067484375 0.5440943484375 0.651779803125 0.5480517515625001 0.649592796875 0.6105840812500001 0.7252197406249999 0.606626678125 0.7274067484375 0.5440943484375