0 0.1840976734375 0.6019444734375 0.082954503125 0.6120917593749999 0.0963886828125 0.6918357281249999 0.1975318546875 0.6816884421875 0.1840976734375 0.6019444734375
0 0.328162725 0.4171982984375 0.224796628125 0.42756860156250004 0.23873458906249997 0.5103029703125 0.3421006875 0.4999326671875 0.328162725 0.4171982984375
0 0.4176330484375 0.5927058703125 0.31871280468749996 0.6026301390625 0.332146984375 0.6823741078125 0.43106722968750005 0.6724498390625 0.4176330484375 0.5927058703125
0 0.45025461875 0.26303872031250003 0.35133437343749996 0.272962990625 0.365104409375 0.3547005578125 0.46402465312499996 0.3447762875 0.45025461875 0.26303872031250003
0 0.6493864078125 0.720488403125 0.569361040625 0.7285170265625001 0.5826272953125 0.8072641953125 0.6626526609375001 0.7992355718749999 0.6493864078125 0.720488403125
0 0.6033152765625001 0.0713081703125 0.50217210625 0.08145545781249999 0.5164459234375001 0.1661834234375 0.61758909375 0.1560361375 0.6033152765625001 0.0713081703125
0 0.5464600625 0.72676 0.47977225937499995 0.73345051875 0.49236680312500003 0.8082104890625 0.5590546078124999 0.8015199703125001 0.5464600625 0.72676
0 0.6948007281249999 0.25877733593749996 0.5969919453125 0.268590096875 0.610426125 0.34833406562499997 0.7082349078125 0.3385213046875 0.6948007281249999 0.25877733593749996
0 0.4859644765625 0.9137804875000001 0.43419250781249996 0.918974559375 0.443947403125 0.9768786484374999 0.4957193703125 0.9716845765625 0.4859644765625 0.9137804875000001
0 0.9370793093750001 0.3980478 0.8861075968750001 0.403161584375 0.895886 0.46120522656249996 0.9468577125 0.456091440625 0.9370793093750001 0.3980478
0 0.8307209609375 0.39736545625 0.7526517703125 0.40519782343750005 0.7636392515625 0.470418421875 0.8417084421875 0.46258605468749997 0.8307209609375 0.39736545625
0 0.77083483125 0.57857741875 0.6963334375 0.58605184375 0.706842325 0.6484315640625 0.7813437203125 0.6409571374999999 0.77083483125 0.57857741875