0 0.06877828124999999 0.20508771874999998 0.041357465625 0.20508771874999998 0.041357465625 0.2323684203125 0.06877828124999999 0.2323684203125 0.06877828124999999 0.20508771874999998
0 0.1842986421875 0.38054824531250003 0.15126696875 0.38054824531250003 0.15126696875 0.40787280625 0.1842986421875 0.40787280625 0.1842986421875 0.38054824531250003
0 0.23597285 0.46616228125000003 0.19651583749999998 0.46616228125000003 0.19651583749999998 0.5031359656250001 0.23597285 0.5031359656250001 0.23597285 0.46616228125000003
0 0.373846153125 0.6708333328125 0.315022625 0.6708333328125 0.315022625 0.7153947375 0.373846153125 0.7153947375 0.373846153125 0.6708333328125
0 0.56171945625 0.5664254390625 0.5304977375 0.5664254390625 0.5304977375 0.5983991234375 0.56171945625 0.5983991234375 0.56171945625 0.5664254390625
0 0.439366515625 0.3721929828125 0.4055203625 0.3721929828125 0.4055203625 0.4112280703125 0.439366515625 0.4112280703125 0.439366515625 0.3721929828125
0 0.3842081453125 0.2823684203125 0.3452036203125 0.2823684203125 0.3452036203125 0.3276315796875 0.3842081453125 0.3276315796875 0.3842081453125 0.2823684203125
0 0.2824886875 0.1236403515625 0.2395927609375 0.1236403515625 0.2395927609375 0.15381578906249999 0.2824886875 0.15381578906249999 0.2824886875 0.1236403515625
0 0.5358597281249999 0.025460526562500002 0.511108596875 0.025460526562500002 0.511108596875 0.041820175 0.5358597281249999 0.041820175 0.5358597281249999 0.025460526562500002
0 0.3600904984375 0.0944078953125 0.3279638015625 0.0944078953125 0.3279638015625 0.12208333281249999 0.3600904984375 0.12208333281249999 0.3600904984375 0.0944078953125
0 0.48588235312499994 0.2489692984375 0.43782805468749997 0.2489692984375 0.43782805468749997 0.2825219296875 0.48588235312499994 0.2825219296875 0.48588235312499994 0.2489692984375
0 0.65477375625 0.1737719296875 0.62097285 0.1737719296875 0.62097285 0.20061403437499997 0.65477375625 0.20061403437499997 0.65477375625 0.1737719296875
0 0.7082126703125 0.2447807015625 0.6726923078125 0.2447807015625 0.6726923078125 0.2791666671875 0.7082126703125 0.2791666671875 0.7082126703125 0.2447807015625
0 0.52726244375 0.3304166671875 0.4895701359375 0.3304166671875 0.4895701359375 0.3610745609375 0.52726244375 0.3610745609375 0.52726244375 0.3304166671875
0 0.6530542984375 0.5162938593749999 0.6188009046875 0.5162938593749999 0.6188009046875 0.55326754375 0.6530542984375 0.55326754375 0.6530542984375 0.5162938593749999
0 0.842624434375 0.420241228125 0.7998190046875 0.420241228125 0.7998190046875 0.45133771874999995 0.842624434375 0.45133771874999995 0.842624434375 0.420241228125