0 0.3689111109375 0.6014666671875 0.19935555625 0.6014666671875 0.19935555625 0.7355111109375 0.3689111109375 0.7355111109375 0.3689111109375 0.6014666671875
0 0.8056666671875 0.6120666671875 0.60784444375 0.6120666671875 0.60784444375 0.7812666671875 0.8056666671875 0.7812666671875 0.8056666671875 0.6120666671875
0 0.5618888890625 0.2184 0.5358888890625 0.2184 0.5358888890625 0.2511111109375 0.5618888890625 0.2511111109375 0.5618888890625 0.2184
0 0.71424444375 0.229 0.6798 0.229 0.6798 0.25455555625000004 0.71424444375 0.25455555625000004 0.71424444375 0.229
0 0.6380666671874999 0.80464444375 0.6014888890625001 0.80464444375 0.6014888890625001 0.8455777781249999 0.6380666671874999 0.8455777781249999 0.6380666671874999 0.80464444375
0 0.3689333328125 0.8088888890625 0.3052 0.8088888890625 0.3052 0.8439111109375 0.3689333328125 0.8439111109375 0.3689333328125 0.8088888890625
0 0.2300888890625 0.8088888890625 0.18244444375 0.8088888890625 0.18244444375 0.8455999999999999 0.2300888890625 0.8455999999999999 0.2300888890625 0.8088888890625
0 0.22837777812499999 0.4194666671875 0.2099333328125 0.4194666671875 0.2099333328125 0.43404444375000006 0.22837777812499999 0.43404444375000006 0.22837777812499999 0.4194666671875
0 0.2842666671875 0.5147333328125 0.264977778125 0.5147333328125 0.264977778125 0.527222221875 0.2842666671875 0.527222221875 0.2842666671875 0.5147333328125
0 0.5077333328125 0.43217777812499997 0.48719999999999997 0.43217777812499997 0.48719999999999997 0.45271111093750005 0.5077333328125 0.45271111093750005 0.5077333328125 0.43217777812499997
0 0.5162 0.482977778125 0.49144444375 0.482977778125 0.49144444375 0.501822221875 0.5162 0.501822221875 0.5162 0.482977778125
0 0.73455555625 0.5041111109374999 0.7178888890625 0.5041111109374999 0.7178888890625 0.520422221875 0.73455555625 0.520422221875 0.73455555625 0.5041111109374999
0 0.45862222187499996 0.2628666671875 0.4236888890625 0.2628666671875 0.4236888890625 0.2934888890625 0.45862222187499996 0.2934888890625 0.45862222187499996 0.2628666671875
0 0.257177778125 0.258622221875 0.22051111093750003 0.258622221875 0.22051111093750003 0.28164444375 0.257177778125 0.28164444375 0.257177778125 0.258622221875
0 0.4417111109375 0.19935555625 0.4131333328125 0.19935555625 0.4131333328125 0.21895555625 0.4417111109375 0.21895555625 0.4417111109375 0.19935555625
0 0.25888888906249996 0.1845333328125 0.2268888890625 0.1845333328125 0.2268888890625 0.21386666718749997 0.25888888906249996 0.21386666718749997 0.25888888906249996 0.1845333328125
0 0.5314 0.1210666671875 0.49988888906250006 0.1210666671875 0.49988888906250006 0.14275555625 0.5314 0.14275555625 0.5314 0.1210666671875
0 0.67195555625 0.1295111109375 0.6374666671875 0.1295111109375 0.6374666671875 0.1528888890625 0.67195555625 0.1528888890625 0.67195555625 0.1295111109375
0 0.7481333328125 0.41733333281249996 0.7263555562499999 0.41733333281249996 0.7263555562499999 0.43404444375000006 0.7481333328125 0.43404444375000006 0.7481333328125 0.41733333281249996
0 0.32826666718749997 0.2268666671875 0.309422221875 0.2268666671875 0.309422221875 0.24095555625 0.32826666718749997 0.24095555625 0.32826666718749997 0.2268666671875
0 0.38584444375000004 0.2311111109375 0.370777778125 0.2311111109375 0.370777778125 0.24604444375 0.38584444375000004 0.24604444375 0.38584444375000004 0.2311111109375
0 0.2876666671875 0.5104666671875 0.269222221875 0.5104666671875 0.269222221875 0.5322888890625 0.2876666671875 0.5322888890625 0.2876666671875 0.5104666671875
0 0.57544444375 0.5760666671875 0.552822221875 0.5760666671875 0.552822221875 0.5983333328125 0.57544444375 0.5983333328125 0.57544444375 0.5760666671875
0 0.8022888890625 0.5803111109375 0.7729111109375 0.5803111109375 0.7729111109375 0.6017333328125 0.8022888890625 0.6017333328125 0.8022888890625 0.5803111109375