0 0.8872177828125001 0.49515151875 0.8549885390625 0.5022129 0.8611436640625 0.528929 0.89337290625 0.521867621875 0.8872177828125001 0.49515151875
0 0.8216091765625 0.411682790625 0.783110684375 0.4201177546875 0.7914393671875 0.4562681125 0.829937859375 0.44783315 0.8216091765625 0.411682790625
0 0.6581678859375 0.229484478125 0.60077334375 0.2420595375 0.6108112343750001 0.2856286546875 0.6682057765625 0.2730535953125 0.6581678859375 0.229484478125
0 0.4742816625 0.3899382609375 0.44381840468749995 0.396612715625 0.451020790625 0.427874415625 0.4814840484375 0.421199959375 0.4742816625 0.3899382609375
0 0.6383851 0.5462242484375001 0.6053611625 0.5534597437500001 0.6141541984375001 0.591625603125 0.647178134375 0.5843901078125 0.6383851 0.5462242484375001
0 0.7160675078125001 0.61506495 0.678010509375 0.6234031828125 0.6882064796875 0.667658428125 0.726263475 0.6593201953125 0.7160675078125001 0.61506495
0 0.858266490625 0.762433165625 0.8164126250000001 0.771603284375 0.8232099375 0.8011067796875 0.8650638031250001 0.7919366609375 0.858266490625 0.762433165625
0 0.61857463125 0.9299784499999999 0.5944247734375 0.9352696484375 0.59810994375 0.9512650031250001 0.6222598015624999 0.9459738046874999 0.61857463125 0.9299784499999999
0 0.779190271875 0.8123506171875 0.7478440234375 0.8192185343749999 0.7540781859375 0.8462776984374999 0.7854244359375 0.83940978125 0.779190271875 0.8123506171875
0 0.635854565625 0.6789709875 0.5889676390624999 0.68924384375 0.596525696875 0.72204933125 0.6434126234375 0.7117764734375001 0.635854565625 0.6789709875
0 0.475609415625 0.7982069328125 0.442629628125 0.8054327578124999 0.44867607343750004 0.8316771453125 0.4816558625 0.8244513234375 0.475609415625 0.7982069328125
0 0.40745162031250004 0.73245988125 0.37279414375000003 0.7400532828124999 0.38053991875 0.773673546875 0.41519739375000003 0.76608014375 0.40745162031250004 0.73245988125
0 0.5676746953125 0.613228771875 0.5308980375 0.621286484375 0.5378040265624999 0.6512616921875 0.5745806859375 0.64320398125 0.5676746953125 0.613228771875
0 0.39828995312500004 0.45294195625 0.36486866875 0.46026450937499996 0.3731973515625 0.4964148703125 0.40661863593750003 0.4890923171875 0.39828995312500004 0.45294195625
0 0.24462997031249997 0.59129935 0.20286440312499998 0.6004501234374999 0.209869190625 0.6308541625 0.2516347578125 0.6217033890625 0.24462997031249997 0.59129935