0 0.3362219421875 0.5533492921875001 0.17405045937500002 0.5104070171874999 0.1348536859375 0.6401187734375 0.29702517031250003 0.683061046875 0.3362219421875 0.5533492921875001
0 0.75085736875 0.6742210171874999 0.56165021875 0.62411981875 0.512173390625 0.78785080625 0.701380540625 0.837952003125 0.75085736875 0.6742210171874999
0 0.6328105359375 0.2315386765625 0.6079428250000001 0.22495381874999998 0.5983775640625 0.256607615625 0.623245275 0.2631924734375 0.6328105359375 0.2315386765625
0 0.7754314578125 0.2803821921875 0.74248705625 0.27165866250000004 0.735014196875 0.29638819375000003 0.7679585984374999 0.305111721875 0.7754314578125 0.2803821921875
0 0.53424340625 0.8181271421874999 0.499258575 0.8088633171874999 0.487289003125 0.848473571875 0.522273834375 0.8577373984375001 0.53424340625 0.8181271421874999
0 0.27558957031250003 0.7540726796875 0.2146317953125 0.7379313375 0.2043907296875 0.77182154375 0.26534850312499997 0.7879628859375 0.27558957031250003 0.7540726796875
0 0.1427917421875 0.718908415625 0.0972221921875 0.7068418046875 0.08648726718750001 0.7423663125 0.1320568171875 0.7544329234375 0.1427917421875 0.718908415625
0 0.25502853281250004 0.34164003906249996 0.237387334375 0.3369687296875 0.23312455625 0.3510753109375 0.250765753125 0.35574662031250004 0.25502853281250004 0.34164003906249996
0 0.2806259625 0.4479820515625 0.262177096875 0.4430968734375 0.25852514375 0.4551820875 0.276974009375 0.4600672640625 0.2806259625 0.4479820515625
0 0.5185013359374999 0.4246909234375 0.4988622203125 0.41949057500000003 0.492857940625 0.43936021406250003 0.51249705625 0.4445605640625 0.5185013359374999 0.4246909234375
0 0.5117445390625 0.47599322656250004 0.488067075 0.4697235421875 0.4825566546875 0.48795888125 0.5062341171875 0.4942285671875 0.5117445390625 0.47599322656250004
0 0.7144110734375 0.5517450171875 0.6984702328125 0.5475239546874999 0.6937005984375 0.5633078453125 0.709641440625 0.5675289078125 0.7144110734375 0.5517450171875
0 0.5210383109375 0.248414353125 0.48762630937500007 0.2395670078125 0.478671875 0.269199434375 0.5120838765625 0.2780467796875 0.5210383109375 0.248414353125
0 0.32960783125000004 0.193288528125 0.2945379828125 0.184002190625 0.2878059109375 0.2062802703125 0.322875759375 0.21556660625 0.32960783125000004 0.193288528125
0 0.5234353515625 0.182673128125 0.4961021234375 0.1754354125 0.490370765625 0.194401884375 0.51770399375 0.2016396015625 0.5234353515625 0.182673128125
0 0.35290921875 0.12202775937499999 0.32230280625 0.11392331874999999 0.3137252625 0.14230851875 0.344331675 0.1504129578125 0.35290921875 0.12202775937499999
0 0.632111271875 0.1296296953125 0.6019724562500001 0.1216490734375 0.5956302734375 0.1426369171875 0.6257690890625 0.1506175390625 0.632111271875 0.1296296953125
0 0.7640764015625 0.1733988171875 0.7310894875 0.1646640328125 0.7242534453125 0.187286175 0.757240359375 0.19602096093750002 0.7640764015625 0.1733988171875
0 0.7527727765625001 0.471210896875 0.7319434109375 0.46569537499999997 0.7270568109375 0.4818663359375 0.747886175 0.48738185781250004 0.7527727765625001 0.471210896875
0 0.4068866703125 0.18056363749999998 0.38886289218750003 0.1757910234375 0.3847430734375 0.1894245203125 0.40276685 0.19419713593750002 0.4068866703125 0.18056363749999998
0 0.46071581562499997 0.199253253125 0.446305296875 0.1954374125 0.441938546875 0.20988805937500002 0.4563490671875 0.2137038984375 0.46071581562499997 0.199253253125
0 0.2851255359375 0.4447143921875 0.267484340625 0.4400430828125 0.26110316718750004 0.46115995 0.278744365625 0.465831259375 0.2851255359375 0.4447143921875
0 0.541188209375 0.5810776953125 0.5195511765624999 0.57534830625 0.513040040625 0.5968952515625 0.5346770750000001 0.602624640625 0.541188209375 0.5810776953125
0 0.75691253125 0.64263641875 0.7288141421875001 0.6351960937500001 0.7225499375 0.6559258890625 0.7506483265624999 0.6633662140625 0.75691253125 0.64263641875