0 0 0.6959182921875 0.012820232812499999 0.698123659375 0.018647454687500002 0.6712079921874999 0 0.6680002109375 0 0.6959182921875
0 0.168991840625 0.5174657687499999 0.13672194375 0.5119146234375 0.130885353125 0.5388735640625 0.16315525 0.544424709375 0.168991840625 0.5174657687499999
0 0.23982277812500002 0.4321614125 0.201275721875 0.42553045625 0.1933780546875 0.46200940937499996 0.23192510937500002 0.46864036562500005 0.23982277812500002 0.4321614125
0 0.419855428125 0.24591313124999997 0.3623884859375 0.2360275296875 0.352870065625 0.2799926734375 0.4103370046875 0.289878275 0.419855428125 0.24591313124999997
0 0.5784054546874999 0.39291635937499997 0.547903771875 0.3876693859375 0.5410741156250001 0.419215240625 0.5715758 0.4244622140625 0.5784054546874999 0.39291635937499997
0 0.41889403437499995 0.557020890625 0.385828440625 0.5513328671875 0.37749045312499996 0.589845640625 0.4105560453125 0.5955336640625 0.41889403437499995 0.557020890625
0 0.347151315625 0.6302291531249999 0.3090463125 0.6236742390625001 0.2993779921875 0.6683317484375 0.337482996875 0.6748866625 0.347151315625 0.6302291531249999
0 0.21065024375000002 0.7846246906250001 0.1687435828125 0.7774158046874999 0.1622980359375 0.8071874765624999 0.20420469843750003 0.814396359375 0.21065024375000002 0.7846246906250001
0 0.43425551249999994 0.9377020578125 0.41007519062500003 0.9335425015625001 0.40658073124999994 0.949683246875 0.430761053125 0.9538428046874999 0.43425551249999994 0.9377020578125
0 0.2796842734375 0.8289739359375 0.24829848281250003 0.823574875 0.24238694375 0.8508799984375001 0.273772734375 0.8562790578125 0.2796842734375 0.8289739359375
0 0.436845184375 0.6918220890625 0.3898991140625 0.6837463140625 0.3827321921875 0.7168499890625 0.42967826249999996 0.724925765625 0.436845184375 0.6918220890625
0 0.5843458921875 0.8010170890625 0.551324503125 0.7953366703125 0.545590965625 0.8218196078125001 0.5786123546875 0.827500028125 0.5843458921875 0.8010170890625
0 0.653331428125 0.7324962296875001 0.6186302359375 0.726526846875 0.6112853125 0.7604527062499999 0.6459865046875 0.7664220875 0.653331428125 0.7324962296875001
0 0.494049996875 0.621274684375 0.45722695 0.6149402937499999 0.4506783484375 0.645187965625 0.48750139687500005 0.65152235625 0.494049996875 0.621274684375
0 0.6579937218749999 0.45279334687499995 0.6245302796875001 0.447036884375 0.6166326109375 0.4835158375 0.650096053125 0.4892723 0.6579937218749999 0.45279334687499995
0 0.8214195375 0.5852175374999999 0.7796012859375 0.5780238625 0.7729590015625 0.6087042609375 0.814777253125 0.6158979375 0.8214195375 0.5852175374999999