0 0.8533931328125 0.39494386875 0.6893597328125 0.34247641406249996 0.655419753125 0.470135209375 0.819453153125 0.5226026609375001 0.8533931328125 0.39494386875
0 0.469793359375 0.2249647890625 0.278413890625 0.16375046875 0.23557254374999997 0.3248900671875 0.4269520125 0.3861043875 0.469793359375 0.2249647890625
0 0.4051703390625 0.7521306375 0.38001711718750003 0.7440851703125 0.3717346828125 0.7752379781250001 0.396887903125 0.783283446875 0.4051703390625 0.7521306375
0 0.2668183171875 0.7043182703124999 0.2334956734375 0.6936597453125 0.22702501874999997 0.717997878125 0.26034766249999997 0.728656403125 0.2668183171875 0.7043182703124999
0 0.4922254625 0.1656840203125 0.4568389640625 0.154365353125 0.4464746671875 0.19334869375 0.4818611640625 0.204667359375 0.4922254625 0.1656840203125
0 0.7784426953125 0.2589552421875 0.716785053125 0.23923353125000002 0.707917446875 0.272587353125 0.7695750859375 0.292309065625 0.7784426953125 0.2589552421875
0 0.8976279234375 0.2953324203125 0.85153518125 0.280589271875 0.8422399484374999 0.315551528125 0.888332690625 0.330294675 0.8976279234375 0.2953324203125
0 0.7668286625 0.678775975 0.7489849234375 0.6730685078125 0.7452938375 0.6869518218749999 0.7631375765625 0.692659290625 0.7668286625 0.678775975
0 0.7371694890625 0.5730040171875 0.7185088078125 0.5670352421875 0.7153466296875 0.5789291828125 0.734007309375 0.5848979562500001 0.7371694890625 0.5730040171875
0 0.50331851875 0.5752008625 0.4834539234375 0.5688470046874999 0.4782548953125 0.5884021640625 0.4981194890625 0.5947560203125 0.50331851875 0.5752008625
0 0.511647215625 0.527115915625 0.4876979078125 0.5194555296875001 0.48292650625 0.5374022578125001 0.5068758140625 0.5450626421875 0.511647215625 0.527115915625
0 0.297287215625 0.43933077656249997 0.2811633546875 0.434173425 0.277033390625 0.44970750156249995 0.29315725000000004 0.45486485468750004 0.297287215625 0.43933077656249997
0 0.52444619375 0.746490953125 0.490650584375 0.7356811453125001 0.48289705468750005 0.7648445765624999 0.5166926640625 0.775654384375 0.52444619375 0.746490953125
0 0.7180077875 0.8206426984374999 0.6825352953125 0.809296525 0.67670608125 0.8312220078125 0.712178575 0.8425681812500001 0.7180077875 0.8206426984374999
0 0.5157861734375 0.8207399671875001 0.488139128125 0.811896828125 0.48317641875 0.83056311875 0.5108234640625 0.83940625625 0.5157861734375 0.8207399671875001
0 0.694676428125 0.8832181109375 0.66371861875 0.873315996875 0.6562914328125 0.901251940625 0.68724924375 0.9111540546875 0.694676428125 0.8832181109375
0 0.412562309375 0.8664641953125001 0.3820774640625 0.8567133640625 0.37658585 0.87736903125 0.40707069375 0.8871198625 0.412562309375 0.8664641953125001
0 0.28203097499999996 0.8142413828124999 0.2486653328125 0.8035691046875 0.24274609218749998 0.8258332046874999 0.27611173437500003 0.8365054828125 0.28203097499999996 0.8142413828124999
0 0.2672254890625 0.5189737296875 0.2461569796875 0.5122347890625 0.241925734375 0.5281498109375 0.26299424375 0.5348887515625 0.2672254890625 0.5189737296875
0 0.6216899671875 0.8318804875 0.6034592562500001 0.826049240625 0.59989195625 0.839466959375 0.6181226671875 0.8452982046875 0.6216899671875 0.8318804875
0 0.5636211671875 0.8080480968750001 0.5490451984375 0.8033858515625001 0.5452640859375 0.8176077859375 0.5598400546875 0.8222700296875001 0.5636211671875 0.8080480968750001
0 0.73434615625 0.5668653124999999 0.71650241875 0.56115784375 0.71097704375 0.581940490625 0.7288207828125 0.587647959375 0.73434615625 0.5668653124999999
0 0.476704975 0.416209625 0.4548195234375 0.40920938125 0.449181615625 0.43041530000000006 0.4710670671875 0.4374155453125 0.476704975 0.416209625
0 0.26464490937499996 0.344867053125 0.23622391875 0.3357763625 0.2307998234375 0.356178065625 0.25922081406249997 0.3652687578125 0.26464490937499996 0.344867053125