0 153 58.5 28 19 0.260496
0 412 595.5 18 11 0.302019
0 351 60.5 36 23 0.321112
0 606.5 595 23 12 0.321682
0 85.5 595.5 21 11 0.336906
0 496.5 595 17 10 0.357952
0 111 595.5 14 9 0.403939
0 189.5 63.5 29 19 0.404094
0 484 404.5 16 13 0.423372
0 150.5 267 33 36 0.429374
0 188 237.5 28 31 0.44407
0 331 163 26 16 0.459774
0 116.5 59 29 20 0.484675
0 174 595.5 14 9 0.48865
0 66.5 436 47 42 0.495198
0 504 64 24 20 0.505459
0 230.5 218.5 49 35 0.517661
0 320 430 44 50 0.572274
0 538 61.5 30 27 0.601698
0 312.5 62 27 24 0.615516
0 569 342.5 48 45 0.659604
0 401.5 61 31 26 0.690821
0 443.5 166.5 33 25 0.776572
