1 3269.5 2235.5 233 283
0 1867.5 1548.5 227 133
1 3539 2462 150 258
0 2183 819.5 236 155
1 3221.5 2259 143 190
1 2853 1818.5 132 153
0 2246.5 778 227 244
1 2755 1732 152 96
1 2481.5 1420.5 101 123
1 3748.5 2869 237 190
1 3105 2115.5 96 79
1 2180.5 101.5 191 203
1 3807.5 2685 359 292
1 2387.5 1304.5 119 117
1 2472.5 916.5 121 91
1 773.5 2116 245 202
0 3899 454 394 200
1 3289.5 1987.5 133 149
1 1245.5 2281 231 210
0 2396.5 1859 155 296
1 3317 2988 154 166
1 2611.5 1015.5 103 117
1 2264 1241.5 128 117
1 2981 1863 180 154
1 2300.5 1385 117 126
1 2292.5 1779 109 122
1 2399 812 106 122
1 2405 1085 174 188
1 1988.5 1790 107 108
1 2067.5 1193.5 181 229
