1 0.28125 0.5108173076923077 0.10576923076923077 0.055288461538461536
1 0.2920673076923077 0.3473557692307692 0.1201923076923077 0.06490384615384616
1 0.4807692307692308 0.3545673076923077 0.0985576923076923 0.06009615384615385
1 0.46634615384615385 0.4879807692307692 0.10576923076923077 0.0625
1 0.7439903846153846 0.44711538461538464 0.10336538461538461 0.0625
1 0.7584134615384616 0.3076923076923077 0.0985576923076923 0.0673076923076923
0 0.17067307692307693 0.6730769230769231 0.11057692307692307 0.0625
0 0.3425480769230769 0.6262019230769231 0.12259615384615384 0.07451923076923077
0 0.5576923076923077 0.5697115384615384 0.10096153846153846 0.0625
0 0.5120192307692307 0.703125 0.10096153846153846 0.05048076923076923
0 0.2704326923076923 0.7199519230769231 0.07451923076923077 0.05048076923076923
0 0.2283653846153846 0.7932692307692307 0.10576923076923077 0.0625
1 0.9579326923076923 0.8569711538461539 0.07451923076923077 0.04807692307692308
1 0.9098557692307693 0.8245192307692307 0.09615384615384616 0.04567307692307692
1 0.9471153846153846 0.7872596153846154 0.07692307692307693 0.04326923076923077