1 0.09735576923076923 0.3329326923076923 0.046875 0.08774038461538461
1 0.21514423076923078 0.2764423076923077 0.0625 0.10697115384615384
1 0.21514423076923078 0.09735576923076923 0.04567307692307692 0.06850961538461539
1 0.2608173076923077 0.11899038461538461 0.06370192307692307 0.09975961538461539
1 0.30528846153846156 0.27403846153846156 0.06850961538461539 0.0889423076923077
1 0.3942307692307692 0.22596153846153846 0.042067307692307696 0.08052884615384616
1 0.4483173076923077 0.1971153846153846 0.04326923076923077 0.0829326923076923
1 0.3762019230769231 0.328125 0.04927884615384615 0.1141826923076923
1 0.40625 0.41586538461538464 0.055288461538461536 0.07211538461538461
1 0.1935096153846154 0.3641826923076923 0.04807692307692308 0.08413461538461539
1 0.21514423076923078 0.41225961538461536 0.051682692307692304 0.0733173076923077
1 0.23798076923076922 0.49158653846153844 0.06971153846153846 0.10336538461538461
1 0.29086538461538464 0.5 0.056490384615384616 0.08653846153846154
1 0.35216346153846156 0.4891826923076923 0.0673076923076923 0.09615384615384616
1 0.42788461538461536 0.5276442307692307 0.057692307692307696 0.10216346153846154
1 0.5264423076923077 0.5480769230769231 0.04927884615384615 0.08413461538461539