1 0.4014423076923077 0.3245192307692308 0.09134615384615384 0.057692307692307696
0 0.7403846153846154 0.23197115384615385 0.19471153846153846 0.04326923076923077
1 0.9807692307692307 0.31009615384615385 0.038461538461538464 0.0673076923076923
1 0.8389423076923077 0.3317307692307692 0.10576923076923077 0.07451923076923077
1 0.7884615384615384 0.43028846153846156 0.12980769230769232 0.057692307692307696
1 0.6009615384615384 0.39903846153846156 0.04326923076923077 0.08653846153846154
1 0.019230769230769232 0.96875 0.038461538461538464 0.04807692307692308
1 0.1658653846153846 0.859375 0.07932692307692307 0.052884615384615384
0 0.9447115384615384 0.921875 0.11057692307692307 0.055288461538461536
0 0.5985576923076923 0.9543269230769231 0.038461538461538464 0.09134615384615384
1 0.8774038461538461 0.9867788461538461 0.10096153846153846 0.026442307692307692
1 0.7932692307692307 0.8245192307692307 0.11778846153846154 0.06490384615384616