1 0.46274038461538464 0.45913461538461536 0.09375 0.04326923076923077
1 0.9711538461538461 0.33413461538461536 0.057692307692307696 0.04326923076923077
0 0.37740384615384615 0.5661057692307693 0.057692307692307696 0.036057692307692304
0 0.24158653846153846 0.7836538461538461 0.1201923076923077 0.08653846153846154
0 0.039663461538461536 0.671875 0.07692307692307693 0.038461538461538464
0 0.10697115384615384 0.5709134615384616 0.11298076923076923 0.04567307692307692
0 0.9711538461538461 0.6610576923076923 0.057692307692307696 0.07692307692307693
0 0.9867788461538461 0.7716346153846154 0.026442307692307692 0.0625
0 0.9014423076923077 0.6923076923076923 0.1201923076923077 0.04807692307692308
0 0.9591346153846154 0.7235576923076923 0.08173076923076923 0.04326923076923077
0 0.8870192307692307 0.7848557692307693 0.11778846153846154 0.09134615384615384