0 0.22596153846153846 0.16706730769230768 0.0625 0.08413461538461539
0 0.051682692307692304 0.09134615384615384 0.0889423076923077 0.11298076923076923
0 0.2512019230769231 0.020432692307692308 0.0985576923076923 0.040865384615384616
0 0.6850961538461539 0.19230769230769232 0.10096153846153846 0.03365384615384615
0 0.5504807692307693 0.07451923076923077 0.09134615384615384 0.14903846153846154
0 0.7524038461538461 0.03485576923076923 0.0673076923076923 0.06971153846153846
0 0.8269230769230769 0.08052884615384616 0.06009615384615385 0.11538461538461539
0 0.9387019230769231 0.020432692307692308 0.04567307692307692 0.040865384615384616
0 0.109375 0.8233173076923077 0.0673076923076923 0.16346153846153846
0 0.15504807692307693 0.9771634615384616 0.07451923076923077 0.04567307692307692
0 0.01201923076923077 0.7079326923076923 0.02403846153846154 0.11298076923076923
0 0.49278846153846156 0.8028846153846154 0.0673076923076923 0.11298076923076923
0 0.6009615384615384 0.7415865384615384 0.0673076923076923 0.12740384615384615