1 0.2692307692307692 0.20793269230769232 0.06370192307692307 0.09735576923076923
1 0.3485576923076923 0.125 0.055288461538461536 0.09735576923076923
1 0.4675480769230769 0.06370192307692307 0.040865384615384616 0.06971153846153846
1 0.5420673076923077 0.125 0.04807692307692308 0.09735576923076923
1 0.48197115384615385 0.1814903846153846 0.052884615384615384 0.09975961538461539
1 0.4098557692307692 0.31490384615384615 0.04447115384615385 0.06850961538461539
1 0.3161057692307692 0.32091346153846156 0.028846153846153848 0.0673076923076923
1 0.4206730769230769 0.4326923076923077 0.040865384615384616 0.07932692307692307
1 0.46875 0.44350961538461536 0.04567307692307692 0.08173076923076923
1 0.5168269230769231 0.30288461538461536 0.04326923076923077 0.06370192307692307
1 0.5528846153846154 0.46634615384615385 0.052884615384615384 0.08774038461538461
1 0.6550480769230769 0.47115384615384615 0.04927884615384615 0.0985576923076923
1 0.7560096153846154 0.4879807692307692 0.054086538461538464 0.0829326923076923
1 0.6875 0.3389423076923077 0.040865384615384616 0.06971153846153846
1 0.6057692307692307 0.21514423076923078 0.04567307692307692 0.07451923076923077
1 0.49399038461538464 0.5673076923076923 0.04567307692307692 0.078125
0 0.22115384615384615 0.15144230769230768 0.07692307692307693 0.08052884615384616
0 0.6430288461538461 0.21754807692307693 0.04927884615384615 0.13822115384615385
0 0.6081730769230769 0.3870192307692308 0.03365384615384615 0.15504807692307693
0 0.38461538461538464 0.6694711538461539 0.0733173076923077 0.12740384615384615