1 0.07932692307692307 0.1814903846153846 0.11538461538461539 0.057692307692307696
1 0.20192307692307693 0.18509615384615385 0.10336538461538461 0.057692307692307696
1 0.11658653846153846 0.25961538461538464 0.10576923076923077 0.055288461538461536
1 0.2512019230769231 0.26802884615384615 0.11057692307692307 0.0625
0 0.4963942307692308 0.18509615384615385 0.10096153846153846 0.0625
0 0.6298076923076923 0.17307692307692307 0.10817307692307693 0.04807692307692308
0 0.71875 0.08173076923076923 0.13942307692307693 0.057692307692307696
1 0.02403846153846154 0.8846153846153846 0.04807692307692308 0.052884615384615384
1 0.020432692307692308 0.7884615384615384 0.040865384615384616 0.0625
0 0.4387019230769231 0.6550480769230769 0.06009615384615385 0.0889423076923077
0 0.6153846153846154 0.7355769230769231 0.10096153846153846 0.0625
0 0.5348557692307693 0.5360576923076923 0.11298076923076923 0.08653846153846154
0 0.8076923076923077 0.6274038461538461 0.08173076923076923 0.04807692307692308
0 0.8461538461538461 0.5036057692307693 0.0985576923076923 0.07932692307692307
0 0.8942307692307693 0.7644230769230769 0.17307692307692307 0.08653846153846154
0 0.9435096153846154 0.6682692307692307 0.11298076923076923 0.09134615384615384