1 0.2956730769230769 0.33413461538461536 0.05048076923076923 0.11538461538461539
1 0.1935096153846154 0.328125 0.055288461538461536 0.09615384615384616
1 0.6322115384615384 0.38341346153846156 0.038461538461538464 0.07211538461538461
1 0.7271634615384616 0.39783653846153844 0.052884615384615384 0.08413461538461539
1 0.8317307692307693 0.39663461538461536 0.052884615384615384 0.08653846153846154
1 0.8918269230769231 0.296875 0.04326923076923077 0.0673076923076923
1 0.9158653846153846 0.41466346153846156 0.04807692307692308 0.0889423076923077
1 0.9603365384615384 0.4206730769230769 0.04326923076923077 0.07211538461538461
0 0.7692307692307693 0.43149038461538464 0.03365384615384615 0.055288461538461536
0 0.9735576923076923 0.10697115384615384 0.052884615384615384 0.0889423076923077
1 0.9807692307692307 0.7355769230769231 0.038461538461538464 0.07211538461538461
1 0.9807692307692307 0.4987980769230769 0.038461538461538464 0.07932692307692307
1 0.8581730769230769 0.4831730769230769 0.0625 0.04807692307692308
1 0.8990384615384616 0.7764423076923077 0.057692307692307696 0.10096153846153846
0 0.9819711538461539 0.9411057692307693 0.036057692307692304 0.11778846153846154
0 0.8822115384615384 0.6646634615384616 0.052884615384615384 0.13221153846153846