1 0.44711538461538464 0.0625 0.09134615384615384 0.04807692307692308
1 0.44711538461538464 0.10697115384615384 0.11538461538461539 0.0673076923076923
1 0.44711538461538464 0.15625 0.0889423076923077 0.04807692307692308
1 0.4483173076923077 0.19831730769230768 0.08413461538461539 0.052884615384615384
1 0.5072115384615384 0.39302884615384615 0.02403846153846154 0.05048076923076923
1 0.4519230769230769 0.3858173076923077 0.10096153846153846 0.06490384615384616
1 0.36177884615384615 0.29086538461538464 0.11057692307692307 0.06490384615384616
1 0.2932692307692308 0.27163461538461536 0.0673076923076923 0.04567307692307692
1 0.34134615384615385 0.18028846153846154 0.10576923076923077 0.06009615384615385
1 0.15625 0.24278846153846154 0.09615384615384616 0.057692307692307696
1 0.33533653846153844 0.234375 0.10096153846153846 0.057692307692307696
1 0.9723557692307693 0.04807692307692308 0.055288461538461536 0.04326923076923077
1 0.9867788461538461 0.10096153846153846 0.026442307692307692 0.04326923076923077
1 0.8834134615384616 0.030048076923076924 0.11538461538461539 0.04807692307692308
1 0.7956730769230769 0.06009615384615385 0.07211538461538461 0.055288461538461536
1 0.7211538461538461 0.019230769230769232 0.09615384615384616 0.038461538461538464
1 0.6838942307692307 0.08173076923076923 0.10096153846153846 0.057692307692307696
1 0.6634615384615384 0.18028846153846154 0.08413461538461539 0.04807692307692308
0 0.5024038461538461 0.7139423076923077 0.03365384615384615 0.07692307692307693
1 0.9026442307692307 0.5396634615384616 0.11057692307692307 0.06490384615384616
1 0.7103365384615384 0.5360576923076923 0.0985576923076923 0.0673076923076923