1 0.1658653846153846 0.4266826923076923 0.052884615384615384 0.04567307692307692
1 0.008413461538461538 0.4110576923076923 0.016826923076923076 0.07692307692307693
1 0.009615384615384616 0.26322115384615385 0.019230769230769232 0.08413461538461539
1 0.08653846153846154 0.5865384615384616 0.04326923076923077 0.08653846153846154
1 0.055288461538461536 0.6394230769230769 0.04807692307692308 0.08173076923076923
1 0.021634615384615384 0.6021634615384616 0.04326923076923077 0.07932692307692307
1 0.018028846153846152 0.5204326923076923 0.036057692307692304 0.07932692307692307
1 0.06370192307692307 0.5240384615384616 0.04326923076923077 0.07932692307692307
0 0.4579326923076923 0.9038461538461539 0.038461538461538464 0.08653846153846154
0 0.5360576923076923 0.8990384615384616 0.07211538461538461 0.1201923076923077
0 0.6826923076923077 0.9483173076923077 0.09615384615384616 0.10336538461538461
0 0.33653846153846156 0.8329326923076923 0.09615384615384616 0.1778846153846154
0 0.6983173076923077 0.7331730769230769 0.07692307692307693 0.11057692307692307