1 0.3485576923076923 0.12379807692307693 0.06850961538461539 0.11658653846153846
1 0.4639423076923077 0.06850961538461539 0.052884615384615384 0.09375
1 0.5444711538461539 0.125 0.06490384615384616 0.10697115384615384
1 0.6081730769230769 0.21514423076923078 0.039663461538461536 0.08533653846153846
1 0.6850961538461539 0.34134615384615385 0.052884615384615384 0.0889423076923077
1 0.75 0.4855769230769231 0.046875 0.08653846153846154
1 0.6574519230769231 0.4723557692307692 0.056490384615384616 0.10817307692307693
1 0.5516826923076923 0.4723557692307692 0.06009615384615385 0.10817307692307693
1 0.49278846153846156 0.5661057692307693 0.04326923076923077 0.07572115384615384
1 0.46634615384615385 0.44350961538461536 0.052884615384615384 0.10096153846153846
1 0.4182692307692308 0.4362980769230769 0.051682692307692304 0.0829326923076923
1 0.4098557692307692 0.31971153846153844 0.046875 0.0829326923076923
1 0.5144230769230769 0.3161057692307692 0.04927884615384615 0.08653846153846154
1 0.3161057692307692 0.31971153846153844 0.04807692307692308 0.08774038461538461
1 0.2668269230769231 0.21514423076923078 0.07091346153846154 0.1141826923076923
0 0.38100961538461536 0.6670673076923077 0.09014423076923077 0.14423076923076922
0 0.21514423076923078 0.14182692307692307 0.08533653846153846 0.08774038461538461
0 0.6442307692307693 0.203125 0.04567307692307692 0.14302884615384615
0 0.6129807692307693 0.390625 0.046875 0.15865384615384615