0 0.03485576923076923 0.009615384615384616 0.06971153846153846 0.019230769230769232
0 0.09134615384615384 0.09375 0.10576923076923077 0.052884615384615384
0 0.15985576923076922 0.13581730769230768 0.11538461538461539 0.0889423076923077
0 0.22716346153846154 0.039663461538461536 0.11778846153846154 0.05048076923076923
0 0.6947115384615384 0.18870192307692307 0.1346153846153846 0.08413461538461539
0 0.9375 0.1875 0.125 0.10096153846153846
1 0.0829326923076923 0.7740384615384616 0.08173076923076923 0.04326923076923077
1 0.040865384615384616 0.7403846153846154 0.07211538461538461 0.04326923076923077
1 0.09375 0.7199519230769231 0.06971153846153846 0.038461538461538464
1 0.12379807692307693 0.6358173076923077 0.08653846153846154 0.052884615384615384
1 0.18629807692307693 0.6274038461538461 0.0673076923076923 0.04567307692307692
1 0.19471153846153846 0.5600961538461539 0.0985576923076923 0.04326923076923077
1 0.19110576923076922 0.8028846153846154 0.07451923076923077 0.04326923076923077
1 0.2548076923076923 0.7728365384615384 0.09615384615384616 0.057692307692307696
1 0.39302884615384615 0.8004807692307693 0.10576923076923077 0.0625
1 0.3473557692307692 0.7824519230769231 0.07211538461538461 0.057692307692307696
1 0.25961538461538464 0.6947115384615384 0.1201923076923077 0.04807692307692308
1 0.4579326923076923 0.6850961538461539 0.10576923076923077 0.057692307692307696
1 0.484375 0.6165865384615384 0.0673076923076923 0.052884615384615384
1 0.3545673076923077 0.5649038461538461 0.0889423076923077 0.057692307692307696
1 0.3870192307692308 0.6009615384615384 0.11057692307692307 0.052884615384615384
1 0.6538461538461539 0.8846153846153846 0.11057692307692307 0.0673076923076923
1 0.7644230769230769 0.8629807692307693 0.11538461538461539 0.0673076923076923
1 0.7704326923076923 0.9302884615384616 0.09134615384615384 0.04807692307692308