1 0.5204326923076923 0.43990384615384615 0.11538461538461539 0.04807692307692308
1 0.39302884615384615 0.6213942307692307 0.07932692307692307 0.03365384615384615
0 0.9591346153846154 0.2704326923076923 0.08173076923076923 0.0985576923076923
0 0.8100961538461539 0.3317307692307692 0.11057692307692307 0.0625
0 0.6694711538461539 0.32091346153846156 0.10096153846153846 0.052884615384615384
0 0.6478365384615384 0.0985576923076923 0.06009615384615385 0.0625
0 0.8509615384615384 0.07451923076923077 0.1346153846153846 0.09615384615384616
1 0.4639423076923077 0.6826923076923077 0.0889423076923077 0.06009615384615385
1 0.5492788461538461 0.7632211538461539 0.09615384615384616 0.0625
1 0.59375 0.8798076923076923 0.04807692307692308 0.038461538461538464
1 0.5432692307692307 0.9591346153846154 0.08653846153846154 0.057692307692307696
1 0.36778846153846156 0.9290865384615384 0.06971153846153846 0.03365384615384615
1 0.4879807692307692 0.8918269230769231 0.09134615384615384 0.0625
1 0.359375 0.8245192307692307 0.07692307692307693 0.038461538461538464
1 0.3545673076923077 0.7283653846153846 0.07451923076923077 0.04326923076923077
1 0.2403846153846154 0.8329326923076923 0.07211538461538461 0.03365384615384615
1 0.23197115384615385 0.8774038461538461 0.0889423076923077 0.052884615384615384
1 0.20673076923076922 0.9639423076923077 0.09134615384615384 0.04326923076923077
1 0.109375 0.9014423076923077 0.07692307692307693 0.04567307692307692
0 0.515625 0.6646634615384616 0.07932692307692307 0.03125
0 0.03125 0.7932692307692307 0.0625 0.07211538461538461