0 0.5132211538461539 0.25240384615384615 0.13221153846153846 0.09134615384615384
0 0.5084134615384616 0.46634615384615385 0.14182692307692307 0.0625
0 0.41947115384615385 0.40024038461538464 0.18509615384615385 0.07211538461538461
0 0.18509615384615385 0.4074519230769231 0.17548076923076922 0.1778846153846154
0 0.25 0.21033653846153846 0.1971153846153846 0.09134615384615384
0 0.039663461538461536 0.2932692307692308 0.07932692307692307 0.16346153846153846
0 0.8725961538461539 0.17067307692307693 0.14423076923076922 0.06971153846153846
0 0.6634615384615384 0.26322115384615385 0.15625 0.057692307692307696
0 0.6971153846153846 0.3918269230769231 0.08653846153846154 0.0625
0 0.5997596153846154 0.140625 0.040865384615384616 0.0889423076923077
0 0.7427884615384616 0.11057692307692307 0.1346153846153846 0.05048076923076923
0 0.7055288461538461 0.03485576923076923 0.125 0.057692307692307696
0 0.5252403846153846 0.8533653846153846 0.10817307692307693 0.0673076923076923
0 0.9711538461538461 0.7944711538461539 0.057692307692307696 0.07451923076923077
0 0.96875 0.6358173076923077 0.0625 0.040865384615384616
0 0.8016826923076923 0.7475961538461539 0.06009615384615385 0.038461538461538464
0 0.7716346153846154 0.8269230769230769 0.09375 0.057692307692307696
0 0.7175480769230769 0.6742788461538461 0.08653846153846154 0.04807692307692308