1 0.2403846153846154 0.41466346153846156 0.04807692307692308 0.10336538461538461
1 0.3449519230769231 0.38341346153846156 0.052884615384615384 0.0985576923076923
1 0.4074519230769231 0.3161057692307692 0.03365384615384615 0.08653846153846154
1 0.28846153846153844 0.27283653846153844 0.04326923076923077 0.0673076923076923
1 0.41225961538461536 0.18269230769230768 0.04807692307692308 0.07211538461538461
1 0.5384615384615384 0.22235576923076922 0.04326923076923077 0.10336538461538461
1 0.5108173076923077 0.37740384615384615 0.04807692307692308 0.04807692307692308
1 0.5072115384615384 0.48677884615384615 0.038461538461538464 0.04567307692307692
1 0.4375 0.4831730769230769 0.04326923076923077 0.052884615384615384
1 0.6165865384615384 0.4651442307692308 0.04567307692307692 0.0889423076923077
0 0.31971153846153844 0.19831730769230768 0.07932692307692307 0.07211538461538461
0 0.32572115384615385 0.4951923076923077 0.06490384615384616 0.028846153846153848
0 0.5709134615384616 0.3329326923076923 0.0625 0.1201923076923077
1 0.7572115384615384 0.4519230769230769 0.04807692307692308 0.07211538461538461
1 0.6598557692307693 0.453125 0.038461538461538464 0.07451923076923077
1 0.765625 0.33774038461538464 0.04326923076923077 0.06009615384615385
1 0.8076923076923077 0.33533653846153844 0.04807692307692308 0.09134615384615384
1 0.8557692307692307 0.4651442307692308 0.04326923076923077 0.07211538461538461
1 0.9867788461538461 0.3076923076923077 0.026442307692307692 0.09615384615384616
1 0.8954326923076923 0.30649038461538464 0.06009615384615385 0.07451923076923077
1 0.8365384615384616 0.2091346153846154 0.04807692307692308 0.07211538461538461
0 0.9543269230769231 0.3870192307692308 0.038461538461538464 0.13221153846153846
0 0.7247596153846154 0.10096153846153846 0.07932692307692307 0.1201923076923077