1 0.6658653846153846 0.16346153846153846 0.09254807692307693 0.15865384615384615
1 0.5480769230769231 0.17067307692307693 0.06610576923076923 0.15865384615384615
1 0.4387019230769231 0.14182692307692307 0.06610576923076923 0.09735576923076923
1 0.4098557692307692 0.28725961538461536 0.042067307692307696 0.1141826923076923
1 0.328125 0.2932692307692308 0.0733173076923077 0.16706730769230768
1 0.21995192307692307 0.38341346153846156 0.08533653846153846 0.09615384615384616
1 0.4951923076923077 0.3269230769230769 0.10096153846153846 0.125
1 0.5913461538461539 0.296875 0.06009615384615385 0.078125
1 0.6069711538461539 0.46634615384615385 0.042067307692307696 0.10096153846153846
1 0.5240384615384616 0.5240384615384616 0.056490384615384616 0.09615384615384616
1 0.6081730769230769 0.7379807692307693 0.04807692307692308 0.14182692307692307
1 0.46634615384615385 0.6298076923076923 0.06129807692307692 0.11778846153846154
1 0.3954326923076923 0.5336538461538461 0.08052884615384616 0.13221153846153846
1 0.3233173076923077 0.5528846153846154 0.05048076923076923 0.09975961538461539