1 0.21153846153846154 0.1045673076923077 0.057692307692307696 0.0985576923076923
1 0.3425480769230769 0.14543269230769232 0.04326923076923077 0.07692307692307693
1 0.1971153846153846 0.34375 0.0673076923076923 0.09134615384615384
1 0.71875 0.21634615384615385 0.052884615384615384 0.08413461538461539
1 0.7680288461538461 0.296875 0.04807692307692308 0.08173076923076923
1 0.7572115384615384 0.35336538461538464 0.04807692307692308 0.07211538461538461
1 0.8425480769230769 0.3786057692307692 0.04567307692307692 0.021634615384615384
1 0.875 0.36177884615384615 0.04326923076923077 0.055288461538461536
1 0.1502403846153846 0.4519230769230769 0.0889423076923077 0.125
1 0.16466346153846154 0.6189903846153846 0.07932692307692307 0.1466346153846154
1 0.2644230769230769 0.7992788461538461 0.07692307692307693 0.13942307692307693
1 0.3317307692307692 0.6490384615384616 0.0673076923076923 0.15384615384615385
1 0.4831730769230769 0.5564903846153846 0.0673076923076923 0.10096153846153846
1 0.4375 0.7536057692307693 0.0625 0.12259615384615384
1 0.3713942307692308 0.9122596153846154 0.052884615384615384 0.11057692307692307
1 0.4543269230769231 0.9519230769230769 0.08653846153846154 0.09615384615384616
0 0.7055288461538461 0.6105769230769231 0.0673076923076923 0.11298076923076923