0 0.014423076923076924 0.4519230769230769 0.028846153846153848 0.125
0 0.14783653846153846 0.53125 0.10576923076923077 0.15384615384615385
0 0.1658653846153846 0.2764423076923077 0.0673076923076923 0.11538461538461539
1 0.7427884615384616 0.7920673076923077 0.03365384615384615 0.055288461538461536
1 0.71875 0.6358173076923077 0.04326923076923077 0.08413461538461539
1 0.6826923076923077 0.6814903846153846 0.04326923076923077 0.08653846153846154
1 0.6622596153846154 0.625 0.04326923076923077 0.0673076923076923
1 0.5805288461538461 0.5985576923076923 0.057692307692307696 0.09134615384615384
1 0.5769230769230769 0.5432692307692307 0.052884615384615384 0.07211538461538461
1 0.5048076923076923 0.5324519230769231 0.04326923076923077 0.10096153846153846
1 0.5096153846153846 0.3701923076923077 0.04807692307692308 0.07211538461538461
1 0.5432692307692307 0.33774038461538464 0.057692307692307696 0.09134615384615384
1 0.5600961538461539 0.24278846153846154 0.04567307692307692 0.07932692307692307
1 0.6322115384615384 0.265625 0.057692307692307696 0.10096153846153846
1 0.7451923076923077 0.3245192307692308 0.06971153846153846 0.10817307692307693
1 0.7295673076923077 0.38100961538461536 0.04807692307692308 0.057692307692307696
1 0.7175480769230769 0.4735576923076923 0.06009615384615385 0.09375
1 0.7512019230769231 0.5384615384615384 0.04326923076923077 0.07692307692307693
0 0.13822115384615385 0.8942307692307693 0.15625 0.14903846153846154
0 0.5324519230769231 0.859375 0.0889423076923077 0.07932692307692307