1 0.12259615384615384 0.16706730769230768 0.15384615384615385 0.057692307692307696
1 0.2512019230769231 0.11538461538461539 0.06490384615384616 0.07451923076923077
1 0.4266826923076923 0.10216346153846154 0.11298076923076923 0.04567307692307692
1 0.2668269230769231 0.21153846153846154 0.14182692307692307 0.09615384615384616
1 0.28125 0.3581730769230769 0.15865384615384615 0.08653846153846154
1 0.46033653846153844 0.3245192307692308 0.125 0.04807692307692308
1 0.5841346153846154 0.24519230769230768 0.1346153846153846 0.052884615384615384
1 0.4723557692307692 0.18629807692307693 0.11057692307692307 0.0673076923076923
1 0.28846153846153844 0.765625 0.11057692307692307 0.0625
1 0.24759615384615385 0.9134615384615384 0.08653846153846154 0.05048076923076923
1 0.13942307692307693 0.9663461538461539 0.125 0.0673076923076923