0 0.5456730769230769 0.4375 0.0673076923076923 0.02403846153846154
0 0.5673076923076923 0.18028846153846154 0.02403846153846154 0.1346153846153846
0 0.5 0.265625 0.04807692307692308 0.125
0 0.36658653846153844 0.25240384615384615 0.09615384615384616 0.10096153846153846
0 0.6899038461538461 0.31850961538461536 0.0625 0.11298076923076923
0 0.23317307692307693 0.9867788461538461 0.04326923076923077 0.026442307692307692
0 0.0733173076923077 0.8569711538461539 0.09615384615384616 0.15384615384615385
0 0.05048076923076923 0.609375 0.07451923076923077 0.11778846153846154
0 0.17668269230769232 0.515625 0.0625 0.09134615384615384
0 0.29927884615384615 0.6370192307692307 0.057692307692307696 0.10576923076923077
0 0.37259615384615385 0.7848557692307693 0.08413461538461539 0.14903846153846154