1 0.3762019230769231 0.33533653846153844 0.08653846153846154 0.04807692307692308
1 0.6646634615384616 0.11658653846153846 0.07692307692307693 0.04326923076923077
1 0.3545673076923077 0.9338942307692307 0.13221153846153846 0.07692307692307693
1 0.13341346153846154 0.9831730769230769 0.11298076923076923 0.03365384615384615
1 0.15384615384615385 0.8774038461538461 0.13221153846153846 0.07211538461538461
1 0.016826923076923076 0.9182692307692307 0.03365384615384615 0.09134615384615384
0 0.45552884615384615 0.7235576923076923 0.16346153846153846 0.1201923076923077
0 0.2091346153846154 0.515625 0.24519230769230768 0.07451923076923077
0 0.17427884615384615 0.7163461538461539 0.11057692307692307 0.07692307692307693
0 0.051682692307692304 0.6514423076923077 0.10336538461538461 0.09615384615384616
0 0.046875 0.7548076923076923 0.09375 0.11057692307692307