0 0.24639423076923078 0.49399038461538464 0.13942307692307693 0.04807692307692308
0 0.12139423076923077 0.37740384615384615 0.14423076923076922 0.07692307692307693
0 0.25841346153846156 0.3389423076923077 0.12740384615384615 0.057692307692307696
1 0.4567307692307692 0.3701923076923077 0.03365384615384615 0.0625
1 0.453125 0.47115384615384615 0.026442307692307692 0.04326923076923077
1 0.3762019230769231 0.5901442307692307 0.0985576923076923 0.040865384615384616
1 0.026442307692307692 0.7211538461538461 0.052884615384615384 0.04807692307692308
1 0.10817307692307693 0.7007211538461539 0.0673076923076923 0.03365384615384615
0 0.027644230769230768 0.6670673076923077 0.055288461538461536 0.055288461538461536
0 0.13341346153846154 0.6370192307692307 0.10817307692307693 0.057692307692307696
0 0.23317307692307693 0.6189903846153846 0.09134615384615384 0.05048076923076923
0 0.35336538461538464 0.6778846153846154 0.12980769230769232 0.07692307692307693
0 0.5697115384615384 0.921875 0.0625 0.06971153846153846
0 0.4807692307692308 0.9735576923076923 0.08173076923076923 0.028846153846153848
0 0.6947115384615384 0.90625 0.11778846153846154 0.08653846153846154
0 0.6045673076923077 0.9723557692307693 0.11057692307692307 0.04326923076923077
0 0.6802884615384616 0.9867788461538461 0.09615384615384616 0.026442307692307692