1 0.018028846153846152 0.43028846153846156 0.036057692307692304 0.1201923076923077
1 0.10817307692307693 0.45552884615384615 0.06009615384615385 0.10096153846153846
1 0.04927884615384615 0.24158653846153846 0.06009615384615385 0.11298076923076923
1 0.09975961538461539 0.25600961538461536 0.057692307692307696 0.10096153846153846
1 0.6274038461538461 0.41586538461538464 0.04807692307692308 0.08653846153846154
1 0.7019230769230769 0.4651442307692308 0.04807692307692308 0.09615384615384616
1 0.8040865384615384 0.40024038461538464 0.04807692307692308 0.08653846153846154
1 0.6995192307692307 0.27884615384615385 0.04807692307692308 0.09615384615384616
1 0.7800480769230769 0.20432692307692307 0.04807692307692308 0.08653846153846154
0 0.018028846153846152 0.9735576923076923 0.036057692307692304 0.052884615384615384
1 0.45552884615384615 0.9278846153846154 0.01201923076923077 0.08173076923076923
1 0.47115384615384615 0.9639423076923077 0.038461538461538464 0.07211538461538461
1 0.5 0.9230769230769231 0.04567307692307692 0.0673076923076923
1 0.5240384615384616 0.9675480769230769 0.0625 0.06490384615384616
1 0.5841346153846154 0.8713942307692307 0.052884615384615384 0.07692307692307693
1 0.5709134615384616 0.8028846153846154 0.0625 0.10096153846153846
1 0.5985576923076923 0.7439903846153846 0.057692307692307696 0.06971153846153846