1 0.5853365384615384 0.6237980769230769 0.04326923076923077 0.08413461538461539
1 0.5372596153846154 0.6165865384615384 0.05048076923076923 0.07692307692307693
1 0.4375 0.7055288461538461 0.04807692307692308 0.04567307692307692
1 0.3713942307692308 0.6887019230769231 0.04567307692307692 0.07932692307692307
1 0.5192307692307693 0.5036057692307693 0.0625 0.10336538461538461
1 0.5637019230769231 0.4651442307692308 0.0625 0.09615384615384616
1 0.578125 0.28846153846153844 0.0673076923076923 0.11057692307692307
0 0.65625 0.5673076923076923 0.03365384615384615 0.11538461538461539
0 0.6983173076923077 0.6682692307692307 0.055288461538461536 0.1201923076923077
0 0.2403846153846154 0.8305288461538461 0.07692307692307693 0.0889423076923077
0 0.7127403846153846 0.8305288461538461 0.09375 0.0625