1 0.13701923076923078 0.39663461538461536 0.08173076923076923 0.04807692307692308
1 0.5180288461538461 0.21394230769230768 0.06009615384615385 0.04807692307692308
1 0.5757211538461539 0.17668269230769232 0.10096153846153846 0.06009615384615385
1 0.5192307692307693 0.03365384615384615 0.0625 0.04807692307692308
1 0.5889423076923077 0.09975961538461539 0.13701923076923078 0.04807692307692308
1 0.7115384615384616 0.016826923076923076 0.09134615384615384 0.03365384615384615
1 0.8076923076923077 0.02403846153846154 0.08653846153846154 0.04807692307692308
1 0.7800480769230769 0.09375 0.11057692307692307 0.06009615384615385
1 0.7199519230769231 0.20673076923076922 0.11538461538461539 0.0673076923076923
1 0.6670673076923077 0.19110576923076922 0.06971153846153846 0.057692307692307696
0 0.078125 0.6105769230769231 0.15625 0.09615384615384616
0 0.19471153846153846 0.4735576923076923 0.16826923076923078 0.04807692307692308
0 0.359375 0.6526442307692307 0.21153846153846154 0.0625
0 0.41225961538461536 0.49399038461538464 0.15144230769230768 0.0889423076923077
0 0.5540865384615384 0.7980769230769231 0.08173076923076923 0.06971153846153846
0 0.5012019230769231 0.8137019230769231 0.026442307692307692 0.07932692307692307