1 0.13942307692307693 0.5384615384615384 0.08413461538461539 0.04567307692307692
1 0.10216346153846154 0.3485576923076923 0.10096153846153846 0.04807692307692308
1 0.2920673076923077 0.41225961538461536 0.1201923076923077 0.0673076923076923
1 0.8581730769230769 0.5204326923076923 0.07932692307692307 0.04807692307692308
1 0.7103365384615384 0.5192307692307693 0.08653846153846154 0.055288461538461536
1 0.6826923076923077 0.4254807692307692 0.10096153846153846 0.06490384615384616
1 0.6225961538461539 0.3004807692307692 0.12259615384615384 0.04807692307692308
1 0.5480769230769231 0.24278846153846154 0.038461538461538464 0.052884615384615384
1 0.7668269230769231 0.4723557692307692 0.11057692307692307 0.057692307692307696
1 0.8004807692307693 0.44350961538461536 0.09615384615384616 0.05048076923076923
1 0.8713942307692307 0.4639423076923077 0.07211538461538461 0.04567307692307692
1 0.9254807692307693 0.47836538461538464 0.0673076923076923 0.052884615384615384
1 0.8581730769230769 0.36538461538461536 0.08653846153846154 0.04807692307692308
1 0.8581730769230769 0.31850961538461536 0.08173076923076923 0.04807692307692308
1 0.7548076923076923 0.22596153846153846 0.07451923076923077 0.04807692307692308
1 0.7992788461538461 0.15985576923076922 0.09615384615384616 0.057692307692307696
1 0.9627403846153846 0.30288461538461536 0.07451923076923077 0.057692307692307696
1 0.9867788461538461 0.3485576923076923 0.026442307692307692 0.052884615384615384
1 0.23798076923076922 0.9567307692307693 0.08173076923076923 0.04807692307692308
1 0.18269230769230768 0.9254807692307693 0.08173076923076923 0.04326923076923077
1 0.2247596153846154 0.8882211538461539 0.0673076923076923 0.04326923076923077
1 0.30288461538461536 0.8858173076923077 0.07692307692307693 0.04807692307692308
1 0.3004807692307692 0.9326923076923077 0.08653846153846154 0.04807692307692308
0 0.8125 0.9819711538461539 0.12980769230769232 0.036057692307692304