1 0.01201923076923077 0.2704326923076923 0.02403846153846154 0.11778846153846154
1 0.08173076923076923 0.24278846153846154 0.07692307692307693 0.125
1 0.17067307692307693 0.11538461538461539 0.07692307692307693 0.12740384615384615
1 0.9134615384615384 0.28725961538461536 0.08173076923076923 0.08413461538461539
1 0.828125 0.19591346153846154 0.07451923076923077 0.13221153846153846
1 0.7091346153846154 0.22596153846153846 0.08653846153846154 0.125
1 0.7307692307692307 0.04567307692307692 0.10096153846153846 0.09134615384615384
0 0.4326923076923077 0.2704326923076923 0.10096153846153846 0.11778846153846154
0 0.4375 0.09495192307692307 0.1346153846153846 0.18990384615384615
0 0.5456730769230769 0.27884615384615385 0.125 0.10096153846153846
0 0.6033653846153846 0.15865384615384615 0.12259615384615384 0.14903846153846154
0 0.6358173076923077 0.8040865384615384 0.052884615384615384 0.125