1 0.10697115384615384 0.25 0.14423076923076922 0.07211538461538461
1 0.039663461538461536 0.4338942307692308 0.07932692307692307 0.06490384615384616
1 0.019230769230769232 0.5240384615384616 0.038461538461538464 0.08653846153846154
1 0.16466346153846154 0.5300480769230769 0.15384615384615385 0.08413461538461539
1 0.5769230769230769 0.1141826923076923 0.20192307692307693 0.10576923076923077
1 0.5420673076923077 0.49158653846153844 0.12740384615384615 0.07211538461538461
1 0.7319711538461539 0.5036057692307693 0.12740384615384615 0.07211538461538461
1 0.9759615384615384 0.5697115384615384 0.04807692307692308 0.057692307692307696
0 0.32091346153846156 0.3798076923076923 0.14182692307692307 0.07211538461538461
0 0.3004807692307692 0.25600961538461536 0.10096153846153846 0.13221153846153846
0 0.29447115384615385 0.5240384615384616 0.0889423076923077 0.08653846153846154
0 0.7463942307692307 0.24158653846153846 0.2692307692307692 0.11298076923076923
0 0.8353365384615384 0.40865384615384615 0.21153846153846154 0.07211538461538461
0 0.31971153846153844 0.9879807692307693 0.13942307692307693 0.02403846153846154
0 0.6129807692307693 0.9723557692307693 0.1778846153846154 0.055288461538461536
0 0.875 0.9831730769230769 0.19230769230769232 0.03365384615384615