1 0.4050480769230769 0.29086538461538464 0.06971153846153846 0.04326923076923077
1 0.39663461538461536 0.19591346153846154 0.07211538461538461 0.04326923076923077
0 0.4014423076923077 0.021634615384615384 0.07692307692307693 0.04326923076923077
0 0.36538461538461536 0.11778846153846154 0.13942307692307693 0.052884615384615384
0 0.3449519230769231 0.2536057692307692 0.09375 0.07211538461538461
1 0.9471153846153846 0.27884615384615385 0.07451923076923077 0.040865384615384616
1 0.8209134615384616 0.3088942307692308 0.09134615384615384 0.052884615384615384
1 0.8076923076923077 0.2127403846153846 0.07451923076923077 0.040865384615384616
0 0.8966346153846154 0.3449519230769231 0.13942307692307693 0.026442307692307692
1 0.2956730769230769 0.7451923076923077 0.10576923076923077 0.057692307692307696
1 0.6899038461538461 0.8245192307692307 0.09134615384615384 0.04326923076923077