1 0.3798076923076923 0.07932692307692307 0.09134615384615384 0.15865384615384615
1 0.2620192307692308 0.08653846153846154 0.0673076923076923 0.15865384615384615
1 0.15264423076923078 0.057692307692307696 0.0673076923076923 0.09615384615384616
1 0.12379807692307693 0.203125 0.04326923076923077 0.11538461538461539
1 0.042067307692307696 0.2091346153846154 0.07211538461538461 0.16826923076923078
1 0.2091346153846154 0.24278846153846154 0.10096153846153846 0.125
1 0.30528846153846156 0.2127403846153846 0.06009615384615385 0.07692307692307693
1 0.32091346153846156 0.38221153846153844 0.04326923076923077 0.10096153846153846
1 0.23798076923076922 0.43990384615384615 0.057692307692307696 0.09615384615384616
1 0.10817307692307693 0.4411057692307692 0.08173076923076923 0.11778846153846154
1 0.037259615384615384 0.45913461538461536 0.05048076923076923 0.08173076923076923
0 0.8545673076923077 0.17307692307692307 0.052884615384615384 0.1346153846153846
0 0.44591346153846156 0.8221153846153846 0.052884615384615384 0.1346153846153846
1 0.9074519230769231 0.7103365384615384 0.057692307692307696 0.1201923076923077
1 0.9615384615384616 0.8173076923076923 0.04807692307692308 0.0673076923076923