1 0.12980769230769232 0.2608173076923077 0.09615384615384616 0.057692307692307696
1 0.04807692307692308 0.3425480769230769 0.09615384615384616 0.055288461538461536
1 0.051682692307692304 0.5384615384615384 0.10336538461538461 0.04567307692307692
1 0.11057692307692307 0.4735576923076923 0.0985576923076923 0.052884615384615384
1 0.23557692307692307 0.4026442307692308 0.0673076923076923 0.04326923076923077
1 0.24158653846153846 0.3088942307692308 0.0625 0.04326923076923077
1 0.3545673076923077 0.41225961538461536 0.08173076923076923 0.038461538461538464
1 0.359375 0.46033653846153844 0.08653846153846154 0.052884615384615384
1 0.3894230769230769 0.5444711538461539 0.09615384615384616 0.04326923076923077
1 0.22956730769230768 0.5072115384615384 0.07692307692307693 0.038461538461538464
1 0.4735576923076923 0.4807692307692308 0.052884615384615384 0.038461538461538464
0 0.0733173076923077 0.21514423076923078 0.08173076923076923 0.0889423076923077
1 0.6021634615384616 0.5252403846153846 0.06009615384615385 0.038461538461538464
1 0.5528846153846154 0.41947115384615385 0.0673076923076923 0.03365384615384615
1 0.6814903846153846 0.4891826923076923 0.055288461538461536 0.038461538461538464
1 0.7307692307692307 0.42788461538461536 0.0625 0.038461538461538464
1 0.8149038461538461 0.4675480769230769 0.08653846153846154 0.052884615384615384
1 0.8161057692307693 0.5372596153846154 0.09615384615384616 0.057692307692307696
1 0.7271634615384616 0.796875 0.10817307692307693 0.057692307692307696