1 0.3112980769230769 0.2644230769230769 0.08413461538461539 0.14182692307692307
0 0.5360576923076923 0.056490384615384616 0.10096153846153846 0.11298076923076923
0 0.14423076923076922 0.24639423076923078 0.14423076923076922 0.22355769230769232
0 0.44350961538461536 0.27524038461538464 0.12740384615384615 0.10096153846153846
0 0.39783653846153844 0.11057692307692307 0.07211538461538461 0.19230769230769232
1 0.8473557692307693 0.04326923076923077 0.04326923076923077 0.07211538461538461
1 0.9014423076923077 0.1502403846153846 0.0673076923076923 0.12259615384615384
1 0.7103365384615384 0.027644230769230768 0.021634615384615384 0.055288461538461536
1 0.42908653846153844 0.9795673076923077 0.06971153846153846 0.040865384615384616
1 0.22956730769230768 0.8774038461538461 0.057692307692307696 0.10336538461538461
1 0.3762019230769231 0.9038461538461539 0.04326923076923077 0.07932692307692307