0 0.4387019230769231 0.08052884615384616 0.11177884615384616 0.12860576923076922
0 0.5048076923076923 0.4098557692307692 0.04927884615384615 0.0829326923076923
0 0.46634615384615385 0.24639423076923078 0.06850961538461539 0.13581730769230768
0 0.5853365384615384 0.19471153846153846 0.09014423076923077 0.15865384615384615
0 0.6057692307692307 0.5060096153846154 0.09975961538461539 0.16346153846153846
0 0.578125 0.765625 0.10216346153846154 0.1971153846153846
1 0.22115384615384615 0.2608173076923077 0.07572115384615384 0.1201923076923077
1 0.3581730769230769 0.29927884615384615 0.06370192307692307 0.11658653846153846
1 0.40024038461538464 0.4735576923076923 0.05889423076923077 0.11778846153846154
1 0.28966346153846156 0.4831730769230769 0.06610576923076923 0.1141826923076923
1 0.20552884615384615 0.4807692307692308 0.09014423076923077 0.13942307692307693
1 0.25 0.7932692307692307 0.06610576923076923 0.13341346153846154
1 0.33413461538461536 0.7319711538461539 0.07572115384615384 0.1658653846153846
1 0.43149038461538464 0.9459134615384616 0.10336538461538461 0.10697115384615384
0 0.46634615384615385 0.6430288461538461 0.06971153846153846 0.12139423076923077