1 0.25841346153846156 0.078125 0.10576923076923077 0.0625
1 0.2956730769230769 0.20552884615384615 0.08653846153846154 0.040865384615384616
1 0.5084134615384616 0.06129807692307692 0.1201923076923077 0.0625
0 0.6899038461538461 0.0625 0.1201923076923077 0.08173076923076923
1 0.9543269230769231 0.3870192307692308 0.09134615384615384 0.10576923076923077
0 0.6610576923076923 0.23076923076923078 0.0625 0.13942307692307693
1 0.10096153846153846 0.8112980769230769 0.10576923076923077 0.057692307692307696
1 0.13701923076923078 0.9375 0.07451923076923077 0.04567307692307692
1 0.3485576923076923 0.7932692307692307 0.11538461538461539 0.057692307692307696
0 0.7163461538461539 0.8245192307692307 0.0985576923076923 0.11538461538461539
0 0.8725961538461539 0.8762019230769231 0.1875 0.08653846153846154
0 0.9387019230769231 0.7295673076923077 0.12259615384615384 0.09375
1 0.7223557692307693 0.9519230769230769 0.12980769230769232 0.07692307692307693
1 0.9819711538461539 0.6177884615384616 0.036057692307692304 0.08173076923076923
1 0.9783653846153846 0.8221153846153846 0.04326923076923077 0.07692307692307693