1 0.5360576923076923 0.09495192307692307 0.04326923076923077 0.07451923076923077
1 0.42427884615384615 0.3293269230769231 0.04807692307692308 0.08173076923076923
1 0.375 0.31009615384615385 0.06009615384615385 0.10096153846153846
1 0.4182692307692308 0.15504807692307693 0.0625 0.10576923076923077
1 0.4182692307692308 0.03485576923076923 0.04807692307692308 0.06971153846153846
1 0.44350961538461536 0.0673076923076923 0.05048076923076923 0.09134615384615384
1 0.3329326923076923 0.14783653846153846 0.057692307692307696 0.10576923076923077
1 0.24519230769230768 0.20552884615384615 0.04807692307692308 0.07451923076923077
1 0.18990384615384615 0.23557692307692307 0.04326923076923077 0.07932692307692307
1 0.2620192307692308 0.09615384615384616 0.04567307692307692 0.1346153846153846
1 0.22355769230769232 0.026442307692307692 0.04326923076923077 0.052884615384615384
1 0.8293269230769231 0.4050480769230769 0.057692307692307696 0.026442307692307692
1 0.8581730769230769 0.3016826923076923 0.0625 0.10576923076923077
1 0.8401442307692307 0.3473557692307692 0.057692307692307696 0.07211538461538461
1 0.7524038461538461 0.39663461538461536 0.04807692307692308 0.04326923076923077
1 0.7427884615384616 0.23677884615384615 0.057692307692307696 0.10576923076923077
1 0.6742788461538461 0.21033653846153846 0.052884615384615384 0.0673076923076923
1 0.6225961538461539 0.3401442307692308 0.057692307692307696 0.0889423076923077
1 0.6586538461538461 0.3076923076923077 0.052884615384615384 0.11057692307692307
0 0.051682692307692304 0.8774038461538461 0.0673076923076923 0.11538461538461539
0 0.11538461538461539 0.6862980769230769 0.07211538461538461 0.125
1 0.9555288461538461 0.9903846153846154 0.06490384615384616 0.019230769230769232
1 0.9783653846153846 0.90625 0.04326923076923077 0.09134615384615384
1 0.8605769230769231 0.8401442307692307 0.057692307692307696 0.10576923076923077
1 0.9747596153846154 0.7512019230769231 0.05048076923076923 0.08413461538461539