1 0.296875 0.5300480769230769 0.040865384615384616 0.11538461538461539
1 0.18870192307692307 0.4074519230769231 0.040865384615384616 0.07692307692307693
1 0.96875 0.5504807692307693 0.04326923076923077 0.08173076923076923
1 0.8737980769230769 0.5540865384615384 0.036057692307692304 0.0673076923076923
1 0.7692307692307693 0.5625 0.036057692307692304 0.06490384615384616
1 0.6009615384615384 0.5336538461538461 0.040865384615384616 0.07692307692307693
1 0.6286057692307693 0.4026442307692308 0.04807692307692308 0.10096153846153846
1 0.5348557692307693 0.38822115384615385 0.03365384615384615 0.08413461538461539
1 0.7355769230769231 0.4074519230769231 0.04807692307692308 0.09134615384615384
1 0.8185096153846154 0.4362980769230769 0.04807692307692308 0.08173076923076923
1 0.8617788461538461 0.4387019230769231 0.036057692307692304 0.08173076923076923
1 0.7956730769230769 0.31850961538461536 0.040865384615384616 0.0673076923076923
0 0.6730769230769231 0.4879807692307692 0.038461538461538464 0.13221153846153846
0 0.9026442307692307 0.203125 0.0673076923076923 0.10096153846153846
0 0.4483173076923077 0.9675480769230769 0.036057692307692304 0.06490384615384616
0 0.16105769230769232 0.6875 0.08653846153846154 0.13942307692307693
0 0.36538461538461536 0.6478365384615384 0.0673076923076923 0.06009615384615385
0 0.4362980769230769 0.6911057692307693 0.06009615384615385 0.10817307692307693
0 0.3016826923076923 0.8665865384615384 0.0889423076923077 0.17307692307692307
1 0.8004807692307693 0.8533653846153846 0.0673076923076923 0.12980769230769232
1 0.6899038461538461 0.8521634615384616 0.052884615384615384 0.10096153846153846