0 0.9567307692307693 0.06009615384615385 0.08653846153846154 0.07211538461538461
0 0.8617788461538461 0.2512019230769231 0.11538461538461539 0.052884615384615384
0 0.5408653846153846 0.18629807692307693 0.14903846153846154 0.07932692307692307
0 0.7524038461538461 0.1346153846153846 0.0625 0.03125
0 0.6862980769230769 0.19230769230769232 0.08173076923076923 0.04807692307692308
0 0.8317307692307693 0.09735576923076923 0.0673076923076923 0.04807692307692308
0 0.9423076923076923 0.17908653846153846 0.06490384615384616 0.026442307692307692
1 0.8617788461538461 0.03125 0.0625 0.052884615384615384
1 0.7644230769230769 0.01201923076923077 0.08173076923076923 0.02403846153846154
1 0.8197115384615384 0.16105769230769232 0.0625 0.04326923076923077
1 0.7680288461538461 0.2247596153846154 0.07932692307692307 0.04567307692307692
1 0.6370192307692307 0.03125 0.08173076923076923 0.052884615384615384
1 0.5108173076923077 0.09615384615384616 0.10096153846153846 0.057692307692307696
0 0.03125 0.7596153846153846 0.0625 0.052884615384615384
0 0.03365384615384615 0.8774038461538461 0.0673076923076923 0.0625
0 0.4074519230769231 0.7884615384615384 0.08413461538461539 0.09615384615384616
0 0.40024038461538464 0.9891826923076923 0.0985576923076923 0.021634615384615384
0 0.39663461538461536 0.5504807692307693 0.10576923076923077 0.052884615384615384
0 0.39903846153846156 0.4206730769230769 0.10096153846153846 0.0625
0 0.23076923076923078 0.30528846153846156 0.1201923076923077 0.014423076923076924
1 0.9314903846153846 0.6923076923076923 0.0985576923076923 0.052884615384615384
1 0.8701923076923077 0.6117788461538461 0.09615384615384616 0.057692307692307696
1 0.9879807692307693 0.5625 0.02403846153846154 0.03365384615384615
1 0.9615384615384616 0.4987980769230769 0.07211538461538461 0.03365384615384615
1 0.8798076923076923 0.5372596153846154 0.08173076923076923 0.04807692307692308
1 0.7848557692307693 0.6766826923076923 0.08653846153846154 0.052884615384615384