1 0.21754807692307693 0.49038461538461536 0.04927884615384615 0.08774038461538461
1 0.26322115384615385 0.4879807692307692 0.0625 0.11057692307692307
1 0.3088942307692308 0.484375 0.04927884615384615 0.07932692307692307
1 0.35096153846153844 0.4951923076923077 0.04567307692307692 0.08533653846153846
1 0.30288461538461536 0.31850961538461536 0.04567307692307692 0.0733173076923077
1 0.40384615384615385 0.21875 0.052884615384615384 0.09615384615384616
1 0.5420673076923077 0.05889423076923077 0.04567307692307692 0.08173076923076923
1 0.5420673076923077 0.2283653846153846 0.06370192307692307 0.11298076923076923
1 0.5540865384615384 0.3473557692307692 0.054086538461538464 0.0829326923076923
1 0.5504807692307693 0.40625 0.04567307692307692 0.06850961538461539
1 0.5444711538461539 0.4807692307692308 0.05889423076923077 0.09134615384615384
1 0.4423076923076923 0.5793269230769231 0.06129807692307692 0.08653846153846154
1 0.4230769230769231 0.6526442307692307 0.04447115384615385 0.06971153846153846
1 0.33413461538461536 0.5913461538461539 0.056490384615384616 0.09014423076923077
1 0.38221153846153844 0.5973557692307693 0.056490384615384616 0.08774038461538461
1 0.390625 0.7824519230769231 0.051682692307692304 0.08052884615384616