1 0.02403846153846154 0.7331730769230769 0.04807692307692308 0.09615384615384616
1 0.09134615384615384 0.7956730769230769 0.052884615384615384 0.08653846153846154
1 0.15264423076923078 0.7103365384615384 0.038461538461538464 0.07692307692307693
1 0.06370192307692307 0.6153846153846154 0.038461538461538464 0.06490384615384616
1 0.018028846153846152 0.4807692307692308 0.036057692307692304 0.08173076923076923
1 0.03365384615384615 0.3641826923076923 0.038461538461538464 0.07932692307692307
1 0.09735576923076923 0.45552884615384615 0.052884615384615384 0.08653846153846154
1 0.20432692307692307 0.453125 0.04807692307692308 0.08173076923076923
1 0.2980769230769231 0.4362980769230769 0.04807692307692308 0.0625
1 0.23076923076923078 0.5829326923076923 0.038461538461538464 0.07211538461538461
0 0.18629807692307693 0.7103365384615384 0.04807692307692308 0.12740384615384615
0 0.15985576923076922 0.5336538461538461 0.03365384615384615 0.13942307692307693
0 0.9194711538461539 0.734375 0.08413461538461539 0.052884615384615384
0 0.9399038461538461 0.5697115384615384 0.0673076923076923 0.10817307692307693
0 0.8125 0.4266826923076923 0.07211538461538461 0.13221153846153846
0 0.96875 0.34615384615384615 0.0625 0.09615384615384616