1 0.4254807692307692 0.03245192307692308 0.04326923076923077 0.06490384615384616
1 0.3713942307692308 0.09254807692307693 0.03125 0.07932692307692307
1 0.4963942307692308 0.06490384615384616 0.057692307692307696 0.10336538461538461
1 0.5649038461538461 0.19591346153846154 0.038461538461538464 0.07692307692307693
1 0.45913461538461536 0.18509615384615385 0.03365384615384615 0.07451923076923077
1 0.28966346153846156 0.21995192307692307 0.04326923076923077 0.07451923076923077
1 0.22956730769230768 0.3581730769230769 0.028846153846153848 0.057692307692307696
1 0.421875 0.34375 0.052884615384615384 0.0985576923076923
1 0.31971153846153844 0.34615384615384615 0.04807692307692308 0.09615384615384616
1 0.5108173076923077 0.3173076923076923 0.04567307692307692 0.08173076923076923
1 0.5528846153846154 0.3161057692307692 0.036057692307692304 0.07451923076923077
1 0.4855769230769231 0.44350961538461536 0.03365384615384615 0.07451923076923077
0 0.36538461538461536 0.2668269230769231 0.03365384615384615 0.1346153846153846
0 0.33413461538461536 0.08774038461538461 0.04567307692307692 0.12980769230769232
0 0.5805288461538461 0.5276442307692307 0.055288461538461536 0.06009615384615385
0 0.6682692307692307 0.09735576923076923 0.052884615384615384 0.15865384615384615
0 0.6502403846153846 0.2283653846153846 0.08413461538461539 0.07211538461538461
0 0.7151442307692307 0.09975961538461539 0.036057692307692304 0.12980769230769232
0 0.7680288461538461 0.19951923076923078 0.06009615384615385 0.0673076923076923
0 0.71875 0.23918269230769232 0.04326923076923077 0.11057692307692307
0 0.7788461538461539 0.34134615384615385 0.08413461538461539 0.11778846153846154
0 0.13942307692307693 0.6394230769230769 0.057692307692307696 0.11057692307692307
0 0.14903846153846154 0.7764423076923077 0.052884615384615384 0.10336538461538461
0 0.24278846153846154 0.8689903846153846 0.052884615384615384 0.13942307692307693
0 0.3701923076923077 0.8064903846153846 0.06971153846153846 0.07211538461538461
0 0.40024038461538464 0.6165865384615384 0.0985576923076923 0.11778846153846154
0 0.6754807692307693 0.8197115384615384 0.03125 0.11057692307692307