0 0.8725961538461539 0.3713942307692308 0.08413461538461539 0.08173076923076923
0 0.9038461538461539 0.13701923076923078 0.12980769230769232 0.04807692307692308
0 0.734375 0.09375 0.09375 0.07211538461538461
0 0.5516826923076923 0.16466346153846154 0.09134615384615384 0.08413461538461539
0 0.8221153846153846 0.7644230769230769 0.14903846153846154 0.057692307692307696
0 0.6935096153846154 0.78125 0.09134615384615384 0.07692307692307693
0 0.7163461538461539 0.6646634615384616 0.0625 0.06971153846153846
0 0.8197115384615384 0.7175480769230769 0.11298076923076923 0.028846153846153848
0 0.5913461538461539 0.6490384615384616 0.11778846153846154 0.08653846153846154
0 0.6814903846153846 0.7151442307692307 0.11057692307692307 0.04326923076923077
0 0.6057692307692307 0.7439903846153846 0.09615384615384616 0.052884615384615384