1 0.10576923076923077 0.41586538461538464 0.055288461538461536 0.08653846153846154
0 0.6201923076923077 0.6550480769230769 0.028846153846153848 0.0889423076923077
0 0.6213942307692307 0.3870192307692308 0.07211538461538461 0.1346153846153846
0 0.6598557692307693 0.2512019230769231 0.06490384615384616 0.1201923076923077
1 0.7608173076923077 0.9459134615384616 0.038461538461538464 0.0673076923076923
1 0.7175480769230769 0.9783653846153846 0.040865384615384616 0.04326923076923077
1 0.640625 0.984375 0.040865384615384616 0.03125
1 0.5709134615384616 0.9771634615384616 0.040865384615384616 0.04567307692307692
1 0.7367788461538461 0.7463942307692307 0.05048076923076923 0.09375
1 0.6875 0.7151442307692307 0.038461538461538464 0.03125
1 0.6237980769230769 0.8125 0.052884615384615384 0.08173076923076923
0 0.5612980769230769 0.9014423076923077 0.04567307692307692 0.10576923076923077
0 0.8233173076923077 0.8497596153846154 0.0673076923076923 0.11538461538461539
0 0.8665865384615384 0.7920673076923077 0.0673076923076923 0.11538461538461539