1 0.13701923076923078 0.2283653846153846 0.04927884615384615 0.0829326923076923
1 0.21875 0.07932692307692307 0.04326923076923077 0.06971153846153846
1 0.4182692307692308 0.2247596153846154 0.06009615384615385 0.09975961538461539
1 0.4951923076923077 0.25721153846153844 0.04447115384615385 0.07932692307692307
1 0.5192307692307693 0.3317307692307692 0.04807692307692308 0.0733173076923077
1 0.4891826923076923 0.359375 0.042067307692307696 0.08173076923076923
1 0.41346153846153844 0.38461538461538464 0.0625 0.057692307692307696
1 0.32211538461538464 0.3173076923076923 0.055288461538461536 0.09975961538461539
1 0.3581730769230769 0.3798076923076923 0.05048076923076923 0.09014423076923077
1 0.3016826923076923 0.39783653846153844 0.05048076923076923 0.109375
1 0.25841346153846156 0.4423076923076923 0.046875 0.0829326923076923
1 0.18990384615384615 0.3858173076923077 0.06850961538461539 0.09375
1 0.21754807692307693 0.4735576923076923 0.04927884615384615 0.09375
1 0.390625 0.6526442307692307 0.05048076923076923 0.08173076923076923
1 0.5096153846153846 0.5612980769230769 0.06370192307692307 0.10336538461538461
1 0.390625 0.4891826923076923 0.05048076923076923 0.0733173076923077