0 0.4110576923076923 0.046875 0.03365384615384615 0.09375
0 0.3401442307692308 0.028846153846153848 0.06490384615384616 0.057692307692307696
1 0.5805288461538461 0.33413461538461536 0.040865384615384616 0.028846153846153848
1 0.6081730769230769 0.3137019230769231 0.057692307692307696 0.06971153846153846
1 0.7283653846153846 0.18509615384615385 0.052884615384615384 0.07932692307692307
1 0.6334134615384616 0.20192307692307693 0.0625 0.0985576923076923
1 0.5564903846153846 0.2403846153846154 0.06009615384615385 0.11057692307692307
1 0.49399038461538464 0.23677884615384615 0.04567307692307692 0.08173076923076923
1 0.4483173076923077 0.23317307692307693 0.040865384615384616 0.10576923076923077
1 0.4375 0.31490384615384615 0.019230769230769232 0.0673076923076923
0 0.3798076923076923 0.9134615384615384 0.06971153846153846 0.10336538461538461
0 0.3329326923076923 0.8413461538461539 0.09615384615384616 0.12740384615384615
0 0.4206730769230769 0.7608173076923077 0.014423076923076924 0.11778846153846154
1 0.5444711538461539 0.5408653846153846 0.04807692307692308 0.09134615384615384
1 0.5889423076923077 0.5384615384615384 0.05048076923076923 0.11298076923076923
1 0.6358173076923077 0.5396634615384616 0.04807692307692308 0.07932692307692307
1 0.6742788461538461 0.5372596153846154 0.04807692307692308 0.07692307692307693
1 0.6346153846153846 0.7019230769230769 0.052884615384615384 0.09134615384615384
1 0.7295673076923077 0.8125 0.057692307692307696 0.10096153846153846
1 0.8653846153846154 0.9603365384615384 0.04326923076923077 0.07932692307692307
1 0.8701923076923077 0.796875 0.0673076923076923 0.11057692307692307
1 0.8834134615384616 0.6814903846153846 0.04807692307692308 0.07692307692307693
1 0.8762019230769231 0.6165865384615384 0.05048076923076923 0.0673076923076923
1 0.8689903846153846 0.5444711538461539 0.055288461538461536 0.09134615384615384
1 0.7668269230769231 0.4483173076923077 0.0625 0.09134615384615384
1 0.7463942307692307 0.3894230769230769 0.04567307692307692 0.08173076923076923
1 0.6586538461538461 0.43149038461538464 0.055288461538461536 0.11057692307692307
1 0.7139423076923077 0.4230769230769231 0.0625 0.0985576923076923