0 0.796875 0.25721153846153844 0.09615384615384616 0.16826923076923078
0 0.9302884615384616 0.07932692307692307 0.08173076923076923 0.15865384615384615
0 0.7235576923076923 0.036057692307692304 0.057692307692307696 0.07211538461538461
0 0.6586538461538461 0.08052884615384616 0.055288461538461536 0.11057692307692307
0 0.5925480769230769 0.10576923076923077 0.0625 0.125
0 0.43990384615384615 0.21875 0.0625 0.14903846153846154
0 0.2644230769230769 0.9266826923076923 0.07692307692307693 0.09134615384615384
0 0.14783653846153846 0.9495192307692307 0.06971153846153846 0.0625
0 0.13221153846153846 0.8245192307692307 0.08653846153846154 0.11778846153846154
0 0.19831730769230768 0.9146634615384616 0.04326923076923077 0.11057692307692307
0 0.22716346153846154 0.8389423076923077 0.052884615384615384 0.09615384615384616
0 0.7668269230769231 0.8449519230769231 0.0625 0.14903846153846154
0 0.7896634615384616 0.7175480769230769 0.08653846153846154 0.07211538461538461
0 0.7463942307692307 0.6274038461538461 0.052884615384615384 0.09615384615384616
0 0.6670673076923077 0.7367788461538461 0.0625 0.07692307692307693
0 0.7175480769230769 0.8401442307692307 0.03125 0.1201923076923077
0 0.6526442307692307 0.6045673076923077 0.09134615384615384 0.10576923076923077