0 0.47596153846153844 0.12620192307692307 0.125 0.052884615384615384
0 0.8004807692307693 0.06971153846153846 0.14423076923076922 0.08653846153846154
0 0.65625 0.06971153846153846 0.08653846153846154 0.04807692307692308
0 0.5841346153846154 0.014423076923076924 0.07211538461538461 0.028846153846153848
0 0.40384615384615385 0.06129807692307692 0.028846153846153848 0.036057692307692304
1 0.5108173076923077 0.039663461538461536 0.0625 0.036057692307692304
1 0.5709134615384616 0.10216346153846154 0.07692307692307693 0.04326923076923077
0 0.6442307692307693 0.8894230769230769 0.10576923076923077 0.07932692307692307
0 0.6165865384615384 0.65625 0.13942307692307693 0.04807692307692308
0 0.7836538461538461 0.6105769230769231 0.10096153846153846 0.07211538461538461
0 0.9603365384615384 0.6802884615384616 0.07932692307692307 0.08173076923076923