1 0.6129807692307693 0.4338942307692308 0.0625 0.09134615384615384
1 0.484375 0.4699519230769231 0.04326923076923077 0.07932692307692307
1 0.33413461538461536 0.37740384615384615 0.040865384615384616 0.0673076923076923
0 0.3737980769230769 0.5132211538461539 0.05048076923076923 0.06971153846153846
0 0.3245192307692308 0.5300480769230769 0.057692307692307696 0.036057692307692304
1 0.9783653846153846 0.3088942307692308 0.04326923076923077 0.0889423076923077
1 0.9627403846153846 0.47596153846153844 0.038461538461538464 0.0625
1 0.26322115384615385 0.8701923076923077 0.06971153846153846 0.125
1 0.3713942307692308 0.8521634615384616 0.05048076923076923 0.10336538461538461
1 0.8161057692307693 0.9651442307692307 0.036057692307692304 0.06971153846153846
1 0.8954326923076923 0.90625 0.04326923076923077 0.08173076923076923
1 0.9579326923076923 0.8293269230769231 0.03125 0.07211538461538461
1 0.8665865384615384 0.734375 0.038461538461538464 0.06971153846153846
1 0.7752403846153846 0.7103365384615384 0.01201923076923077 0.06971153846153846
1 0.7824519230769231 0.5985576923076923 0.026442307692307692 0.0625
1 0.8221153846153846 0.5985576923076923 0.05048076923076923 0.0889423076923077
1 0.90625 0.5805288461538461 0.04326923076923077 0.06490384615384616
0 0.9699519230769231 0.6538461538461539 0.03365384615384615 0.13942307692307693
0 0.984375 0.8293269230769231 0.03125 0.1346153846153846
1 0.8317307692307693 0.8449519230769231 0.057692307692307696 0.10817307692307693