0 0.5757211538461539 0.1622596153846154 0.13581730769230768 0.13942307692307693
0 0.8088942307692307 0.4206730769230769 0.11177884615384616 0.24158653846153846
0 0.5985576923076923 0.4495192307692308 0.07692307692307693 0.1045673076923077
0 0.5504807692307693 0.6021634615384616 0.11057692307692307 0.12740384615384615
0 0.5096153846153846 0.6959134615384616 0.1201923076923077 0.1310096153846154
0 0.6574519230769231 0.609375 0.10096153846153846 0.15985576923076922
0 0.6454326923076923 0.7908653846153846 0.10817307692307693 0.17908653846153846
1 0.375 0.25961538461538464 0.06610576923076923 0.10096153846153846
1 0.2620192307692308 0.3076923076923077 0.078125 0.12139423076923077
1 0.17908653846153846 0.5612980769230769 0.09014423076923077 0.15264423076923078
1 0.31490384615384615 0.4855769230769231 0.07451923076923077 0.10817307692307693
1 0.4338942307692308 0.46153846153846156 0.06971153846153846 0.10817307692307693
1 0.3894230769230769 0.6706730769230769 0.08774038461538461 0.15625
1 0.2608173076923077 0.6959134615384616 0.078125 0.1045673076923077