1 0.26802884615384615 0.20793269230769232 0.04927884615384615 0.08413461538461539
1 0.3485576923076923 0.12740384615384615 0.04927884615384615 0.08774038461538461
1 0.46875 0.06971153846153846 0.042067307692307696 0.07572115384615384
1 0.5456730769230769 0.12860576923076922 0.04326923076923077 0.09375
1 0.47836538461538464 0.18509615384615385 0.052884615384615384 0.09615384615384616
1 0.6045673076923077 0.21394230769230768 0.03485576923076923 0.07091346153846154
1 0.3173076923076923 0.32211538461538464 0.04447115384615385 0.08052884615384616
1 0.41225961538461536 0.31850961538461536 0.036057692307692304 0.06610576923076923
1 0.5168269230769231 0.31009615384615385 0.036057692307692304 0.06490384615384616
1 0.6850961538461539 0.3389423076923077 0.040865384615384616 0.078125
1 0.6574519230769231 0.4699519230769231 0.04807692307692308 0.10216346153846154
1 0.7512019230769231 0.484375 0.03365384615384615 0.08413461538461539
1 0.5504807692307693 0.4651442307692308 0.046875 0.09134615384615384
1 0.4675480769230769 0.4362980769230769 0.046875 0.0829326923076923
1 0.42427884615384615 0.4338942307692308 0.036057692307692304 0.08173076923076923
1 0.49038461538461536 0.5540865384615384 0.040865384615384616 0.0673076923076923
0 0.6129807692307693 0.38461538461538464 0.039663461538461536 0.13221153846153846
0 0.640625 0.2127403846153846 0.037259615384615384 0.12860576923076922
0 0.22355769230769232 0.15504807692307693 0.07932692307692307 0.07572115384615384
0 0.38341346153846156 0.6694711538461539 0.06610576923076923 0.10096153846153846