0 0.27163461538461536 0.5564903846153846 0.04807692307692308 0.06490384615384616
0 0.4266826923076923 0.5576923076923077 0.036057692307692304 0.0625
0 0.3894230769230769 0.47716346153846156 0.038461538461538464 0.07211538461538461
0 0.3317307692307692 0.40625 0.04567307692307692 0.08413461538461539
1 0.4807692307692308 0.3557692307692308 0.014423076923076924 0.09134615384615384
1 0.43028846153846156 0.23197115384615385 0.055288461538461536 0.11538461538461539
1 0.3641826923076923 0.5480769230769231 0.03365384615384615 0.06490384615384616
1 0.29927884615384615 0.4963942307692308 0.04807692307692308 0.08173076923076923
1 0.47836538461538464 0.5721153846153846 0.019230769230769232 0.03365384615384615
0 0.34134615384615385 0.25721153846153844 0.0889423076923077 0.14423076923076922
1 0.8641826923076923 0.5540865384615384 0.03125 0.06971153846153846
1 0.8004807692307693 0.4951923076923077 0.040865384615384616 0.08653846153846154
1 0.7451923076923077 0.4206730769230769 0.04326923076923077 0.08173076923076923
1 0.8004807692307693 0.32091346153846156 0.04326923076923077 0.07932692307692307
1 0.8581730769230769 0.34615384615384615 0.036057692307692304 0.0625
1 0.9026442307692307 0.4567307692307692 0.03365384615384615 0.052884615384615384
1 0.953125 0.5288461538461539 0.036057692307692304 0.052884615384615384
1 0.9519230769230769 0.3894230769230769 0.028846153846153848 0.06009615384615385
1 0.8846153846153846 0.26802884615384615 0.03125 0.06971153846153846
1 0.9435096153846154 0.22956730769230768 0.03125 0.0625
1 0.765625 0.203125 0.040865384615384616 0.08173076923076923
1 0.7776442307692307 0.056490384615384616 0.04326923076923077 0.08173076923076923
1 0.8413461538461539 0.14903846153846154 0.055288461538461536 0.10096153846153846
1 0.90625 0.15504807692307693 0.040865384615384616 0.07692307692307693
1 0.8810096153846154 0.7247596153846154 0.04807692307692308 0.08413461538461539
1 0.796875 0.7692307692307693 0.052884615384615384 0.0889423076923077
0 0.9819711538461539 0.6069711538461539 0.036057692307692304 0.036057692307692304
0 0.9074519230769231 0.9483173076923077 0.07451923076923077 0.09615384615384616
0 0.7716346153846154 0.6610576923076923 0.04807692307692308 0.14423076923076922