1 0.5805288461538461 0.20673076923076922 0.08413461538461539 0.14182692307692307
1 0.6274038461538461 0.5420673076923077 0.0829326923076923 0.13581730769230768
1 0.44591346153846156 0.5084134615384616 0.06850961538461539 0.11538461538461539
1 0.2536057692307692 0.5048076923076923 0.0889423076923077 0.1045673076923077
1 0.36899038461538464 0.6947115384615384 0.08774038461538461 0.15144230769230768
1 0.3004807692307692 0.8725961538461539 0.0673076923076923 0.125
0 0.3545673076923077 0.4362980769230769 0.09975961538461539 0.15745192307692307
0 0.7475961538461539 0.18870192307692307 0.14423076923076922 0.29447115384615385
0 0.4483173076923077 0.19591346153846154 0.12620192307692307 0.10216346153846154
0 0.49399038461538464 0.3605769230769231 0.0733173076923077 0.1935096153846154
0 0.640625 0.8173076923076923 0.13581730769230768 0.21875
0 0.46634615384615385 0.7512019230769231 0.0985576923076923 0.19110576923076922
0 0.15985576923076922 0.6454326923076923 0.07572115384615384 0.21033653846153846