0 0.06610576923076923 0.2091346153846154 0.038461538461538464 0.08653846153846154
0 0.8125 0.3918269230769231 0.04326923076923077 0.09615384615384616
0 0.9615384615384616 0.2403846153846154 0.07692307692307693 0.15865384615384615
0 0.8341346153846154 0.16105769230769232 0.11538461538461539 0.18269230769230768
0 0.6766826923076923 0.16947115384615385 0.08653846153846154 0.1346153846153846
0 0.7451923076923077 0.03125 0.07211538461538461 0.0625
0 0.9795673076923077 0.02403846153846154 0.040865384615384616 0.04807692307692308
0 0.3293269230769231 0.9182692307692307 0.10096153846153846 0.15384615384615385
1 0.36658653846153844 0.7163461538461539 0.026442307692307692 0.10576923076923077
1 0.9639423076923077 0.765625 0.04807692307692308 0.09375
1 0.8846153846153846 0.8173076923076923 0.04807692307692308 0.08173076923076923
1 0.7848557692307693 0.7524038461538461 0.04567307692307692 0.08653846153846154
1 0.8918269230769231 0.6334134615384616 0.04807692307692308 0.08653846153846154
1 0.8088942307692307 0.5552884615384616 0.04807692307692308 0.08653846153846154