1 0.9639423076923077 0.2091346153846154 0.07211538461538461 0.04326923076923077
1 0.9110576923076923 0.18028846153846154 0.07692307692307693 0.04807692307692308
1 0.78125 0.06009615384615385 0.08653846153846154 0.04807692307692308
1 0.8004807692307693 0.15625 0.11538461538461539 0.057692307692307696
1 0.8341346153846154 0.234375 0.11057692307692307 0.057692307692307696
1 0.8293269230769231 0.2932692307692308 0.07932692307692307 0.04807692307692308
1 0.8317307692307693 0.3329326923076923 0.11538461538461539 0.03125
1 0.3173076923076923 0.8689903846153846 0.07932692307692307 0.04807692307692308
1 0.34615384615384615 0.8088942307692307 0.08173076923076923 0.052884615384615384
1 0.25961538461538464 0.9519230769230769 0.10576923076923077 0.06971153846153846
1 0.042067307692307696 0.9711538461538461 0.08413461538461539 0.04807692307692308
1 0.05048076923076923 0.90625 0.10096153846153846 0.057692307692307696
1 0.11538461538461539 0.8509615384615384 0.08173076923076923 0.04807692307692308
1 0.20793269230769232 0.8846153846153846 0.125 0.04807692307692308
1 0.03245192307692308 0.8317307692307693 0.06490384615384616 0.0625
1 0.018028846153846152 0.7331730769230769 0.036057692307692304 0.04807692307692308
1 0.8401442307692307 0.9855769230769231 0.10336538461538461 0.028846153846153848
1 0.6490384615384616 0.9867788461538461 0.10576923076923077 0.026442307692307692