0 0.296875 0.48677884615384615 0.24278846153846154 0.04567307692307692
0 0.12980769230769232 0.33774038461538464 0.17307692307692307 0.125
0 0.3762019230769231 0.3762019230769231 0.10336538461538461 0.1201923076923077
0 0.5204326923076923 0.28846153846153844 0.2620192307692308 0.08173076923076923
0 0.9759615384615384 0.17427884615384615 0.04807692307692308 0.07932692307692307
1 0.14182692307692307 0.6526442307692307 0.08173076923076923 0.055288461538461536
1 0.21033653846153846 0.6887019230769231 0.10817307692307693 0.0673076923076923
1 0.042067307692307696 0.6899038461538461 0.08413461538461539 0.04326923076923077
1 0.015625 0.7259615384615384 0.03125 0.038461538461538464
1 0.055288461538461536 0.7391826923076923 0.07692307692307693 0.052884615384615384
1 0.08052884615384616 0.8257211538461539 0.10096153846153846 0.057692307692307696
1 0.13221153846153846 0.8377403846153846 0.07692307692307693 0.052884615384615384
1 0.21153846153846154 0.7704326923076923 0.12980769230769232 0.04807692307692308
1 0.15985576923076922 0.9026442307692307 0.1201923076923077 0.04807692307692308
1 0.3137019230769231 0.9026442307692307 0.07692307692307693 0.052884615384615384
1 0.34975961538461536 0.8677884615384616 0.10336538461538461 0.0625
1 0.4375 0.8449519230769231 0.08173076923076923 0.06009615384615385
1 0.41346153846153844 0.7776442307692307 0.11538461538461539 0.0673076923076923
1 0.35336538461538464 0.6634615384615384 0.11057692307692307 0.052884615384615384
1 0.2956730769230769 0.6790865384615384 0.07211538461538461 0.04567307692307692
0 0.9170673076923077 0.6850961538461539 0.1658653846153846 0.14903846153846154
1 0.8088942307692307 0.5360576923076923 0.09375 0.052884615384615384