1 0.7884615384615384 0.028846153846153848 0.10817307692307693 0.057692307692307696
0 0.5793269230769231 0.016826923076923076 0.13942307692307693 0.03365384615384615
0 0.109375 0.5757211538461539 0.125 0.057692307692307696
0 0.09615384615384616 0.6983173076923077 0.10336538461538461 0.0673076923076923
0 0.13581730769230768 0.4254807692307692 0.1201923076923077 0.06490384615384616
1 0.5444711538461539 0.46875 0.0889423076923077 0.04807692307692308
1 0.5769230769230769 0.5793269230769231 0.10096153846153846 0.055288461538461536
1 0.6838942307692307 0.5192307692307693 0.07211538461538461 0.038461538461538464
1 0.640625 0.6394230769230769 0.06971153846153846 0.03365384615384615
1 0.7728365384615384 0.6418269230769231 0.0673076923076923 0.040865384615384616
1 0.7283653846153846 0.7692307692307693 0.08173076923076923 0.04326923076923077
1 0.7379807692307693 0.890625 0.07211538461538461 0.038461538461538464
1 0.6550480769230769 0.8990384615384616 0.0625 0.038461538461538464
1 0.5192307692307693 0.8509615384615384 0.038461538461538464 0.052884615384615384
1 0.5769230769230769 0.7391826923076923 0.04807692307692308 0.040865384615384616
0 0.6177884615384616 0.8016826923076923 0.11057692307692307 0.0673076923076923
0 0.7536057692307693 0.5480769230769231 0.07211538461538461 0.08173076923076923