0 0.42788461538461536 0.08052884615384616 0.07692307692307693 0.16105769230769232
0 0.2536057692307692 0.15504807692307693 0.12259615384615384 0.2956730769230769
1 0.013221153846153846 0.16346153846153846 0.026442307692307692 0.12980769230769232
1 0.5132211538461539 0.3641826923076923 0.06971153846153846 0.10817307692307693
1 0.13221153846153846 0.3473557692307692 0.09615384615384616 0.14423076923076922
1 0.5204326923076923 0.1778846153846154 0.055288461538461536 0.11538461538461539
0 0.9807692307692307 0.24519230769230768 0.038461538461538464 0.12980769230769232
0 0.33653846153846156 0.9807692307692307 0.09615384615384616 0.038461538461538464
0 0.5060096153846154 0.96875 0.08413461538461539 0.0625
0 0.18629807692307693 0.7175480769230769 0.11778846153846154 0.27403846153846156
0 0.3473557692307692 0.6081730769230769 0.07211538461538461 0.21634615384615385
0 0.23317307692307693 0.5048076923076923 0.14423076923076922 0.12980769230769232
1 0.43149038461538464 0.9134615384615384 0.07211538461538461 0.10336538461538461
1 0.45072115384615385 0.7247596153846154 0.0673076923076923 0.12740384615384615
1 0.5336538461538461 0.6670673076923077 0.028846153846153848 0.17067307692307693
1 0.515625 0.4723557692307692 0.06490384615384616 0.06490384615384616
1 0.8173076923076923 0.9663461538461539 0.04326923076923077 0.0673076923076923
1 0.6658653846153846 0.9350961538461539 0.052884615384615384 0.09134615384615384