1 0.9651442307692307 0.1346153846153846 0.06971153846153846 0.04807692307692308
1 0.890625 0.19591346153846154 0.07451923076923077 0.038461538461538464
1 0.765625 0.27884615384615385 0.07211538461538461 0.04326923076923077
1 0.6262019230769231 0.3449519230769231 0.0673076923076923 0.040865384615384616
1 0.6346153846153846 0.2512019230769231 0.08173076923076923 0.04807692307692308
1 0.640625 0.14543269230769232 0.08653846153846154 0.04567307692307692
1 0.6598557692307693 0.05889423076923077 0.07692307692307693 0.04326923076923077
1 0.6550480769230769 0.019230769230769232 0.07932692307692307 0.03365384615384615
1 0.7728365384615384 0.013221153846153846 0.06971153846153846 0.026442307692307692
1 0.7932692307692307 0.10697115384615384 0.0673076923076923 0.038461538461538464
1 0.9086538461538461 0.06971153846153846 0.11298076923076923 0.052884615384615384
1 0.5360576923076923 0.08653846153846154 0.06971153846153846 0.04326923076923077
0 0.7103365384615384 0.20793269230769232 0.15384615384615385 0.03125
0 0.8894230769230769 0.234375 0.13221153846153846 0.040865384615384616
0 0.41586538461538464 0.9038461538461539 0.04807692307692308 0.08653846153846154
0 0.2860576923076923 0.9663461538461539 0.11057692307692307 0.057692307692307696
0 0.14903846153846154 0.9567307692307693 0.10336538461538461 0.052884615384615384
0 0.0625 0.8629807692307693 0.125 0.052884615384615384
0 0.11899038461538461 0.7355769230769231 0.07211538461538461 0.06971153846153846
0 0.3245192307692308 0.7055288461538461 0.15144230769230768 0.0985576923076923
1 0.7824519230769231 0.7956730769230769 0.09134615384615384 0.0625
1 0.8185096153846154 0.6670673076923077 0.07932692307692307 0.04326923076923077
0 0.9014423076923077 0.5697115384615384 0.14903846153846154 0.02403846153846154