1 0.44350961538461536 0.04326923076923077 0.0889423076923077 0.0625
1 0.4483173076923077 0.16346153846153846 0.07932692307692307 0.07211538461538461
1 0.2800480769230769 0.12259615384615384 0.15384615384615385 0.09134615384615384
1 0.24759615384615385 0.010817307692307692 0.12980769230769232 0.021634615384615384
1 0.0673076923076923 0.09134615384615384 0.1346153846153846 0.10096153846153846
0 0.4639423076923077 0.3245192307692308 0.04807692307692308 0.07692307692307693
0 0.34134615384615385 0.38461538461538464 0.16826923076923078 0.08653846153846154
0 0.1466346153846154 0.38221153846153844 0.1778846153846154 0.09134615384615384
0 0.35216346153846156 0.2860576923076923 0.12980769230769232 0.11057692307692307
0 0.24158653846153846 0.24639423076923078 0.125 0.11538461538461539
0 0.6286057692307693 0.39903846153846156 0.1466346153846154 0.057692307692307696
1 0.984375 0.1622596153846154 0.03125 0.06490384615384616
1 0.8485576923076923 0.22235576923076922 0.125 0.07211538461538461
1 0.8701923076923077 0.3473557692307692 0.11538461538461539 0.0625
1 0.7680288461538461 0.09134615384615384 0.13942307692307693 0.08653846153846154
1 0.640625 0.171875 0.12740384615384615 0.06490384615384616
1 0.6574519230769231 0.3016826923076923 0.1658653846153846 0.07692307692307693
1 0.46634615384615385 0.8846153846153846 0.04326923076923077 0.0673076923076923
1 0.328125 0.8004807692307693 0.0985576923076923 0.057692307692307696
1 0.43990384615384615 0.5276442307692307 0.09615384615384616 0.09375
1 0.19110576923076922 0.6550480769230769 0.1346153846153846 0.07211538461538461
1 0.1875 0.7680288461538461 0.0985576923076923 0.07211538461538461
1 0.06009615384615385 0.6574519230769231 0.1201923076923077 0.06971153846153846
1 0.05889423076923077 0.5048076923076923 0.11778846153846154 0.07692307692307693
1 0.0829326923076923 0.9326923076923077 0.1201923076923077 0.0625
1 0.7944711538461539 0.5997596153846154 0.10096153846153846 0.06490384615384616
1 0.6875 0.6550480769230769 0.07692307692307693 0.038461538461538464
1 0.6418269230769231 0.8076923076923077 0.1201923076923077 0.05048076923076923