1 0.31490384615384615 0.4170673076923077 0.10096153846153846 0.06009615384615385
1 0.3449519230769231 0.34375 0.14423076923076922 0.0625
0 0.9302884615384616 0.33413461538461536 0.10576923076923077 0.08173076923076923
0 0.20072115384615385 0.5901442307692307 0.2644230769230769 0.11538461538461539
0 0.10697115384615384 0.7620192307692307 0.20192307692307693 0.08413461538461539
1 0.4014423076923077 0.8473557692307693 0.10576923076923077 0.0673076923076923
1 0.21754807692307693 0.8653846153846154 0.11538461538461539 0.057692307692307696
1 0.15865384615384615 0.9711538461538461 0.12980769230769232 0.057692307692307696
1 0.8834134615384616 0.8762019230769231 0.10096153846153846 0.08173076923076923
1 0.7043269230769231 0.9026442307692307 0.125 0.0673076923076923
1 0.6346153846153846 0.9879807692307693 0.14903846153846154 0.02403846153846154
1 0.8762019230769231 0.5408653846153846 0.16105769230769232 0.02403846153846154
0 0.5564903846153846 0.7716346153846154 0.11298076923076923 0.0673076923076923
0 0.49278846153846156 0.6610576923076923 0.0673076923076923 0.11057692307692307
0 0.9639423076923077 0.6610576923076923 0.07211538461538461 0.10096153846153846