0 0.3858173076923077 0.8197115384615384 0.055288461538461536 0.125
0 0.3293269230769231 0.5036057692307693 0.08653846153846154 0.12740384615384615
0 0.3293269230769231 0.6394230769230769 0.04807692307692308 0.08653846153846154
0 0.27163461538461536 0.7103365384615384 0.036057692307692304 0.07211538461538461
0 0.23317307692307693 0.7884615384615384 0.038461538461538464 0.06971153846153846
0 0.32091346153846156 0.9038461538461539 0.036057692307692304 0.055288461538461536
0 0.19831730769230768 0.9290865384615384 0.0673076923076923 0.11057692307692307
1 0.09254807692307693 0.8413461538461539 0.057692307692307696 0.08173076923076923
1 0.171875 0.8209134615384616 0.052884615384615384 0.0673076923076923
1 0.140625 0.7319711538461539 0.036057692307692304 0.0625
1 0.16706730769230768 0.5901442307692307 0.04567307692307692 0.07692307692307693
1 0.23076923076923078 0.4795673076923077 0.052884615384615384 0.07932692307692307
1 0.29927884615384615 0.7848557692307693 0.036057692307692304 0.0625
1 0.36177884615384615 0.7247596153846154 0.04326923076923077 0.07692307692307693