0 0.43990384615384615 0.17427884615384615 0.02403846153846154 0.05048076923076923
0 0.6189903846153846 0.3161057692307692 0.14423076923076922 0.08173076923076923
0 0.7728365384615384 0.23557692307692307 0.10817307692307693 0.0673076923076923
0 0.5673076923076923 0.03245192307692308 0.1971153846153846 0.06490384615384616
0 0.8125 0.014423076923076924 0.12980769230769232 0.028846153846153848
0 0.8930288461538461 0.11538461538461539 0.07692307692307693 0.052884615384615384
1 0.042067307692307696 0.44350961538461536 0.08413461538461539 0.06009615384615385
1 0.1875 0.4206730769230769 0.10576923076923077 0.02403846153846154
1 0.3173076923076923 0.41586538461538464 0.08653846153846154 0.014423076923076924
1 0.19591346153846154 0.48677884615384615 0.10576923076923077 0.057692307692307696
1 0.13822115384615385 0.5745192307692307 0.07451923076923077 0.04807692307692308
1 0.10817307692307693 0.6298076923076923 0.07932692307692307 0.04326923076923077
1 0.24759615384615385 0.5576923076923077 0.1346153846153846 0.04567307692307692
1 0.3269230769230769 0.5949519230769231 0.07211538461538461 0.04326923076923077
1 0.40865384615384615 0.6105769230769231 0.038461538461538464 0.0625
1 0.3870192307692308 0.5336538461538461 0.08173076923076923 0.0625
1 0.40024038461538464 0.4735576923076923 0.055288461538461536 0.04807692307692308
1 0.39302884615384615 0.43028846153846156 0.06971153846153846 0.04326923076923077
1 0.5516826923076923 0.4423076923076923 0.11057692307692307 0.06009615384615385
1 0.7439903846153846 0.44591346153846156 0.10817307692307693 0.0625