1 0.42788461538461536 0.5853365384615384 0.08653846153846154 0.06490384615384616
1 0.4110576923076923 0.46033653846153844 0.07211538461538461 0.125
1 0.234375 0.4266826923076923 0.07211538461538461 0.13701923076923078
1 0.13581730769230768 0.3233173076923077 0.05048076923076923 0.10096153846153846
1 0.09615384615384616 0.5264423076923077 0.0625 0.11057692307692307
1 0.11538461538461539 0.11177884615384616 0.07451923076923077 0.125
1 0.19831730769230768 0.1658653846153846 0.057692307692307696 0.11057692307692307
1 0.3016826923076923 0.27884615384615385 0.08413461538461539 0.125
1 0.31850961538461536 0.038461538461538464 0.0889423076923077 0.07692307692307693
0 0.6141826923076923 0.09254807692307693 0.07932692307692307 0.18509615384615385
0 0.8088942307692307 0.38221153846153844 0.09134615384615384 0.17307692307692307
0 0.7463942307692307 0.1971153846153846 0.13942307692307693 0.21153846153846154
1 0.7524038461538461 0.5697115384615384 0.07692307692307693 0.09615384615384616
1 0.6622596153846154 0.4735576923076923 0.08173076923076923 0.15625
1 0.5661057692307693 0.3870192307692308 0.09134615384615384 0.125
1 0.984375 0.5216346153846154 0.03125 0.1346153846153846
1 0.8305288461538461 0.5240384615384616 0.057692307692307696 0.10576923076923077
1 0.9086538461538461 0.4699519230769231 0.0625 0.125
1 0.9230769230769231 0.296875 0.09134615384615384 0.15384615384615385
1 0.9507211538461539 0.12740384615384615 0.0673076923076923 0.11538461538461539
1 0.8052884615384616 0.10336538461538461 0.07692307692307693 0.125
1 0.9891826923076923 0.35096153846153844 0.021634615384615384 0.15865384615384615
0 0.3317307692307692 0.7079326923076923 0.0625 0.11538461538461539