1 0.35697115384615385 0.13341346153846154 0.038461538461538464 0.057692307692307696
1 0.4074519230769231 0.20793269230769232 0.04807692307692308 0.07211538461538461
1 0.35336538461538464 0.3016826923076923 0.04326923076923077 0.08173076923076923
1 0.38461538461538464 0.42427884615384615 0.040865384615384616 0.07692307692307693
1 0.36177884615384615 0.5576923076923077 0.038461538461538464 0.06971153846153846
1 0.2980769230769231 0.44591346153846156 0.057692307692307696 0.09615384615384616
1 0.296875 0.23076923076923078 0.03365384615384615 0.0673076923076923
1 0.24879807692307693 0.1778846153846154 0.036057692307692304 0.057692307692307696
1 0.265625 0.3425480769230769 0.03365384615384615 0.0625
1 0.17548076923076922 0.32091346153846156 0.038461538461538464 0.0673076923076923
0 0.7560096153846154 0.12740384615384615 0.125 0.23076923076923078
0 0.8137019230769231 0.36177884615384615 0.10576923076923077 0.15384615384615385
0 0.8341346153846154 0.5612980769230769 0.11778846153846154 0.14903846153846154
0 0.6322115384615384 0.4567307692307692 0.07451923076923077 0.20673076923076922
0 0.5372596153846154 0.4855769230769231 0.036057692307692304 0.23076923076923078
0 0.5757211538461539 0.13942307692307693 0.11298076923076923 0.2644230769230769
0 0.6742788461538461 0.6358173076923077 0.13701923076923078 0.1658653846153846
0 0.036057692307692304 0.7836538461538461 0.0673076923076923 0.1201923076923077
0 0.6298076923076923 0.9639423076923077 0.08653846153846154 0.07211538461538461