1 0.037259615384615384 0.44591346153846156 0.07451923076923077 0.06009615384615385
1 0.039663461538461536 0.36778846153846156 0.07932692307692307 0.04807692307692308
1 0.10697115384615384 0.3485576923076923 0.07692307692307693 0.04567307692307692
1 0.14423076923076922 0.3762019230769231 0.0673076923076923 0.038461538461538464
1 0.16706730769230768 0.4519230769230769 0.07211538461538461 0.0673076923076923
1 0.16466346153846154 0.4891826923076923 0.10817307692307693 0.021634615384615384
1 0.27403846153846156 0.4699519230769231 0.07451923076923077 0.04326923076923077
1 0.3401442307692308 0.3545673076923077 0.10096153846153846 0.057692307692307696
1 0.4338942307692308 0.47115384615384615 0.07692307692307693 0.04567307692307692
0 0.13581730769230768 0.7331730769230769 0.07692307692307693 0.07692307692307693
1 0.6358173076923077 0.6081730769230769 0.055288461538461536 0.057692307692307696
1 0.7007211538461539 0.7283653846153846 0.08653846153846154 0.052884615384615384