0 0.34975961538461536 0.5372596153846154 0.07932692307692307 0.07932692307692307
0 0.18269230769230768 0.5 0.08173076923076923 0.0889423076923077
0 0.8521634615384616 0.3293269230769231 0.0673076923076923 0.028846153846153848
0 0.8545673076923077 0.44471153846153844 0.16346153846153846 0.07692307692307693
0 0.7007211538461539 0.4182692307692308 0.07211538461538461 0.07211538461538461
0 0.6875 0.25841346153846156 0.07211538461538461 0.04807692307692308
0 0.515625 0.36658653846153844 0.052884615384615384 0.028846153846153848
0 0.4831730769230769 0.453125 0.08173076923076923 0.052884615384615384
0 0.4326923076923077 0.29086538461538464 0.08653846153846154 0.057692307692307696
0 0.3713942307692308 0.7319711538461539 0.036057692307692304 0.07451923076923077
0 0.31850961538461536 0.7475961538461539 0.09134615384615384 0.08653846153846154
0 0.8629807692307693 0.6502403846153846 0.12980769230769232 0.06490384615384616