0 0.1778846153846154 0.25240384615384615 0.125 0.04567307692307692
0 0.03365384615384615 0.17067307692307693 0.0673076923076923 0.057692307692307696
0 0.14302884615384615 0.13942307692307693 0.10336538461538461 0.057692307692307696
0 0.23557692307692307 0.1201923076923077 0.08653846153846154 0.055288461538461536
0 0.13942307692307693 0.056490384615384616 0.125 0.02403846153846154
0 0.3161057692307692 0.18028846153846154 0.06490384615384616 0.07211538461538461
1 0.03245192307692308 0.22235576923076922 0.06490384615384616 0.05048076923076923
1 0.13341346153846154 0.01201923076923077 0.06971153846153846 0.02403846153846154
1 0.030048076923076924 0.04927884615384615 0.06009615384615385 0.055288461538461536
1 0.29927884615384615 0.021634615384615384 0.08413461538461539 0.04326923076923077
1 0.10817307692307693 0.20072115384615385 0.0625 0.038461538461538464
1 0.6081730769230769 0.12740384615384615 0.10576923076923077 0.04326923076923077
1 0.734375 0.3125 0.09375 0.028846153846153848
1 0.016826923076923076 0.8677884615384616 0.03365384615384615 0.057692307692307696
0 0.8701923076923077 0.9747596153846154 0.14423076923076922 0.05048076923076923
0 0.7259615384615384 0.984375 0.08653846153846154 0.03125
0 0.6550480769230769 0.9350961538461539 0.07211538461538461 0.036057692307692304
0 0.5769230769230769 0.8966346153846154 0.06971153846153846 0.038461538461538464
0 0.46033653846153844 0.9831730769230769 0.055288461538461536 0.03365384615384615
0 0.4362980769230769 0.8617788461538461 0.11057692307692307 0.0673076923076923
1 0.5240384615384616 0.7560096153846154 0.08173076923076923 0.057692307692307696
1 0.5444711538461539 0.8353365384615384 0.0673076923076923 0.052884615384615384
1 0.6334134615384616 0.8040865384615384 0.0625 0.036057692307692304
1 0.7752403846153846 0.8305288461538461 0.07692307692307693 0.04567307692307692
1 0.8930288461538461 0.8954326923076923 0.09615384615384616 0.052884615384615384
1 0.5805288461538461 0.9627403846153846 0.0625 0.036057692307692304