1 0.4651442307692308 0.06610576923076923 0.05048076923076923 0.08774038461538461
1 0.546875 0.12379807692307693 0.04927884615384615 0.0985576923076923
1 0.6081730769230769 0.20673076923076922 0.039663461538461536 0.078125
1 0.6850961538461539 0.3293269230769231 0.039663461538461536 0.0829326923076923
1 0.7524038461538461 0.49038461538461536 0.05048076923076923 0.10096153846153846
1 0.65625 0.47115384615384615 0.0673076923076923 0.0889423076923077
1 0.4891826923076923 0.5661057692307693 0.052884615384615384 0.08052884615384616
1 0.5504807692307693 0.46274038461538464 0.054086538461538464 0.11177884615384616
1 0.47115384615384615 0.44591346153846156 0.051682692307692304 0.11298076923076923
1 0.42427884615384615 0.4326923076923077 0.04326923076923077 0.07572115384615384
1 0.5180288461538461 0.3004807692307692 0.04807692307692308 0.0829326923076923
1 0.41225961538461536 0.3137019230769231 0.051682692307692304 0.078125
1 0.3485576923076923 0.12740384615384615 0.06490384615384616 0.0985576923076923
1 0.3137019230769231 0.32211538461538464 0.04326923076923077 0.08653846153846154
1 0.27163461538461536 0.20793269230769232 0.057692307692307696 0.09375
0 0.2283653846153846 0.1502403846153846 0.09495192307692307 0.07692307692307693
0 0.6442307692307693 0.21394230769230768 0.04807692307692308 0.1310096153846154
0 0.6141826923076923 0.3858173076923077 0.03125 0.14903846153846154
0 0.38221153846153844 0.6622596153846154 0.078125 0.1141826923076923