0 0.4963942307692308 0.09975961538461539 0.11538461538461539 0.06009615384615385
0 0.5252403846153846 0.25841346153846156 0.11538461538461539 0.04326923076923077
0 0.5420673076923077 0.3701923076923077 0.08653846153846154 0.0673076923076923
0 0.6201923076923077 0.13221153846153846 0.09615384615384616 0.08173076923076923
1 0.9759615384615384 0.2860576923076923 0.04807692307692308 0.052884615384615384
1 0.9735576923076923 0.3870192307692308 0.052884615384615384 0.04807692307692308
0 0.4170673076923077 0.7512019230769231 0.13942307692307693 0.04807692307692308
0 0.43990384615384615 0.8689903846153846 0.09134615384615384 0.07211538461538461
0 0.5420673076923077 0.6346153846153846 0.14423076923076922 0.07692307692307693
0 0.4050480769230769 0.5973557692307693 0.12740384615384615 0.055288461538461536
0 0.8028846153846154 0.9242788461538461 0.12740384615384615 0.08653846153846154