0 0.2848557692307692 0.3389423076923077 0.10817307692307693 0.09134615384615384
1 0.8329326923076923 0.265625 0.14423076923076922 0.0673076923076923
1 0.7572115384615384 0.41346153846153844 0.11538461538461539 0.0673076923076923
1 0.5384615384615384 0.3293269230769231 0.12740384615384615 0.0625
1 0.9831730769230769 0.8185096153846154 0.03365384615384615 0.05048076923076923
1 0.8858173076923077 0.9014423076923077 0.0673076923076923 0.04807692307692308
1 0.7427884615384616 0.9627403846153846 0.08173076923076923 0.057692307692307696
1 0.7560096153846154 0.8713942307692307 0.0889423076923077 0.057692307692307696
1 0.7584134615384616 0.765625 0.10336538461538461 0.052884615384615384
1 0.7836538461538461 0.6814903846153846 0.09375 0.052884615384615384
1 0.9194711538461539 0.7283653846153846 0.08173076923076923 0.05048076923076923
1 0.9050480769230769 0.6213942307692307 0.0889423076923077 0.04567307692307692
1 0.7884615384615384 0.6358173076923077 0.0673076923076923 0.03365384615384615
1 0.6574519230769231 0.7043269230769231 0.08173076923076923 0.04567307692307692
0 0.5612980769230769 0.6129807692307693 0.15625 0.04807692307692308
0 0.9723557692307693 0.8581730769230769 0.055288461538461536 0.052884615384615384
0 0.8413461538461539 0.8317307692307693 0.1346153846153846 0.038461538461538464