1 0.15865384615384615 0.010817307692307692 0.1201923076923077 0.021634615384615384
1 0.16466346153846154 0.17668269230769232 0.11298076923076923 0.06009615384615385
1 0.11778846153846154 0.35096153846153844 0.125 0.07211538461538461
1 0.44471153846153844 0.3137019230769231 0.14903846153846154 0.09375
1 0.021634615384615384 0.10336538461538461 0.04326923076923077 0.08173076923076923
0 0.4651442307692308 0.18269230769230768 0.09615384615384616 0.1201923076923077
0 0.3016826923076923 0.22956730769230768 0.18509615384615385 0.08173076923076923
0 0.47836538461538464 0.4723557692307692 0.2932692307692308 0.12740384615384615
1 0.1310096153846154 0.47475961538461536 0.18269230769230768 0.10096153846153846
1 0.8653846153846154 0.018028846153846152 0.11057692307692307 0.036057692307692304
1 0.22956730769230768 0.8149038461538461 0.09134615384615384 0.04326923076923077
1 0.1971153846153846 0.8521634615384616 0.07692307692307693 0.04326923076923077
1 0.1622596153846154 0.890625 0.08173076923076923 0.04567307692307692
1 0.2848557692307692 0.8665865384615384 0.07932692307692307 0.04807692307692308
1 0.24158653846153846 0.9002403846153846 0.07211538461538461 0.04807692307692308