0 0.33413461538461536 0.2283653846153846 0.04567307692307692 0.125
0 0.25240384615384615 0.05889423076923077 0.057692307692307696 0.11778846153846154
0 0.22115384615384615 0.1935096153846154 0.057692307692307696 0.10336538461538461
0 0.20192307692307693 0.2860576923076923 0.055288461538461536 0.08653846153846154
0 0.13822115384615385 0.18990384615384615 0.02403846153846154 0.125
1 0.30528846153846156 0.07451923076923077 0.05048076923076923 0.08173076923076923
1 0.025240384615384616 0.0625 0.05048076923076923 0.08173076923076923
1 0.08774038461538461 0.18509615384615385 0.038461538461538464 0.06971153846153846
1 0.1310096153846154 0.07451923076923077 0.055288461538461536 0.07211538461538461
1 0.09975961538461539 0.3329326923076923 0.05048076923076923 0.05048076923076923
1 0.2824519230769231 0.15865384615384615 0.038461538461538464 0.0625
1 0.7295673076923077 0.03365384615384615 0.040865384615384616 0.0673076923076923
1 0.5552884615384616 0.015625 0.03365384615384615 0.03125
1 0.5228365384615384 0.13942307692307693 0.026442307692307692 0.09134615384615384
1 0.5949519230769231 0.15745192307692307 0.04807692307692308 0.0889423076923077
1 0.7007211538461539 0.15745192307692307 0.052884615384615384 0.09134615384615384
1 0.796875 0.17067307692307693 0.040865384615384616 0.07451923076923077
1 0.5372596153846154 0.25240384615384615 0.04326923076923077 0.08653846153846154
0 0.6586538461538461 0.08052884615384616 0.036057692307692304 0.13942307692307693
0 0.3088942307692308 0.49278846153846156 0.08173076923076923 0.08173076923076923
0 0.078125 0.46033653846153844 0.057692307692307696 0.13942307692307693
0 0.036057692307692304 0.6262019230769231 0.07211538461538461 0.0985576923076923
0 0.10336538461538461 0.8137019230769231 0.08413461538461539 0.0889423076923077
1 0.65625 0.4230769230769231 0.057692307692307696 0.11538461538461539
1 0.8497596153846154 0.5480769230769231 0.028846153846153848 0.07692307692307693