1 0.23677884615384615 0.24759615384615385 0.04326923076923077 0.08413461538461539
1 0.26802884615384615 0.2776442307692308 0.04567307692307692 0.040865384615384616
1 0.31490384615384615 0.25600961538461536 0.04807692307692308 0.07211538461538461
1 0.2824519230769231 0.2127403846153846 0.04326923076923077 0.08173076923076923
1 0.6694711538461539 0.09495192307692307 0.0673076923076923 0.09134615384615384
1 0.7728365384615384 0.12620192307692307 0.0625 0.18269230769230768
1 0.8245192307692307 0.24639423076923078 0.0625 0.07692307692307693
1 0.7283653846153846 0.2512019230769231 0.11538461538461539 0.09375
1 0.6382211538461539 0.23918269230769232 0.04326923076923077 0.11538461538461539
1 0.5564903846153846 0.23317307692307693 0.07451923076923077 0.12980769230769232
1 0.3737980769230769 0.5865384615384616 0.06971153846153846 0.1346153846153846
1 0.22716346153846154 0.5649038461538461 0.09134615384615384 0.14423076923076922
1 0.38100961538461536 0.36177884615384615 0.055288461538461536 0.11778846153846154
1 0.30528846153846156 0.7884615384615384 0.08413461538461539 0.125
1 0.8221153846153846 0.45072115384615385 0.0673076923076923 0.10817307692307693
1 0.7391826923076923 0.6358173076923077 0.0625 0.10576923076923077
1 0.5997596153846154 0.6033653846153846 0.08653846153846154 0.10336538461538461
1 0.49759615384615385 0.7247596153846154 0.10576923076923077 0.11057692307692307
1 0.5901442307692307 0.84375 0.08653846153846154 0.11057692307692307
1 0.49399038461538464 0.9447115384615384 0.08653846153846154 0.10096153846153846
1 0.6346153846153846 0.9747596153846154 0.04807692307692308 0.05048076923076923
1 0.7115384615384616 0.7896634615384616 0.052884615384615384 0.11538461538461539
1 0.8737980769230769 0.8858173076923077 0.06009615384615385 0.10336538461538461