1 0.5204326923076923 0.38822115384615385 0.07451923076923077 0.08413461538461539
1 0.21995192307692307 0.43509615384615385 0.1346153846153846 0.08173076923076923
1 0.2536057692307692 0.2536057692307692 0.11538461538461539 0.0673076923076923
1 0.25721153846153844 0.06129807692307692 0.10576923076923077 0.0889423076923077
1 0.07091346153846154 0.17548076923076922 0.14182692307692307 0.08653846153846154
0 0.32572115384615385 0.1622596153846154 0.15865384615384615 0.10096153846153846
0 0.5360576923076923 0.2548076923076923 0.04326923076923077 0.125
0 0.4014423076923077 0.3016826923076923 0.19230769230769232 0.07211538461538461
0 0.026442307692307692 0.44471153846153844 0.052884615384615384 0.12980769230769232
0 0.052884615384615384 0.27283653846153844 0.10576923076923077 0.0985576923076923
1 0.21995192307692307 0.7944711538461539 0.08173076923076923 0.04807692307692308
0 0.9747596153846154 0.6225961538461539 0.05048076923076923 0.07211538461538461