1 0.6622596153846154 0.2091346153846154 0.06850961538461539 0.1502403846153846
1 0.5372596153846154 0.16346153846153846 0.09975961538461539 0.09975961538461539
1 0.4170673076923077 0.1310096153846154 0.06009615384615385 0.13221153846153846
1 0.3125 0.24278846153846154 0.05889423076923077 0.17427884615384615
1 0.39903846153846156 0.2980769230769231 0.0673076923076923 0.10697115384615384
1 0.49399038461538464 0.33653846153846156 0.078125 0.17668269230769232
1 0.5865384615384616 0.296875 0.051682692307692304 0.09735576923076923
1 0.6310096153846154 0.4879807692307692 0.05889423076923077 0.0985576923076923
1 0.5264423076923077 0.5252403846153846 0.06610576923076923 0.06850961538461539
1 0.4338942307692308 0.4951923076923077 0.08533653846153846 0.1141826923076923
1 0.22355769230769232 0.3870192307692308 0.0733173076923077 0.13221153846153846
1 0.33533653846153844 0.5564903846153846 0.06370192307692307 0.09375
1 0.46875 0.6153846153846154 0.0625 0.08653846153846154
1 0.6033653846153846 0.6826923076923077 0.04447115384615385 0.15384615384615385