1 0.15144230769230768 0.4362980769230769 0.052884615384615384 0.06490384615384616
1 0.21634615384615385 0.36778846153846156 0.038461538461538464 0.07211538461538461
1 0.08173076923076923 0.38341346153846156 0.057692307692307696 0.10336538461538461
1 0.02283653846153846 0.2536057692307692 0.038461538461538464 0.0673076923076923
1 0.12740384615384615 0.2704326923076923 0.038461538461538464 0.0673076923076923
1 0.2956730769230769 0.2439903846153846 0.038461538461538464 0.07451923076923077
1 0.36658653846153844 0.10817307692307693 0.038461538461538464 0.06971153846153846
1 0.2692307692307692 0.1141826923076923 0.04807692307692308 0.09615384615384616
1 0.16346153846153846 0.11177884615384616 0.05048076923076923 0.0985576923076923
1 0.1045673076923077 0.021634615384615384 0.05048076923076923 0.04326923076923077
1 0.08052884615384616 0.13221153846153846 0.052884615384615384 0.07932692307692307
1 0.03485576923076923 0.12980769230769232 0.038461538461538464 0.08653846153846154
0 0.2512019230769231 0.36899038461538464 0.04807692307692308 0.12740384615384615
0 0.22355769230769232 0.1935096153846154 0.038461538461538464 0.13942307692307693
0 0.8497596153846154 0.39903846153846156 0.055288461538461536 0.13942307692307693
1 0.7944711538461539 0.9314903846153846 0.052884615384615384 0.125
1 0.8786057692307693 0.8389423076923077 0.057692307692307696 0.12740384615384615
1 0.9507211538461539 0.6550480769230769 0.06009615384615385 0.11057692307692307