1 0.5060096153846154 0.12740384615384615 0.057692307692307696 0.1201923076923077
1 0.4362980769230769 0.0625 0.06490384615384616 0.10576923076923077
0 0.6418269230769231 0.007211538461538462 0.028846153846153848 0.014423076923076924
0 0.5637019230769231 0.13221153846153846 0.05048076923076923 0.07211538461538461
0 0.7127403846153846 0.1466346153846154 0.04807692307692308 0.07211538461538461
0 0.6045673076923077 0.31850961538461536 0.028846153846153848 0.052884615384615384
0 0.6802884615384616 0.40625 0.057692307692307696 0.09615384615384616
1 0.4651442307692308 0.7644230769230769 0.0625 0.10576923076923077
1 0.5180288461538461 0.9603365384615384 0.040865384615384616 0.07932692307692307
1 0.4735576923076923 0.9543269230769231 0.057692307692307696 0.09134615384615384
1 0.8052884615384616 0.5492788461538461 0.04326923076923077 0.021634615384615384
1 0.8533653846153846 0.546875 0.04326923076923077 0.016826923076923076