1 0.6598557692307693 0.47716346153846156 0.06009615384615385 0.10336538461538461
1 0.609375 0.4795673076923077 0.057692307692307696 0.07932692307692307
1 0.5456730769230769 0.484375 0.057692307692307696 0.0889423076923077
1 0.47115384615384615 0.44711538461538464 0.06490384615384616 0.10576923076923077
1 0.37259615384615385 0.4375 0.05048076923076923 0.07692307692307693
1 0.9675480769230769 0.17427884615384615 0.057692307692307696 0.09615384615384616
1 0.7091346153846154 0.8942307692307693 0.057692307692307696 0.10576923076923077
1 0.6730769230769231 0.8052884615384616 0.04807692307692308 0.07932692307692307
1 0.6382211538461539 0.8377403846153846 0.04326923076923077 0.07692307692307693
1 0.5901442307692307 0.8798076923076923 0.0625 0.0985576923076923
1 0.5673076923076923 0.9579326923076923 0.0625 0.08413461538461539
1 0.5384615384615384 0.90625 0.055288461538461536 0.09615384615384616
1 0.48677884615384615 0.8978365384615384 0.0673076923076923 0.0673076923076923
1 0.3762019230769231 0.9555288461538461 0.04326923076923077 0.07692307692307693
1 0.4050480769230769 0.9146634615384616 0.04326923076923077 0.08413461538461539
1 0.5 0.7896634615384616 0.04807692307692308 0.07451923076923077
1 0.5012019230769231 0.6298076923076923 0.04807692307692308 0.07932692307692307
1 0.38461538461538464 0.7223557692307693 0.06009615384615385 0.09615384615384616
1 0.9891826923076923 0.6646634615384616 0.021634615384615384 0.07932692307692307
1 0.9867788461538461 0.5793269230769231 0.026442307692307692 0.08173076923076923