0 0.036057692307692304 0.2980769230769231 0.07211538461538461 0.0625
0 0.14543269230769232 0.3545673076923077 0.057692307692307696 0.028846153846153848
0 0.18028846153846154 0.43990384615384615 0.10096153846153846 0.052884615384615384
0 0.24278846153846154 0.2764423076923077 0.09134615384615384 0.04807692307692308
1 0.42908653846153844 0.42788461538461536 0.040865384615384616 0.04326923076923077
1 0.4423076923076923 0.39783653846153844 0.0673076923076923 0.040865384615384616
1 0.46634615384615385 0.3245192307692308 0.0625 0.07211538461538461
1 0.42788461538461536 0.23317307692307693 0.038461538461538464 0.057692307692307696
1 0.47475961538461536 0.09735576923076923 0.10336538461538461 0.07692307692307693
1 0.5552884615384616 0.12620192307692307 0.09134615384615384 0.04807692307692308
1 0.5252403846153846 0.16466346153846154 0.09615384615384616 0.040865384615384616
1 0.4831730769230769 0.21153846153846154 0.09134615384615384 0.06009615384615385
1 0.4651442307692308 0.2668269230769231 0.08653846153846154 0.057692307692307696
1 0.5757211538461539 0.3016826923076923 0.07211538461538461 0.04567307692307692
1 0.6478365384615384 0.41947115384615385 0.10576923076923077 0.052884615384615384
1 0.7367788461538461 0.3004807692307692 0.07932692307692307 0.04326923076923077
1 0.7475961538461539 0.6911057692307693 0.09134615384615384 0.04567307692307692
1 0.7463942307692307 0.7379807692307693 0.0985576923076923 0.0625
1 0.5757211538461539 0.7800480769230769 0.07692307692307693 0.04326923076923077
1 0.47115384615384615 0.8798076923076923 0.10576923076923077 0.057692307692307696
1 0.7403846153846154 0.9927884615384616 0.09615384615384616 0.014423076923076924
1 0.8305288461538461 0.9134615384615384 0.09615384615384616 0.06009615384615385
1 0.9014423076923077 0.8942307692307693 0.08653846153846154 0.05048076923076923
1 0.8461538461538461 0.8100961538461539 0.09615384615384616 0.055288461538461536
1 0.8521634615384616 0.8617788461538461 0.08413461538461539 0.052884615384615384
1 0.7512019230769231 0.8293269230769231 0.07692307692307693 0.04567307692307692
1 0.7415865384615384 0.7824519230769231 0.08173076923076923 0.05048076923076923