1 0.32091346153846156 0.39783653846153844 0.07692307692307693 0.038461538461538464
1 0.28725961538461536 0.20673076923076922 0.10096153846153846 0.052884615384615384
1 0.4795673076923077 0.27403846153846156 0.11057692307692307 0.0625
0 0.21153846153846154 0.625 0.1346153846153846 0.052884615384615384
0 0.12620192307692307 0.7067307692307693 0.125 0.04807692307692308
0 0.13942307692307693 0.8401442307692307 0.10096153846153846 0.09615384615384616
0 0.5865384615384616 0.9651442307692307 0.057692307692307696 0.06971153846153846
0 0.7872596153846154 0.9831730769230769 0.11778846153846154 0.03365384615384615
0 0.8810096153846154 0.8762019230769231 0.09134615384615384 0.0625
0 0.7596153846153846 0.7536057692307693 0.10576923076923077 0.057692307692307696
0 0.6213942307692307 0.6790865384615384 0.12740384615384615 0.08413461538461539