0 0.40384615384615385 0.25240384615384615 0.028846153846153848 0.08173076923076923
0 0.375 0.09014423076923077 0.0673076923076923 0.1346153846153846
1 0.12980769230769232 0.1045673076923077 0.07692307692307693 0.1201923076923077
1 0.2668269230769231 0.14302884615384615 0.0625 0.11538461538461539
1 0.3076923076923077 0.30288461538461536 0.057692307692307696 0.09134615384615384
1 0.1971153846153846 0.3088942307692308 0.0673076923076923 0.07932692307692307
1 0.11298076923076923 0.3016826923076923 0.09134615384615384 0.09375
1 0.6358173076923077 0.07091346153846154 0.057692307692307696 0.13942307692307693
1 0.7572115384615384 0.057692307692307696 0.07211538461538461 0.11538461538461539
1 0.5060096153846154 0.1466346153846154 0.08173076923076923 0.14423076923076922
1 0.5853365384615384 0.2860576923076923 0.0673076923076923 0.125
1 0.7175480769230769 0.2668269230769231 0.0889423076923077 0.1466346153846154
0 0.8810096153846154 0.1971153846153846 0.11057692307692307 0.12980769230769232
0 0.8413461538461539 0.28365384615384615 0.11057692307692307 0.12740384615384615
0 0.07091346153846154 0.6033653846153846 0.1201923076923077 0.28846153846153844
1 0.19230769230769232 0.41466346153846156 0.11057692307692307 0.13221153846153846
1 0.3293269230769231 0.5997596153846154 0.0625 0.13221153846153846
1 0.2127403846153846 0.9699519230769231 0.12259615384615384 0.06009615384615385
1 0.5709134615384616 0.6430288461538461 0.04807692307692308 0.08173076923076923