0 0.1045673076923077 0.3485576923076923 0.0625 0.08653846153846154
0 0.13221153846153846 0.13581730769230768 0.09375 0.18269230769230768
0 0.6983173076923077 0.43028846153846156 0.0673076923076923 0.11538461538461539
1 0.32211538461538464 0.5036057692307693 0.07211538461538461 0.03125
1 0.38822115384615385 0.5456730769230769 0.055288461538461536 0.10576923076923077
1 0.43028846153846156 0.7728365384615384 0.07451923076923077 0.14423076923076922
1 0.2920673076923077 0.6550480769230769 0.07692307692307693 0.12980769230769232
1 0.21875 0.7415865384615384 0.06971153846153846 0.10336538461538461
1 0.4987980769230769 0.796875 0.021634615384615384 0.12740384615384615
1 0.3173076923076923 0.9879807692307693 0.052884615384615384 0.02403846153846154
1 0.7764423076923077 0.9086538461538461 0.04326923076923077 0.07692307692307693
1 0.5901442307692307 0.8725961538461539 0.06009615384615385 0.10096153846153846