1 0.8605769230769231 0.13341346153846154 0.057692307692307696 0.10576923076923077
1 0.8497596153846154 0.08173076923076923 0.04326923076923077 0.08173076923076923
1 0.8365384615384616 0.021634615384615384 0.0673076923076923 0.04326923076923077
1 0.6225961538461539 0.09254807692307693 0.04326923076923077 0.08653846153846154
1 0.6622596153846154 0.12860576923076922 0.052884615384615384 0.09375
1 0.6802884615384616 0.22596153846153846 0.05048076923076923 0.07451923076923077
1 0.7475961538461539 0.19831730769230768 0.052884615384615384 0.10096153846153846
1 0.7584134615384616 0.03125 0.05048076923076923 0.0625
1 0.6586538461538461 0.5552884615384616 0.04807692307692308 0.07211538461538461
1 0.6923076923076923 0.5877403846153846 0.057692307692307696 0.09134615384615384
1 0.7091346153846154 0.6826923076923077 0.04567307692307692 0.07932692307692307
1 0.78125 0.6598557692307693 0.057692307692307696 0.10096153846153846
1 0.8942307692307693 0.6009615384615384 0.06971153846153846 0.10817307692307693
1 0.8786057692307693 0.5444711538461539 0.04807692307692308 0.057692307692307696
1 0.8665865384615384 0.47836538461538464 0.06009615384615385 0.038461538461538464