1 0.13581730769230768 0.6370192307692307 0.08413461538461539 0.16346153846153846
1 0.24278846153846154 0.2512019230769231 0.052884615384615384 0.12259615384615384
1 0.07932692307692307 0.2620192307692308 0.057692307692307696 0.11538461538461539
0 0.5444711538461539 0.49038461538461536 0.055288461538461536 0.20192307692307693
0 0.7439903846153846 0.671875 0.18028846153846154 0.09375
0 0.3473557692307692 0.6105769230769231 0.10817307692307693 0.21634615384615385
0 0.5 0.05889423076923077 0.11057692307692307 0.11778846153846154
1 0.4567307692307692 0.3786057692307692 0.07211538461538461 0.10096153846153846
1 0.6418269230769231 0.2932692307692308 0.06490384615384616 0.11778846153846154
1 0.36177884615384615 0.24278846153846154 0.08653846153846154 0.13942307692307693
1 0.7932692307692307 0.9314903846153846 0.052884615384615384 0.13701923076923078