1 0.14903846153846154 0.24278846153846154 0.054086538461538464 0.07692307692307693
1 0.22716346153846154 0.09254807692307693 0.04567307692307692 0.08173076923076923
1 0.43149038461538464 0.2439903846153846 0.06610576923076923 0.11778846153846154
1 0.5024038461538461 0.2608173076923077 0.042067307692307696 0.09014423076923077
1 0.5288461538461539 0.33653846153846156 0.042067307692307696 0.06971153846153846
1 0.49759615384615385 0.36658653846153844 0.03365384615384615 0.0733173076923077
1 0.4230769230769231 0.3954326923076923 0.06490384615384616 0.0625
1 0.33533653846153844 0.3269230769230769 0.057692307692307696 0.09014423076923077
1 0.19471153846153846 0.4014423076923077 0.06009615384615385 0.11177884615384616
1 0.23076923076923078 0.4879807692307692 0.051682692307692304 0.08533653846153846
1 0.2704326923076923 0.453125 0.052884615384615384 0.08774038461538461
1 0.3125 0.41225961538461536 0.05889423076923077 0.09975961538461539
1 0.36899038461538464 0.39663461538461536 0.057692307692307696 0.10096153846153846
1 0.4014423076923077 0.5036057692307693 0.04927884615384615 0.07572115384615384
1 0.5216346153846154 0.5709134615384616 0.052884615384615384 0.09975961538461539
1 0.40625 0.6646634615384616 0.04927884615384615 0.08052884615384616