0 0.03485576923076923 0.11778846153846154 0.06971153846153846 0.1346153846153846
0 0.028846153846153848 0.2668269230769231 0.057692307692307696 0.09134615384615384
0 0.5552884615384616 0.14182692307692307 0.014423076923076924 0.09134615384615384
0 0.640625 0.16466346153846154 0.09375 0.16346153846153846
0 0.7800480769230769 0.10216346153846154 0.0673076923076923 0.17067307692307693
0 0.796875 0.25600961538461536 0.07932692307692307 0.09134615384615384
0 0.5733173076923077 0.36778846153846156 0.05048076923076923 0.09615384615384616
0 0.9627403846153846 0.6802884615384616 0.07451923076923077 0.08173076923076923
0 0.984375 0.8858173076923077 0.03125 0.08413461538461539
0 0.8449519230769231 0.8197115384615384 0.0625 0.10817307692307693
0 0.7235576923076923 0.8834134615384616 0.04326923076923077 0.0625
0 0.6105769230769231 0.6899038461538461 0.08653846153846154 0.10096153846153846