1 0.2956730769230769 0.036057692307692304 0.08413461538461539 0.04567307692307692
1 0.25841346153846156 0.22596153846153846 0.10096153846153846 0.04807692307692308
1 0.4483173076923077 0.1622596153846154 0.1201923076923077 0.0673076923076923
0 0.7620192307692307 0.2620192307692308 0.08653846153846154 0.04807692307692308
0 0.8413461538461539 0.17067307692307693 0.13942307692307693 0.057692307692307696
0 0.7884615384615384 0.04447115384615385 0.08653846153846154 0.0625
1 0.7944711538461539 0.5961538461538461 0.07692307692307693 0.052884615384615384
1 0.8629807692307693 0.5853365384615384 0.10096153846153846 0.055288461538461536
1 0.9302884615384616 0.6105769230769231 0.08653846153846154 0.057692307692307696
1 0.9747596153846154 0.6634615384615384 0.05048076923076923 0.04807692307692308
1 0.9807692307692307 0.6225961538461539 0.038461538461538464 0.057692307692307696