0 0.25600961538461536 0.3112980769230769 0.08413461538461539 0.10817307692307693
0 0.08653846153846154 0.12139423076923077 0.17307692307692307 0.07451923076923077
0 0.09615384615384616 0.4987980769230769 0.08413461538461539 0.13942307692307693
1 0.7560096153846154 0.4963942307692308 0.07692307692307693 0.052884615384615384
1 0.8112980769230769 0.46634615384615385 0.07692307692307693 0.04326923076923077
1 0.7716346153846154 0.42788461538461536 0.07451923076923077 0.04807692307692308
1 0.6899038461538461 0.4266826923076923 0.06971153846153846 0.04326923076923077
1 0.6947115384615384 0.4723557692307692 0.08173076923076923 0.038461538461538464
0 0.27884615384615385 0.9483173076923077 0.038461538461538464 0.06490384615384616
0 0.9230769230769231 0.7620192307692307 0.15384615384615385 0.09134615384615384
0 0.6490384615384616 0.8040865384615384 0.1971153846153846 0.09134615384615384
0 0.38822115384615385 0.7355769230769231 0.18028846153846154 0.1346153846153846