1 0.2668269230769231 0.21875 0.05048076923076923 0.0889423076923077
1 0.3485576923076923 0.1310096153846154 0.052884615384615384 0.0829326923076923
1 0.46153846153846156 0.0673076923076923 0.038461538461538464 0.07451923076923077
1 0.5444711538461539 0.125 0.04567307692307692 0.09134615384615384
1 0.47716346153846156 0.18990384615384615 0.051682692307692304 0.09375
1 0.31850961538461536 0.3269230769230769 0.042067307692307696 0.06009615384615385
1 0.4110576923076923 0.32091346153846156 0.030048076923076924 0.0625
1 0.5180288461538461 0.30408653846153844 0.04326923076923077 0.06610576923076923
1 0.6045673076923077 0.2091346153846154 0.040865384615384616 0.07572115384615384
1 0.6862980769230769 0.328125 0.03485576923076923 0.07451923076923077
1 0.4266826923076923 0.4375 0.03485576923076923 0.07091346153846154
1 0.46634615384615385 0.4387019230769231 0.05048076923076923 0.0889423076923077
1 0.5552884615384616 0.46033653846153844 0.046875 0.09014423076923077
1 0.6622596153846154 0.46033653846153844 0.052884615384615384 0.08413461538461539
1 0.7536057692307693 0.47115384615384615 0.04447115384615385 0.06971153846153846
1 0.4987980769230769 0.5637019230769231 0.042067307692307696 0.07572115384615384
0 0.6165865384615384 0.38822115384615385 0.028846153846153848 0.140625
0 0.640625 0.20673076923076922 0.040865384615384616 0.12740384615384615
0 0.21754807692307693 0.16466346153846154 0.08052884615384616 0.07572115384615384
0 0.3858173076923077 0.6670673076923077 0.07091346153846154 0.10096153846153846