0 0.9759615384615384 0.15865384615384615 0.04807692307692308 0.04326923076923077
0 0.8533653846153846 0.09495192307692307 0.17307692307692307 0.08653846153846154
0 0.8329326923076923 0.1971153846153846 0.057692307692307696 0.03125
0 0.8629807692307693 0.328125 0.11538461538461539 0.0625
0 0.7115384615384616 0.3125 0.08173076923076923 0.0625
0 0.6622596153846154 0.19951923076923078 0.0625 0.04807692307692308
0 0.6322115384615384 0.08052884615384616 0.08173076923076923 0.040865384615384616
0 0.24759615384615385 0.6634615384615384 0.08173076923076923 0.04807692307692308
0 0.25 0.5793269230769231 0.08413461538461539 0.040865384615384616
0 0.9350961538461539 0.8209134615384616 0.08413461538461539 0.052884615384615384
0 0.9651442307692307 0.7355769230769231 0.06971153846153846 0.04326923076923077