0 0.31009615384615385 0.40384615384615385 0.0673076923076923 0.125
0 0.25 0.5180288461538461 0.0625 0.12980769230769232
1 0.4411057692307692 0.171875 0.026442307692307692 0.0985576923076923
1 0.4651442307692308 0.3425480769230769 0.04326923076923077 0.07692307692307693
1 0.5649038461538461 0.44711538461538464 0.057692307692307696 0.10576923076923077
1 0.6995192307692307 0.5733173076923077 0.04807692307692308 0.03125
1 0.7055288461538461 0.42908653846153844 0.06490384615384616 0.11057692307692307
1 0.71875 0.3161057692307692 0.052884615384615384 0.06490384615384616
1 0.7091346153846154 0.25600961538461536 0.052884615384615384 0.0673076923076923
1 0.7055288461538461 0.17668269230769232 0.0673076923076923 0.09615384615384616
1 0.5985576923076923 0.08774038461538461 0.06009615384615385 0.09615384615384616
1 0.578125 0.030048076923076924 0.05048076923076923 0.06009615384615385
1 0.4951923076923077 0.07211538461538461 0.055288461538461536 0.09615384615384616
1 0.546875 0.06610576923076923 0.052884615384615384 0.08413461538461539
1 0.5144230769230769 0.16706730769230768 0.04567307692307692 0.07692307692307693
1 0.4675480769230769 0.17668269230769232 0.05048076923076923 0.08173076923076923
0 0.3004807692307692 0.8966346153846154 0.06009615384615385 0.11538461538461539
0 0.29447115384615385 0.6117788461538461 0.06009615384615385 0.04567307692307692
0 0.14423076923076922 0.6658653846153846 0.09615384615384616 0.15384615384615385
0 0.8665865384615384 0.8762019230769231 0.09134615384615384 0.19230769230769232
0 0.6995192307692307 0.9639423076923077 0.09615384615384616 0.07211538461538461
0 0.6586538461538461 0.7223557692307693 0.07692307692307693 0.20673076923076922