0 0.5216346153846154 0.48197115384615385 0.028846153846153848 0.055288461538461536
0 0.6370192307692307 0.46634615384615385 0.0673076923076923 0.08653846153846154
0 0.6730769230769231 0.36778846153846156 0.052884615384615384 0.08173076923076923
0 0.6454326923076923 0.12860576923076922 0.05048076923076923 0.08653846153846154
0 0.5588942307692307 0.15745192307692307 0.028846153846153848 0.06490384615384616
0 0.5060096153846154 0.0673076923076923 0.01201923076923077 0.09615384615384616
1 0.2860576923076923 0.9170673076923077 0.07932692307692307 0.13942307692307693
1 0.4230769230769231 0.8834134615384616 0.06971153846153846 0.1201923076923077
1 0.34975961538461536 0.7980769230769231 0.057692307692307696 0.08413461538461539
1 0.44711538461538464 0.6971153846153846 0.08173076923076923 0.1346153846153846
1 0.3076923076923077 0.5793269230769231 0.06971153846153846 0.12980769230769232
1 0.21634615384615385 0.5697115384615384 0.08173076923076923 0.1201923076923077
1 0.6814903846153846 0.9711538461538461 0.036057692307692304 0.057692307692307696
1 0.7620192307692307 0.9639423076923077 0.03365384615384615 0.07211538461538461
1 0.8293269230769231 0.8918269230769231 0.04326923076923077 0.06971153846153846
1 0.8810096153846154 0.8197115384615384 0.04567307692307692 0.07211538461538461
1 0.8245192307692307 0.7307692307692307 0.04326923076923077 0.0625
1 0.8569711538461539 0.609375 0.055288461538461536 0.08173076923076923
1 0.7692307692307693 0.5913461538461539 0.057692307692307696 0.09134615384615384
1 0.7355769230769231 0.6911057692307693 0.028846153846153848 0.0625
1 0.7680288461538461 0.796875 0.038461538461538464 0.0625
1 0.71875 0.8509615384615384 0.03365384615384615 0.0625
1 0.6586538461538461 0.8353365384615384 0.03365384615384615 0.052884615384615384
1 0.6466346153846154 0.7079326923076923 0.036057692307692304 0.0673076923076923
1 0.6694711538461539 0.5540865384615384 0.04326923076923077 0.0673076923076923