1 0.19230769230769232 0.026442307692307692 0.057692307692307696 0.052884615384615384
1 0.04807692307692308 0.18389423076923078 0.0673076923076923 0.09134615384615384
1 0.140625 0.26322115384615385 0.04326923076923077 0.12740384615384615
1 0.2704326923076923 0.2512019230769231 0.07211538461538461 0.1201923076923077
1 0.4699519230769231 0.21514423076923078 0.0673076923076923 0.10576923076923077
1 0.1971153846153846 0.42427884615384615 0.09615384615384616 0.12740384615384615
0 0.5 0.046875 0.16346153846153846 0.09375
0 0.3125 0.11658653846153846 0.15625 0.14903846153846154
0 0.38100961538461536 0.30528846153846156 0.09615384615384616 0.14903846153846154
1 0.08173076923076923 0.5276442307692307 0.0673076923076923 0.07932692307692307
1 0.06610576923076923 0.9435096153846154 0.055288461538461536 0.11298076923076923
1 0.07932692307692307 0.6959134615384616 0.07692307692307693 0.13701923076923078
1 0.2091346153846154 0.8461538461538461 0.0673076923076923 0.10336538461538461
0 0.234375 0.5709134615384616 0.10336538461538461 0.1658653846153846
0 0.021634615384615384 0.7752403846153846 0.04326923076923077 0.25240384615384615
1 0.6117788461538461 0.7043269230769231 0.04567307692307692 0.0673076923076923
1 0.6177884615384616 0.5528846153846154 0.057692307692307696 0.1201923076923077
1 0.6899038461538461 0.578125 0.04807692307692308 0.06971153846153846
1 0.7127403846153846 0.6478365384615384 0.04326923076923077 0.07692307692307693
1 0.6838942307692307 0.6887019230769231 0.04326923076923077 0.08413461538461539
1 0.6009615384615384 0.8137019230769231 0.02403846153846154 0.07451923076923077
1 0.5997596153846154 0.9663461538461539 0.021634615384615384 0.0673076923076923
1 0.7043269230769231 0.8810096153846154 0.06009615384615385 0.09615384615384616