0 0.21394230769230768 0.20793269230769232 0.10817307692307693 0.07692307692307693
1 0.8870192307692307 0.3329326923076923 0.12740384615384615 0.07211538461538461
1 0.7848557692307693 0.2800480769230769 0.07692307692307693 0.04807692307692308
1 0.7415865384615384 0.12860576923076922 0.10817307692307693 0.052884615384615384
0 0.14783653846153846 0.8894230769230769 0.10817307692307693 0.1201923076923077
1 0.7908653846153846 0.6694711538461539 0.09134615384615384 0.057692307692307696
1 0.7548076923076923 0.7836538461538461 0.12259615384615384 0.0625
1 0.5733173076923077 0.734375 0.13942307692307693 0.057692307692307696
1 0.5925480769230769 0.6129807692307693 0.12980769230769232 0.07211538461538461
1 0.49759615384615385 0.8641826923076923 0.14423076923076922 0.08173076923076923
1 0.3581730769230769 0.7848557692307693 0.125 0.0673076923076923
1 0.37740384615384615 0.6526442307692307 0.1466346153846154 0.0889423076923077
0 0.44711538461538464 0.5264423076923077 0.12980769230769232 0.03365384615384615
0 0.359375 0.546875 0.12740384615384615 0.07451923076923077