1 0.2512019230769231 0.06610576923076923 0.09134615384615384 0.05048076923076923
1 0.19951923076923078 0.14302884615384615 0.08653846153846154 0.05048076923076923
1 0.2608173076923077 0.24158653846153846 0.07211538461538461 0.040865384615384616
1 0.38100961538461536 0.13341346153846154 0.08653846153846154 0.05048076923076923
1 0.4567307692307692 0.21754807692307693 0.09134615384615384 0.04326923076923077
1 0.6634615384615384 0.018028846153846152 0.11538461538461539 0.036057692307692304
1 0.6670673076923077 0.17427884615384615 0.09134615384615384 0.0673076923076923
1 0.8509615384615384 0.027644230769230768 0.11538461538461539 0.055288461538461536
1 0.8617788461538461 0.16346153846153846 0.10096153846153846 0.055288461538461536
0 0.7403846153846154 0.9314903846153846 0.17307692307692307 0.125
0 0.9675480769230769 0.9543269230769231 0.06490384615384616 0.09134615384615384