1 0.19110576923076922 0.40865384615384615 0.052884615384615384 0.08413461538461539
1 0.2692307692307692 0.359375 0.04807692307692308 0.09134615384615384
1 0.36778846153846156 0.4266826923076923 0.04326923076923077 0.07211538461538461
1 0.2620192307692308 0.5372596153846154 0.052884615384615384 0.08413461538461539
1 0.5444711538461539 0.23317307692307693 0.07932692307692307 0.14423076923076922
1 0.7103365384615384 0.08173076923076923 0.0673076923076923 0.10817307692307693
1 0.6754807692307693 0.2704326923076923 0.07451923076923077 0.125
1 0.6081730769230769 0.3557692307692308 0.052884615384615384 0.1201923076923077
1 0.7091346153846154 0.4495192307692308 0.07692307692307693 0.125
1 0.7860576923076923 0.5384615384615384 0.0673076923076923 0.08173076923076923
1 0.5649038461538461 0.5408653846153846 0.0673076923076923 0.07692307692307693
1 0.019230769230769232 0.71875 0.038461538461538464 0.08173076923076923
1 0.06610576923076923 0.7259615384615384 0.04567307692307692 0.08173076923076923
1 0.16105769230769232 0.6189903846153846 0.04807692307692308 0.07932692307692307
1 0.23317307692307693 0.6610576923076923 0.04326923076923077 0.09615384615384616
1 0.08533653846153846 0.8509615384615384 0.055288461538461536 0.11057692307692307
1 0.03485576923076923 0.8930288461538461 0.052884615384615384 0.11538461538461539
1 0.6598557692307693 0.8569711538461539 0.04567307692307692 0.07451923076923077
1 0.8509615384615384 0.8197115384615384 0.057692307692307696 0.10096153846153846
1 0.7860576923076923 0.9783653846153846 0.0673076923076923 0.04326923076923077