1 0.5132211538461539 0.3161057692307692 0.07692307692307693 0.04326923076923077
1 0.9735576923076923 0.39302884615384615 0.052884615384615384 0.11298076923076923
1 0.7908653846153846 0.5384615384615384 0.1346153846153846 0.08173076923076923
1 0.8221153846153846 0.013221153846153846 0.125 0.026442307692307692
1 0.9723557692307693 0.021634615384615384 0.055288461538461536 0.04326923076923077
0 0.8052884615384616 0.2704326923076923 0.2932692307692308 0.125
1 0.3425480769230769 0.859375 0.10576923076923077 0.057692307692307696
1 0.2980769230769231 0.9795673076923077 0.08173076923076923 0.040865384615384616
1 0.09375 0.8425480769230769 0.10096153846153846 0.0625
1 0.7872596153846154 0.7199519230769231 0.10576923076923077 0.0625
1 0.75 0.8473557692307693 0.08653846153846154 0.040865384615384616