1 0.41466346153846156 0.014423076923076924 0.0889423076923077 0.028846153846153848
1 0.19230769230769232 0.796875 0.11778846153846154 0.0625
1 0.21754807692307693 0.8725961538461539 0.08173076923076923 0.04807692307692308
1 0.2860576923076923 0.8954326923076923 0.07211538461538461 0.04326923076923077
1 0.3137019230769231 0.8641826923076923 0.07211538461538461 0.040865384615384616
1 0.3389423076923077 0.7908653846153846 0.0625 0.07211538461538461
1 0.2704326923076923 0.6995192307692307 0.10096153846153846 0.057692307692307696
1 0.3557692307692308 0.6875 0.09134615384615384 0.038461538461538464
1 0.33774038461538464 0.7331730769230769 0.08653846153846154 0.057692307692307696
1 0.43509615384615385 0.7680288461538461 0.04807692307692308 0.04567307692307692
1 0.6790865384615384 0.9735576923076923 0.16105769230769232 0.052884615384615384
1 0.8389423076923077 0.8016826923076923 0.15625 0.10576923076923077