1 0.9326923076923077 0.11057692307692307 0.0673076923076923 0.12259615384615384
1 0.8112980769230769 0.15264423076923078 0.09134615384615384 0.1201923076923077
1 0.7512019230769231 0.08173076923076923 0.08173076923076923 0.09615384615384616
0 0.9579326923076923 0.2091346153846154 0.08413461538461539 0.10096153846153846
0 0.6983173076923077 0.021634615384615384 0.12740384615384615 0.04326923076923077
1 0.18870192307692307 0.7259615384615384 0.04807692307692308 0.08653846153846154
1 0.265625 0.7740384615384616 0.04807692307692308 0.0889423076923077
1 0.36778846153846156 0.7067307692307693 0.04326923076923077 0.07932692307692307
1 0.25961538461538464 0.5853365384615384 0.04567307692307692 0.08653846153846154
1 0.34134615384615385 0.5072115384615384 0.04807692307692308 0.09615384615384616
1 0.6189903846153846 0.953125 0.06009615384615385 0.09375
1 0.6971153846153846 0.9254807692307693 0.04326923076923077 0.07932692307692307
1 0.7211538461538461 0.8509615384615384 0.04807692307692308 0.07211538461538461
1 0.6911057692307693 0.8233173076923077 0.04326923076923077 0.08173076923076923
1 0.6153846153846154 0.7980769230769231 0.0625 0.057692307692307696
1 0.5661057692307693 0.8028846153846154 0.036057692307692304 0.09134615384615384
1 0.5925480769230769 0.5300480769230769 0.05048076923076923 0.08173076923076923
1 0.7115384615384616 0.6213942307692307 0.0625 0.10336538461538461
1 0.5925480769230769 0.6935096153846154 0.05048076923076923 0.07211538461538461