1 0.026442307692307692 0.07451923076923077 0.052884615384615384 0.04326923076923077
1 0.10336538461538461 0.020432692307692308 0.09134615384615384 0.040865384615384616
1 0.20793269230769232 0.07572115384615384 0.08173076923076923 0.05048076923076923
1 0.17908653846153846 0.13822115384615385 0.06009615384615385 0.038461538461538464
1 0.04927884615384615 0.1875 0.0625 0.03365384615384615
1 0.12980769230769232 0.2439903846153846 0.0673076923076923 0.03365384615384615
1 0.25841346153846156 0.17427884615384615 0.055288461538461536 0.038461538461538464
1 0.3076923076923077 0.23557692307692307 0.0625 0.038461538461538464
1 0.3918269230769231 0.19591346153846154 0.08653846153846154 0.052884615384615384
1 0.39302884615384615 0.12620192307692307 0.09615384615384616 0.057692307692307696
1 0.34134615384615385 0.042067307692307696 0.07692307692307693 0.04326923076923077
1 0.4879807692307692 0.06009615384615385 0.08173076923076923 0.052884615384615384
0 0.7211538461538461 0.03365384615384615 0.125 0.0673076923076923
0 0.6730769230769231 0.1778846153846154 0.028846153846153848 0.03365384615384615
0 0.328125 0.9206730769230769 0.10336538461538461 0.0673076923076923
0 0.30528846153846156 0.7680288461538461 0.125 0.04807692307692308
0 0.29086538461538464 0.6538461538461539 0.08413461538461539 0.07451923076923077