1 0.20432692307692307 0.14423076923076922 0.07932692307692307 0.11057692307692307
1 0.026442307692307692 0.10576923076923077 0.052884615384615384 0.11057692307692307
0 0.1201923076923077 0.039663461538461536 0.06009615384615385 0.07692307692307693
0 0.32091346153846156 0.0673076923076923 0.11298076923076923 0.1346153846153846
0 0.046875 0.3293269230769231 0.09375 0.1778846153846154
0 0.21394230769230768 0.36538461538461536 0.13942307692307693 0.10576923076923077
1 0.7704326923076923 0.20552884615384615 0.04807692307692308 0.09134615384615384
1 0.9615384615384616 0.5528846153846154 0.05048076923076923 0.10817307692307693
1 0.8557692307692307 0.44350961538461536 0.10096153846153846 0.05048076923076923
1 0.7487980769230769 0.6129807692307693 0.07211538461538461 0.13942307692307693
1 0.8822115384615384 0.59375 0.057692307692307696 0.1346153846153846
1 0.8209134615384616 0.7139423076923077 0.057692307692307696 0.15625
1 0.6802884615384616 0.6274038461538461 0.052884615384615384 0.13942307692307693