1 0.18028846153846154 0.037259615384615384 0.0673076923076923 0.07451923076923077
0 0.24639423076923078 0.390625 0.06009615384615385 0.08413461538461539
0 0.23197115384615385 0.49038461538461536 0.07692307692307693 0.08413461538461539
0 0.29086538461538464 0.3858173076923077 0.03365384615384615 0.07451923076923077
0 0.3425480769230769 0.4639423076923077 0.0625 0.07692307692307693
0 0.2620192307692308 0.5745192307692307 0.04807692307692308 0.1201923076923077
0 0.29447115384615385 0.4987980769230769 0.04326923076923077 0.11538461538461539
0 0.3545673076923077 0.5889423076923077 0.09134615384615384 0.11778846153846154
1 0.9915865384615384 0.9314903846153846 0.016826923076923076 0.0985576923076923
1 0.875 0.5721153846153846 0.05048076923076923 0.07451923076923077
1 0.8954326923076923 0.6634615384615384 0.03365384615384615 0.0673076923076923
0 0.9290865384615384 0.5384615384615384 0.055288461538461536 0.14423076923076922
0 0.9879807692307693 0.4951923076923077 0.02403846153846154 0.09615384615384616
0 0.9591346153846154 0.6887019230769231 0.057692307692307696 0.10817307692307693
0 0.9759615384615384 0.7884615384615384 0.04807692307692308 0.09134615384615384
0 0.9182692307692307 0.9086538461538461 0.07692307692307693 0.12980769230769232