1 0.8713942307692307 0.17427884615384615 0.10096153846153846 0.04807692307692308
1 0.8786057692307693 0.21754807692307693 0.12259615384615384 0.07211538461538461
1 0.8774038461538461 0.25961538461538464 0.09134615384615384 0.04807692307692308
1 0.8774038461538461 0.3004807692307692 0.09615384615384616 0.04807692307692308
1 0.9903846153846154 0.5120192307692307 0.019230769230769232 0.04326923076923077
1 0.9603365384615384 0.4987980769230769 0.07932692307692307 0.05048076923076923
1 0.8846153846153846 0.49278846153846156 0.10336538461538461 0.057692307692307696
1 0.7896634615384616 0.39302884615384615 0.10817307692307693 0.057692307692307696
1 0.7163461538461539 0.37740384615384615 0.07692307692307693 0.052884615384615384
1 0.7704326923076923 0.28966346153846156 0.10336538461538461 0.06009615384615385
1 0.7608173076923077 0.3425480769230769 0.10096153846153846 0.0625
1 0.5793269230769231 0.34975961538461536 0.09134615384615384 0.052884615384615384
1 0.31490384615384615 0.9831730769230769 0.09134615384615384 0.03365384615384615