0 0.2620192307692308 0.09375 0.08173076923076923 0.04807692307692308
0 0.2644230769230769 0.1778846153846154 0.08413461538461539 0.040865384615384616
0 0.3449519230769231 0.7992788461538461 0.08173076923076923 0.07451923076923077
0 0.2704326923076923 0.9831730769230769 0.10817307692307693 0.03365384615384615
0 0.13221153846153846 0.7884615384615384 0.125 0.10576923076923077
0 0.18870192307692307 0.6418269230769231 0.12259615384615384 0.052884615384615384
0 0.010817307692307692 0.7956730769230769 0.021634615384615384 0.0673076923076923
0 0.0733173076923077 0.5697115384615384 0.1466346153846154 0.08173076923076923
0 0.9663461538461539 0.9242788461538461 0.0673076923076923 0.07932692307692307
0 0.7632211538461539 0.9194711538461539 0.1346153846153846 0.11298076923076923
0 0.8305288461538461 0.765625 0.11538461538461539 0.057692307692307696
0 0.7067307692307693 0.6911057692307693 0.16105769230769232 0.08653846153846154
0 0.6141826923076923 0.9302884615384616 0.09134615384615384 0.06971153846153846