1 0.9146634615384616 0.359375 0.10817307692307693 0.057692307692307696
1 0.8822115384615384 0.2920673076923077 0.07211538461538461 0.04567307692307692
1 0.9651442307692307 0.27163461538461536 0.06971153846153846 0.057692307692307696
1 0.9879807692307693 0.23798076923076922 0.02403846153846154 0.038461538461538464
0 0.47836538461538464 0.7331730769230769 0.04326923076923077 0.0673076923076923
1 0.6610576923076923 0.9807692307692307 0.07692307692307693 0.038461538461538464
1 0.9495192307692307 0.9519230769230769 0.07211538461538461 0.05048076923076923
1 0.8016826923076923 0.75 0.11298076923076923 0.0625
1 0.7211538461538461 0.8485576923076923 0.10096153846153846 0.055288461538461536
1 0.65625 0.8137019230769231 0.09134615384615384 0.052884615384615384
1 0.65625 0.7584134615384616 0.06971153846153846 0.0673076923076923
1 0.6358173076923077 0.8713942307692307 0.10096153846153846 0.055288461538461536
1 0.5925480769230769 0.9098557692307693 0.07692307692307693 0.04807692307692308
1 0.5649038461538461 0.9543269230769231 0.09615384615384616 0.04807692307692308
1 0.5408653846153846 0.7800480769230769 0.07692307692307693 0.036057692307692304