1 0.5961538461538461 0.3545673076923077 0.0673076923076923 0.05048076923076923
1 0.49038461538461536 0.3581730769230769 0.052884615384615384 0.04326923076923077
1 0.5540865384615384 0.9615384615384616 0.04567307692307692 0.07692307692307693
1 0.4951923076923077 0.9855769230769231 0.038461538461538464 0.028846153846153848
1 0.5889423076923077 0.8641826923076923 0.03365384615384615 0.0625
1 0.5913461538461539 0.6959134615384616 0.057692307692307696 0.09615384615384616
1 0.4567307692307692 0.6826923076923077 0.03125 0.057692307692307696
1 0.3701923076923077 0.7415865384615384 0.04326923076923077 0.07211538461538461
0 0.3858173076923077 0.8365384615384616 0.08173076923076923 0.07692307692307693
0 0.40384615384615385 0.9459134615384616 0.04807692307692308 0.10817307692307693
0 0.44591346153846156 0.9519230769230769 0.036057692307692304 0.09615384615384616
0 0.49399038461538464 0.8641826923076923 0.0625 0.0625
0 0.44711538461538464 0.8329326923076923 0.04567307692307692 0.10096153846153846
0 0.5120192307692307 0.7391826923076923 0.08413461538461539 0.10096153846153846
0 0.8990384615384616 0.9651442307692307 0.0673076923076923 0.06971153846153846
0 0.9891826923076923 0.9399038461538461 0.021634615384615384 0.1201923076923077