0 0.46634615384615385 0.08774038461538461 0.056490384615384616 0.17427884615384615
0 0.5925480769230769 0.11538461538461539 0.12860576923076922 0.22956730769230768
0 0.3233173076923077 0.06490384615384616 0.09735576923076923 0.12980769230769232
0 0.44350961538461536 0.6141826923076923 0.08173076923076923 0.21153846153846154
1 0.7283653846153846 0.2932692307692308 0.08533653846153846 0.16105769230769232
1 0.8737980769230769 0.5204326923076923 0.0673076923076923 0.12980769230769232
1 0.7668269230769231 0.9387019230769231 0.10576923076923077 0.12139423076923077
1 0.35697115384615385 0.3173076923076923 0.07091346153846154 0.10817307692307693
1 0.33653846153846156 0.5048076923076923 0.06610576923076923 0.12259615384615384
1 0.21754807692307693 0.5637019230769231 0.09495192307692307 0.14543269230769232
1 0.2692307692307692 0.7920673076923077 0.07572115384615384 0.12740384615384615
0 0.6117788461538461 0.5120192307692307 0.140625 0.29927884615384615