1 0.21394230769230768 0.42427884615384615 0.11057692307692307 0.0625
1 0.2548076923076923 0.2764423076923077 0.08653846153846154 0.05048076923076923
1 0.34375 0.22115384615384615 0.09134615384615384 0.0673076923076923
0 0.9447115384615384 0.15625 0.11057692307692307 0.14903846153846154
0 0.5132211538461539 0.21875 0.11538461538461539 0.1346153846153846
1 0.8629807692307693 0.03485576923076923 0.10576923076923077 0.0625
1 0.6394230769230769 0.359375 0.11538461538461539 0.08413461538461539
1 0.16105769230769232 0.6778846153846154 0.0889423076923077 0.07211538461538461
1 0.12740384615384615 0.5576923076923077 0.11538461538461539 0.057692307692307696
0 0.26322115384615385 0.8810096153846154 0.1201923076923077 0.1201923076923077
1 0.8353365384615384 0.8665865384615384 0.1778846153846154 0.08653846153846154
1 0.5048076923076923 0.9086538461538461 0.11057692307692307 0.07932692307692307
1 0.5420673076923077 0.7295673076923077 0.11057692307692307 0.057692307692307696
1 0.4050480769230769 0.6586538461538461 0.03125 0.08173076923076923
1 0.5480769230769231 0.5480769230769231 0.1346153846153846 0.038461538461538464
0 0.8269230769230769 0.7463942307692307 0.12980769230769232 0.1201923076923077
0 0.609375 0.8245192307692307 0.07692307692307693 0.06009615384615385
0 0.6081730769230769 0.984375 0.1875 0.03125