1 0.49038461538461536 0.5012019230769231 0.057692307692307696 0.07451923076923077
1 0.3894230769230769 0.5036057692307693 0.052884615384615384 0.06971153846153846
1 0.9435096153846154 0.4338942307692308 0.05048076923076923 0.10336538461538461
1 0.8954326923076923 0.3894230769230769 0.038461538461538464 0.0673076923076923
1 0.8293269230769231 0.5012019230769231 0.052884615384615384 0.07451923076923077
1 0.7692307692307693 0.35216346153846156 0.052884615384615384 0.08653846153846154
1 0.9783653846153846 0.35697115384615385 0.04326923076923077 0.0889423076923077
1 0.43028846153846156 0.8978365384615384 0.04807692307692308 0.11538461538461539
1 0.24879807692307693 0.7704326923076923 0.03365384615384615 0.07932692307692307
0 0.6358173076923077 0.9711538461538461 0.06009615384615385 0.057692307692307696
0 0.6213942307692307 0.8870192307692307 0.07692307692307693 0.08413461538461539
0 0.6802884615384616 0.9771634615384616 0.03365384615384615 0.04567307692307692
0 0.7319711538461539 0.9134615384615384 0.0625 0.07692307692307693
0 0.6514423076923077 0.8028846153846154 0.04807692307692308 0.1201923076923077
0 0.6838942307692307 0.8786057692307693 0.04326923076923077 0.11538461538461539
0 0.7439903846153846 0.7884615384615384 0.09134615384615384 0.11778846153846154