0 0.4675480769230769 0.5336538461538461 0.18028846153846154 0.04807692307692308
0 0.34134615384615385 0.39783653846153844 0.15625 0.10576923076923077
0 0.11538461538461539 0.4110576923076923 0.12980769230769232 0.18269230769230768
1 0.9903846153846154 0.5096153846153846 0.019230769230769232 0.04326923076923077
1 0.9819711538461539 0.3329326923076923 0.036057692307692304 0.04567307692307692
1 0.8858173076923077 0.44350961538461536 0.08653846153846154 0.04807692307692308
1 0.8125 0.35697115384615385 0.08653846153846154 0.05048076923076923
0 0.4230769230769231 0.5709134615384616 0.09615384615384616 0.026442307692307692
0 0.24759615384615385 0.5913461538461539 0.08173076923076923 0.0673076923076923
0 0.8605769230769231 0.7307692307692307 0.21634615384615385 0.14423076923076922
0 0.8425480769230769 0.9278846153846154 0.2644230769230769 0.14423076923076922
0 0.5961538461538461 0.8581730769230769 0.07692307692307693 0.07692307692307693
0 0.6274038461538461 0.6850961538461539 0.13942307692307693 0.11538461538461539