1 0.24519230769230768 0.23918269230769232 0.06129807692307692 0.11177884615384616
1 0.3076923076923077 0.23317307692307693 0.06129807692307692 0.09375
1 0.31850961538461536 0.04326923076923077 0.039663461538461536 0.08653846153846154
1 0.33052884615384615 0.16826923076923078 0.046875 0.0829326923076923
1 0.35216346153846156 0.22115384615384615 0.046875 0.07692307692307693
1 0.3786057692307692 0.17067307692307693 0.046875 0.08052884615384616
1 0.39663461538461536 0.2247596153846154 0.046875 0.07091346153846154
1 0.43149038461538464 0.16826923076923078 0.06610576923076923 0.09495192307692307
1 0.4891826923076923 0.2860576923076923 0.042067307692307696 0.08173076923076923
1 0.5600961538461539 0.32572115384615385 0.04807692307692308 0.109375
1 0.421875 0.38461538461538464 0.04326923076923077 0.13221153846153846
1 0.328125 0.4182692307692308 0.04567307692307692 0.08052884615384616
1 0.43149038461538464 0.5805288461538461 0.057692307692307696 0.10817307692307693
1 0.4987980769230769 0.6129807692307693 0.04567307692307692 0.0733173076923077
1 0.5180288461538461 0.5144230769230769 0.057692307692307696 0.0985576923076923
1 0.5528846153846154 0.4831730769230769 0.039663461538461536 0.07211538461538461