1 0.030048076923076924 0.20192307692307693 0.06009615384615385 0.07211538461538461
1 0.08173076923076923 0.2764423076923077 0.10576923076923077 0.07211538461538461
1 0.18269230769230768 0.12379807692307693 0.125 0.057692307692307696
1 0.45072115384615385 0.07932692307692307 0.13942307692307693 0.04807692307692308
1 0.4411057692307692 0.203125 0.1201923076923077 0.0673076923076923
1 0.40625 0.3870192307692308 0.11057692307692307 0.02403846153846154
1 0.6069711538461539 0.13221153846153846 0.14182692307692307 0.0625
0 0.1778846153846154 0.3762019230769231 0.1778846153846154 0.04567307692307692
0 0.2920673076923077 0.25 0.16346153846153846 0.14423076923076922
0 0.48197115384615385 0.31971153846153844 0.14903846153846154 0.10576923076923077
0 0.12740384615384615 0.03365384615384615 0.16826923076923078 0.0673076923076923
1 0.6947115384615384 0.2620192307692308 0.03365384615384615 0.04807692307692308
1 0.7848557692307693 0.15264423076923078 0.11298076923076923 0.0625
1 0.7379807692307693 0.17067307692307693 0.0673076923076923 0.04326923076923077
1 0.8557692307692307 0.2668269230769231 0.11057692307692307 0.055288461538461536
1 0.8774038461538461 0.33533653846153844 0.07692307692307693 0.04807692307692308
1 0.7836538461538461 0.35336538461538464 0.10817307692307693 0.052884615384615384
1 0.7524038461538461 0.38100961538461536 0.07211538461538461 0.036057692307692304
0 0.1935096153846154 0.47115384615384615 0.24519230769230768 0.09615384615384616
0 0.3545673076923077 0.6394230769230769 0.16826923076923078 0.11057692307692307
0 0.5168269230769231 0.42908653846153844 0.21153846153846154 0.06009615384615385
0 0.5721153846153846 0.6237980769230769 0.15384615384615385 0.16105769230769232