1 0.2956730769230769 0.3762019230769231 0.08173076923076923 0.04807692307692308
0 0.7932692307692307 0.3737980769230769 0.125 0.06971153846153846
0 0.2800480769230769 0.5012019230769231 0.17307692307692307 0.07211538461538461
0 0.44711538461538464 0.6358173076923077 0.09134615384615384 0.04326923076923077
0 0.3161057692307692 0.6538461538461539 0.09615384615384616 0.052884615384615384
0 0.04567307692307692 0.5649038461538461 0.09134615384615384 0.057692307692307696
1 0.9807692307692307 0.5973557692307693 0.038461538461538464 0.08413461538461539
1 0.8173076923076923 0.4519230769230769 0.11057692307692307 0.08653846153846154
1 0.9783653846153846 0.9675480769230769 0.04326923076923077 0.06490384615384616
1 0.8413461538461539 0.9783653846153846 0.1201923076923077 0.04326923076923077
0 0.8221153846153846 0.7331730769230769 0.25961538461538464 0.11538461538461539
0 0.7199519230769231 0.8882211538461539 0.1875 0.06971153846153846
0 0.6033653846153846 0.7740384615384616 0.14903846153846154 0.13942307692307693