0 0.0733173076923077 0.5432692307692307 0.11538461538461539 0.08173076923076923
1 0.34975961538461536 0.5276442307692307 0.021634615384615384 0.036057692307692304
1 0.3557692307692308 0.44471153846153844 0.03365384615384615 0.03365384615384615
1 0.4110576923076923 0.3798076923076923 0.06971153846153846 0.04326923076923077
1 0.4831730769230769 0.328125 0.07211538461538461 0.04567307692307692
1 0.5721153846153846 0.38461538461538464 0.0625 0.04326923076923077
1 0.6935096153846154 0.35216346153846156 0.08173076923076923 0.055288461538461536
1 0.8329326923076923 0.3762019230769231 0.08173076923076923 0.04807692307692308
1 0.7115384615384616 0.43990384615384615 0.09134615384615384 0.057692307692307696
1 0.6117788461538461 0.4735576923076923 0.0625 0.028846153846153848
1 0.5060096153846154 0.4411057692307692 0.0625 0.038461538461538464
1 0.4519230769230769 0.49038461538461536 0.0625 0.03365384615384615
1 0.4675480769230769 0.5504807692307693 0.052884615384615384 0.03365384615384615
1 0.5949519230769231 0.5625 0.0673076923076923 0.036057692307692304
1 0.7487980769230769 0.5396634615384616 0.0673076923076923 0.04326923076923077