1 0.3918269230769231 0.25240384615384615 0.08173076923076923 0.1045673076923077
1 0.2764423076923077 0.28966346153846156 0.0673076923076923 0.12860576923076922
1 0.453125 0.4423076923076923 0.06129807692307692 0.1201923076923077
1 0.3293269230769231 0.47836538461538464 0.06129807692307692 0.14783653846153846
1 0.20673076923076922 0.5432692307692307 0.09134615384615384 0.13341346153846154
1 0.2764423076923077 0.671875 0.0673076923076923 0.11778846153846154
1 0.4050480769230769 0.6574519230769231 0.08533653846153846 0.140625
1 0.3786057692307692 0.8629807692307693 0.12139423076923077 0.17668269230769232
0 0.6033653846153846 0.14543269230769232 0.1201923076923077 0.125
0 0.8233173076923077 0.4182692307692308 0.09134615384615384 0.23918269230769232
0 0.6165865384615384 0.4423076923076923 0.0625 0.12139423076923077
0 0.5709134615384616 0.5745192307692307 0.11177884615384616 0.1346153846153846
0 0.5324519230769231 0.6814903846153846 0.10697115384615384 0.13221153846153846
0 0.6730769230769231 0.5925480769230769 0.08413461538461539 0.18509615384615385
0 0.6682692307692307 0.7884615384615384 0.11057692307692307 0.20552884615384615