1 0.390625 0.6995192307692307 0.056490384615384616 0.10096153846153846
1 0.39903846153846156 0.5288461538461539 0.06490384615384616 0.10576923076923077
1 0.44591346153846156 0.49038461538461536 0.055288461538461536 0.09375
1 0.42908653846153844 0.37259615384615385 0.04807692307692308 0.07692307692307693
1 0.38100961538461536 0.3629807692307692 0.046875 0.0733173076923077
1 0.5264423076923077 0.2620192307692308 0.042067307692307696 0.08413461538461539
1 0.59375 0.29927884615384615 0.04447115384615385 0.09495192307692307
1 0.44591346153846156 0.14543269230769232 0.052884615384615384 0.140625
1 0.4987980769230769 0.03365384615384615 0.051682692307692304 0.06370192307692307
1 0.32211538461538464 0.18389423076923078 0.05889423076923077 0.11057692307692307
1 0.22596153846153846 0.21634615384615385 0.046875 0.09254807692307693
1 0.30528846153846156 0.30649038461538464 0.04927884615384615 0.0985576923076923
1 0.22596153846153846 0.3713942307692308 0.039663461538461536 0.09014423076923077
1 0.2692307692307692 0.43990384615384615 0.05048076923076923 0.07692307692307693
1 0.28725961538461536 0.375 0.052884615384615384 0.0829326923076923
1 0.27283653846153844 0.2692307692307692 0.054086538461538464 0.10216346153846154