1 0.018028846153846152 0.21875 0.036057692307692304 0.08653846153846154
0 0.8293269230769231 0.17427884615384615 0.08413461538461539 0.25
0 0.6322115384615384 0.1875 0.0625 0.1346153846153846
0 0.6862980769230769 0.33774038461538464 0.0985576923076923 0.16826923076923078
0 0.5769230769230769 0.34975961538461536 0.10096153846153846 0.12980769230769232
0 0.5408653846153846 0.41466346153846156 0.11057692307692307 0.06971153846153846
1 0.4855769230769231 0.21394230769230768 0.014423076923076924 0.11538461538461539
1 0.07692307692307693 0.8161057692307693 0.04807692307692308 0.08653846153846154
1 0.12980769230769232 0.8918269230769231 0.057692307692307696 0.07211538461538461
1 0.1201923076923077 0.9591346153846154 0.057692307692307696 0.07211538461538461
1 0.20072115384615385 0.9819711538461539 0.04567307692307692 0.036057692307692304
1 0.23076923076923078 0.9651442307692307 0.052884615384615384 0.06971153846153846
1 0.8762019230769231 0.7295673076923077 0.04326923076923077 0.07692307692307693