1 0.26802884615384615 0.21995192307692307 0.05048076923076923 0.10336538461538461
1 0.3485576923076923 0.13341346153846154 0.05048076923076923 0.09254807692307693
1 0.4651442307692308 0.06850961538461539 0.04326923076923077 0.07692307692307693
1 0.5444711538461539 0.12379807692307693 0.046875 0.08774038461538461
1 0.6045673076923077 0.20793269230769232 0.038461538461538464 0.07451923076923077
1 0.6875 0.3329326923076923 0.042067307692307696 0.0733173076923077
1 0.7536057692307693 0.4723557692307692 0.040865384615384616 0.06610576923076923
1 0.6598557692307693 0.4639423076923077 0.04807692307692308 0.0829326923076923
1 0.5540865384615384 0.4579326923076923 0.04567307692307692 0.08653846153846154
1 0.4675480769230769 0.4387019230769231 0.042067307692307696 0.07692307692307693
1 0.42788461538461536 0.44350961538461536 0.03365384615384615 0.07932692307692307
1 0.31490384615384615 0.33653846153846156 0.037259615384615384 0.07211538461538461
1 0.41346153846153844 0.3245192307692308 0.042067307692307696 0.06971153846153846
1 0.515625 0.30528846153846156 0.037259615384615384 0.06610576923076923
1 0.47836538461538464 0.18990384615384615 0.054086538461538464 0.11298076923076923
1 0.4951923076923077 0.5625 0.042067307692307696 0.06971153846153846
0 0.6165865384615384 0.38822115384615385 0.03125 0.15384615384615385
0 0.6430288461538461 0.2091346153846154 0.040865384615384616 0.13221153846153846
0 0.3870192307692308 0.6742788461538461 0.07091346153846154 0.10576923076923077
0 0.21995192307692307 0.17067307692307693 0.07692307692307693 0.0829326923076923