1 0.015625 0.21754807692307693 0.03125 0.055288461538461536
1 0.05048076923076923 0.09014423076923077 0.10096153846153846 0.07451923076923077
1 0.015625 0.027644230769230768 0.03125 0.055288461538461536
1 0.3233173076923077 0.020432692307692308 0.08413461538461539 0.040865384615384616
1 0.4182692307692308 0.07692307692307693 0.0625 0.04807692307692308
1 0.29927884615384615 0.10096153846153846 0.08173076923076923 0.05048076923076923
1 0.296875 0.14182692307692307 0.07692307692307693 0.038461538461538464
1 0.17548076923076922 0.15865384615384615 0.06971153846153846 0.038461538461538464
1 0.17548076923076922 0.2548076923076923 0.07692307692307693 0.04567307692307692
1 0.16826923076923078 0.05048076923076923 0.07692307692307693 0.04807692307692308
1 0.06370192307692307 0.2980769230769231 0.08653846153846154 0.057692307692307696
0 0.02283653846153846 0.3425480769230769 0.04567307692307692 0.0889423076923077
1 0.609375 0.25721153846153844 0.125 0.0673076923076923
1 0.6213942307692307 0.15384615384615385 0.0889423076923077 0.04807692307692308
1 0.08052884615384616 0.4375 0.0673076923076923 0.04807692307692308
1 0.21033653846153846 0.4675480769230769 0.0889423076923077 0.057692307692307696
1 0.20793269230769232 0.5733173076923077 0.10336538461538461 0.052884615384615384
1 0.18269230769230768 0.6574519230769231 0.09375 0.052884615384615384
1 0.046875 0.6105769230769231 0.08173076923076923 0.05048076923076923
1 0.0625 0.8100961538461539 0.08653846153846154 0.04326923076923077
1 0.06129807692307692 0.7175480769230769 0.0889423076923077 0.04567307692307692
1 0.1778846153846154 0.703125 0.0673076923076923 0.03365384615384615
1 0.3088942307692308 0.6346153846153846 0.08173076923076923 0.04567307692307692
0 0.38822115384615385 0.7427884615384616 0.12259615384615384 0.08653846153846154
0 0.125 0.5072115384615384 0.1346153846153846 0.038461538461538464
0 0.6286057692307693 0.49278846153846156 0.07451923076923077 0.04326923076923077
0 0.6995192307692307 0.5396634615384616 0.1346153846153846 0.0673076923076923