1 0.0829326923076923 0.4411057692307692 0.05048076923076923 0.016826923076923076
1 0.057692307692307696 0.3485576923076923 0.04326923076923077 0.07211538461538461
0 0.1622596153846154 0.24519230769230768 0.07211538461538461 0.09615384615384616
1 0.7800480769230769 0.2932692307692308 0.03125 0.09134615384615384
1 0.7163461538461539 0.22355769230769232 0.040865384615384616 0.08653846153846154
1 0.6610576923076923 0.14903846153846154 0.04326923076923077 0.08173076923076923
1 0.7163461538461539 0.04927884615384615 0.04326923076923077 0.07932692307692307
1 0.7740384615384616 0.07451923076923077 0.036057692307692304 0.0625
1 0.8185096153846154 0.18509615384615385 0.03365384615384615 0.052884615384615384
1 0.8689903846153846 0.25721153846153844 0.036057692307692304 0.052884615384615384
1 0.8677884615384616 0.11778846153846154 0.028846153846153848 0.06009615384615385
1 0.7992788461538461 0.015625 0.03125 0.03125
1 0.41346153846153844 0.9639423076923077 0.038461538461538464 0.07211538461538461
1 0.2439903846153846 0.9423076923076923 0.036057692307692304 0.0673076923076923
1 0.44350961538461536 0.8293269230769231 0.01201923076923077 0.09134615384615384
1 0.3762019230769231 0.8088942307692307 0.052884615384615384 0.0889423076923077
1 0.2704326923076923 0.8112980769230769 0.057692307692307696 0.08653846153846154
1 0.17668269230769232 0.8004807692307693 0.040865384615384616 0.07211538461538461
1 0.4326923076923077 0.7103365384615384 0.03365384615384615 0.06971153846153846
0 0.3173076923076923 0.8894230769230769 0.03365384615384615 0.14423076923076922
1 0.47596153846153844 0.6081730769230769 0.052884615384615384 0.09615384615384616
1 0.6057692307692307 0.6526442307692307 0.038461538461538464 0.0673076923076923
1 0.7572115384615384 0.5516826923076923 0.057692307692307696 0.09134615384615384
1 0.5216346153846154 0.9302884615384616 0.04807692307692308 0.09134615384615384
1 0.6069711538461539 0.8894230769230769 0.04807692307692308 0.08653846153846154
0 0.7127403846153846 0.7319711538461539 0.057692307692307696 0.15384615384615385
0 0.4963942307692308 0.828125 0.057692307692307696 0.14423076923076922
0 0.7620192307692307 0.7524038461538461 0.04807692307692308 0.1466346153846154