1 0.23557692307692307 0.28125 0.1346153846153846 0.08173076923076923
1 0.25721153846153844 0.12860576923076922 0.14423076923076922 0.09134615384615384
1 0.43028846153846156 0.4254807692307692 0.11057692307692307 0.055288461538461536
1 0.28125 0.4963942307692308 0.11057692307692307 0.057692307692307696
1 0.44471153846153844 0.28846153846153844 0.08653846153846154 0.0673076923076923
1 0.027644230769230768 0.3798076923076923 0.055288461538461536 0.057692307692307696
1 0.04807692307692308 0.20552884615384615 0.09615384615384616 0.08413461538461539
1 0.9038461538461539 0.23918269230769232 0.07692307692307693 0.04807692307692308
1 0.4723557692307692 0.9615384615384616 0.03125 0.052884615384615384
1 0.984375 0.6971153846153846 0.03125 0.057692307692307696
1 0.9711538461538461 0.8245192307692307 0.057692307692307696 0.04326923076923077
1 0.7752403846153846 0.6802884615384616 0.10576923076923077 0.0673076923076923