1 0.140625 0.026442307692307692 0.0673076923076923 0.04807692307692308
1 0.052884615384615384 0.09014423076923077 0.09134615384615384 0.05048076923076923
1 0.014423076923076924 0.16826923076923078 0.028846153846153848 0.04326923076923077
1 0.11778846153846154 0.15745192307692307 0.09615384615384616 0.057692307692307696
1 0.23677884615384615 0.11778846153846154 0.0625 0.04326923076923077
1 0.3894230769230769 0.08173076923076923 0.09375 0.06009615384615385
1 0.4795673076923077 0.1466346153846154 0.07932692307692307 0.057692307692307696
1 0.056490384615384616 0.2848557692307692 0.0889423076923077 0.052884615384615384
1 0.2439903846153846 0.22355769230769232 0.0673076923076923 0.038461538461538464
1 0.24278846153846154 0.3233173076923077 0.09615384615384616 0.052884615384615384
1 0.13942307692307693 0.36658653846153844 0.0889423076923077 0.06009615384615385
1 0.36538461538461536 0.21394230769230768 0.07211538461538461 0.038461538461538464
1 0.37740384615384615 0.17067307692307693 0.09375 0.0625
0 0.07091346153846154 0.41466346153846156 0.09375 0.08173076923076923
0 0.1346153846153846 0.008413461538461538 0.14423076923076922 0.016826923076923076
0 0.31850961538461536 0.02403846153846154 0.1466346153846154 0.038461538461538464
0 0.6021634615384616 0.31850961538461536 0.10576923076923077 0.09375
0 0.6875 0.47716346153846156 0.1201923076923077 0.06490384615384616
0 0.7824519230769231 0.30528846153846156 0.1201923076923077 0.07451923076923077
0 0.8317307692307693 0.21514423076923078 0.15865384615384615 0.11057692307692307
0 0.7932692307692307 0.014423076923076924 0.07692307692307693 0.028846153846153848
0 0.9591346153846154 0.14423076923076922 0.08173076923076923 0.08173076923076923
0 0.9555288461538461 0.40625 0.0889423076923077 0.08653846153846154
1 0.6923076923076923 0.6959134615384616 0.11057692307692307 0.0625
1 0.8004807692307693 0.640625 0.07692307692307693 0.052884615384615384