1 0.17307692307692307 0.45913461538461536 0.10576923076923077 0.019230769230769232
1 0.2403846153846154 0.4423076923076923 0.038461538461538464 0.04807692307692308
1 0.2247596153846154 0.40625 0.06971153846153846 0.04326923076923077
1 0.1875 0.359375 0.0985576923076923 0.0625
1 0.10216346153846154 0.33774038461538464 0.0985576923076923 0.0625
1 0.16105769230769232 0.3076923076923077 0.09615384615384616 0.055288461538461536
1 0.16947115384615385 0.25600961538461536 0.0673076923076923 0.0673076923076923
1 0.038461538461538464 0.2439903846153846 0.07692307692307693 0.06490384615384616
1 0.042067307692307696 0.16826923076923078 0.06971153846153846 0.04807692307692308
1 0.11177884615384616 0.14543269230769232 0.07692307692307693 0.04326923076923077
1 0.15264423076923078 0.17427884615384615 0.08413461538461539 0.04326923076923077
1 0.25 0.2692307692307692 0.019230769230769232 0.04807692307692308
1 0.4675480769230769 0.03485576923076923 0.07211538461538461 0.038461538461538464
1 0.7716346153846154 0.019230769230769232 0.0625 0.03365384615384615
1 0.6129807692307693 0.026442307692307692 0.06009615384615385 0.038461538461538464
0 0.30649038461538464 0.6911057692307693 0.09375 0.06971153846153846
0 0.4050480769230769 0.6322115384615384 0.11778846153846154 0.06971153846153846