1 0.038461538461538464 0.4074519230769231 0.06009615384615385 0.09615384615384616
1 0.10216346153846154 0.44350961538461536 0.06009615384615385 0.05048076923076923
1 0.1658653846153846 0.3858173076923077 0.038461538461538464 0.0673076923076923
1 0.07211538461538461 0.28966346153846156 0.038461538461538464 0.07692307692307693
1 0.02403846153846154 0.15264423076923078 0.04807692307692308 0.07932692307692307
1 0.11057692307692307 0.1310096153846154 0.05048076923076923 0.08653846153846154
1 0.21514423076923078 0.125 0.04567307692307692 0.09134615384615384
1 0.3125 0.11538461538461539 0.04807692307692308 0.07211538461538461
1 0.24278846153846154 0.25600961538461536 0.038461538461538464 0.06490384615384616
1 0.04807692307692308 0.03365384615384615 0.038461538461538464 0.0673076923076923
0 0.16706730769230768 0.20793269230769232 0.038461538461538464 0.14423076923076922
0 0.19831730769230768 0.3798076923076923 0.04326923076923077 0.1201923076923077
1 0.33533653846153844 0.9435096153846154 0.06009615384615385 0.11298076923076923
1 0.4206730769230769 0.953125 0.057692307692307696 0.09375
1 0.6045673076923077 0.8521634615384616 0.07451923076923077 0.12980769230769232
1 0.6622596153846154 0.7391826923076923 0.04807692307692308 0.0673076923076923
1 0.8088942307692307 0.7043269230769231 0.0673076923076923 0.11778846153846154