1 0.3798076923076923 0.39903846153846156 0.0673076923076923 0.12259615384615384
1 0.25841346153846156 0.4411057692307692 0.09134615384615384 0.1201923076923077
1 0.19831730769230768 0.3701923076923077 0.08173076923076923 0.09615384615384616
1 0.08413461538461539 0.06850961538461539 0.0625 0.10096153846153846
1 0.37740384615384615 0.21033653846153846 0.07692307692307693 0.13701923076923078
1 0.5060096153846154 0.05889423076923077 0.06490384615384616 0.10336538461538461
0 0.41466346153846156 0.47836538461538464 0.10336538461538461 0.0625
0 0.5096153846153846 0.3701923076923077 0.057692307692307696 0.23557692307692307
0 0.14543269230769232 0.23557692307692307 0.12740384615384615 0.19471153846153846
0 0.29086538461538464 0.1310096153846154 0.10096153846153846 0.25240384615384615
0 0.7848557692307693 0.28365384615384615 0.07451923076923077 0.11778846153846154
0 0.7451923076923077 0.1141826923076923 0.07692307692307693 0.08653846153846154
1 0.021634615384615384 0.9579326923076923 0.04326923076923077 0.08413461538461539
1 0.0985576923076923 0.9867788461538461 0.04326923076923077 0.026442307692307692
1 0.19951923076923078 0.9423076923076923 0.04326923076923077 0.08413461538461539
1 0.09254807692307693 0.8233173076923077 0.04326923076923077 0.08653846153846154
1 0.17548076923076922 0.7463942307692307 0.038461538461538464 0.08173076923076923
0 0.59375 0.8545673076923077 0.057692307692307696 0.1201923076923077
0 0.7043269230769231 0.9266826923076923 0.07692307692307693 0.1466346153846154
0 0.6754807692307693 0.7680288461538461 0.0673076923076923 0.07211538461538461
0 0.5697115384615384 0.7103365384615384 0.0625 0.10576923076923077
0 0.6286057692307693 0.5757211538461539 0.028846153846153848 0.04807692307692308
0 0.7091346153846154 0.5540865384615384 0.057692307692307696 0.0889423076923077