1 0.28966346153846156 0.45913461538461536 0.06009615384615385 0.11538461538461539
1 0.11057692307692307 0.36538461538461536 0.07211538461538461 0.12980769230769232
0 0.21153846153846154 0.5420673076923077 0.052884615384615384 0.15144230769230768
0 0.2536057692307692 0.14302884615384615 0.13221153846153846 0.125
1 0.5396634615384616 0.5649038461538461 0.06009615384615385 0.10576923076923077
1 0.6322115384615384 0.43509615384615385 0.06490384615384616 0.10096153846153846
1 0.8569711538461539 0.22716346153846154 0.125 0.09615384615384616
1 0.7560096153846154 0.35216346153846156 0.08173076923076923 0.07932692307692307
1 0.5096153846153846 0.22355769230769232 0.06971153846153846 0.09615384615384616
1 0.47596153846153844 0.06490384615384616 0.052884615384615384 0.12980769230769232
1 0.6129807692307693 0.09495192307692307 0.057692307692307696 0.12980769230769232
1 0.7139423076923077 0.17908653846153846 0.052884615384615384 0.13942307692307693
1 0.8629807692307693 0.039663461538461536 0.08653846153846154 0.07932692307692307
1 0.3088942307692308 0.7536057692307693 0.021634615384615384 0.15144230769230768