1 0.17668269230769232 0.09735576923076923 0.06490384615384616 0.09615384615384616
1 0.2776442307692308 0.13341346153846154 0.0625 0.11057692307692307
1 0.22355769230769232 0.2692307692307692 0.052884615384615384 0.057692307692307696
1 0.3112980769230769 0.27163461538461536 0.08413461538461539 0.052884615384615384
0 0.039663461538461536 0.21995192307692307 0.07932692307692307 0.15625
0 0.6610576923076923 0.06490384615384616 0.11538461538461539 0.125
0 0.5913461538461539 0.2764423076923077 0.04326923076923077 0.04326923076923077
0 0.7620192307692307 0.26322115384615385 0.11057692307692307 0.06971153846153846
1 0.5396634615384616 0.07451923076923077 0.10336538461538461 0.14903846153846154
1 0.4362980769230769 0.5649038461538461 0.04567307692307692 0.10096153846153846
1 0.3137019230769231 0.6021634615384616 0.04326923076923077 0.07692307692307693
1 0.4423076923076923 0.8076923076923077 0.03365384615384615 0.10576923076923077
1 0.9170673076923077 0.5516826923076923 0.04807692307692308 0.08173076923076923