1 0.15985576923076922 0.01201923076923077 0.09375 0.02403846153846154
1 0.22355769230769232 0.009615384615384616 0.07692307692307693 0.019230769230769232
1 0.23677884615384615 0.06490384615384616 0.12259615384615384 0.052884615384615384
1 0.39302884615384615 0.06129807692307692 0.08653846153846154 0.04807692307692308
1 0.4230769230769231 0.026442307692307692 0.09134615384615384 0.052884615384615384
1 0.49759615384615385 0.015625 0.04326923076923077 0.03125
1 0.23557692307692307 0.5444711538461539 0.10576923076923077 0.057692307692307696
1 0.43149038461538464 0.5384615384615384 0.10576923076923077 0.057692307692307696
0 0.5396634615384616 0.9194711538461539 0.040865384615384616 0.09375
0 0.6730769230769231 0.9759615384615384 0.10096153846153846 0.04807692307692308
0 0.8076923076923077 0.9711538461538461 0.10817307692307693 0.04807692307692308
0 0.8966346153846154 0.8798076923076923 0.13942307692307693 0.057692307692307696
0 0.84375 0.7536057692307693 0.08653846153846154 0.0625
0 0.6310096153846154 0.7259615384615384 0.18269230769230768 0.09134615384615384