1 0.9158653846153846 0.5480769230769231 0.04326923076923077 0.0625
1 0.7956730769230769 0.5673076923076923 0.03365384615384615 0.02403846153846154
1 0.7932692307692307 0.46634615384615385 0.04807692307692308 0.0625
1 0.6658653846153846 0.5048076923076923 0.03365384615384615 0.11057692307692307
1 0.5396634615384616 0.5625 0.040865384615384616 0.03365384615384615
1 0.5480769230769231 0.5024038461538461 0.04326923076923077 0.06009615384615385
0 0.8882211538461539 0.4831730769230769 0.07211538461538461 0.07932692307692307
0 0.15264423076923078 0.8990384615384616 0.055288461538461536 0.15144230769230768
1 0.5480769230769231 0.9711538461538461 0.04326923076923077 0.057692307692307696
1 0.6983173076923077 0.875 0.057692307692307696 0.07211538461538461
1 0.5492788461538461 0.9699519230769231 0.04567307692307692 0.06009615384615385