1 0.039663461538461536 0.07692307692307693 0.052884615384615384 0.09134615384615384
1 0.10336538461538461 0.22115384615384615 0.038461538461538464 0.09134615384615384
1 0.27403846153846156 0.2536057692307692 0.04326923076923077 0.0625
1 0.13701923076923078 0.0829326923076923 0.04807692307692308 0.11538461538461539
1 0.23798076923076922 0.10096153846153846 0.06009615384615385 0.09375
1 0.30288461538461536 0.02403846153846154 0.057692307692307696 0.04807692307692308
1 0.3798076923076923 0.24639423076923078 0.038461538461538464 0.0673076923076923
1 0.4795673076923077 0.24759615384615385 0.052884615384615384 0.09615384615384616
1 0.3701923076923077 0.125 0.038461538461538464 0.07211538461538461
1 0.3269230769230769 0.11298076923076923 0.0625 0.09375
0 0.14543269230769232 0.3004807692307692 0.055288461538461536 0.038461538461538464
0 0.18028846153846154 0.171875 0.038461538461538464 0.1466346153846154
1 0.9519230769230769 0.2860576923076923 0.0625 0.0673076923076923
1 0.8978365384615384 0.20432692307692307 0.055288461538461536 0.07932692307692307
1 0.7560096153846154 0.16826923076923078 0.036057692307692304 0.1201923076923077
1 0.4014423076923077 0.9314903846153846 0.07211538461538461 0.13701923076923078
1 0.3125 0.9519230769230769 0.04326923076923077 0.09615384615384616