0 0.5 0.0829326923076923 0.11538461538461539 0.07451923076923077
0 0.25600961538461536 0.14783653846153846 0.1658653846153846 0.08173076923076923
0 0.33413461538461536 0.015625 0.10096153846153846 0.03125
0 0.17548076923076922 0.046875 0.1778846153846154 0.09375
0 0.9338942307692307 0.14543269230769232 0.1201923076923077 0.07692307692307693
0 0.3737980769230769 0.8185096153846154 0.19230769230769232 0.09134615384615384
0 0.49158653846153844 0.6514423076923077 0.13221153846153846 0.09615384615384616
0 0.21995192307692307 0.6105769230769231 0.20673076923076922 0.07692307692307693
0 0.037259615384615384 0.6875 0.07451923076923077 0.14423076923076922
0 0.038461538461538464 0.8834134615384616 0.07692307692307693 0.10817307692307693
0 0.8353365384615384 0.7584134615384616 0.07451923076923077 0.04567307692307692
0 0.7956730769230769 0.6646634615384616 0.11057692307692307 0.057692307692307696
0 0.9639423076923077 0.609375 0.055288461538461536 0.02403846153846154
0 0.796875 0.5396634615384616 0.07451923076923077 0.040865384615384616
0 0.6670673076923077 0.578125 0.16346153846153846 0.06490384615384616
0 0.6225961538461539 0.6490384615384616 0.057692307692307696 0.028846153846153848
0 0.5961538461538461 0.7331730769230769 0.07692307692307693 0.052884615384615384