0 0.5180288461538461 0.2127403846153846 0.11538461538461539 0.16105769230769232
0 0.6298076923076923 0.37740384615384615 0.1045673076923077 0.2548076923076923
0 0.3942307692307692 0.6286057692307693 0.09495192307692307 0.28966346153846156
0 0.24278846153846154 0.5204326923076923 0.1310096153846154 0.21394230769230768
0 0.5540865384615384 0.8870192307692307 0.06129807692307692 0.21995192307692307
1 0.4831730769230769 0.3449519230769231 0.052884615384615384 0.1045673076923077
1 0.3629807692307692 0.2980769230769231 0.0829326923076923 0.09134615384615384
1 0.30649038461538464 0.38221153846153844 0.05889423076923077 0.09375
1 0.47836538461538464 0.5444711538461539 0.07211538461538461 0.12860576923076922
1 0.6129807692307693 0.6875 0.05889423076923077 0.10697115384615384
1 0.46875 0.7716346153846154 0.057692307692307696 0.12379807692307693
1 0.35336538461538464 0.8665865384615384 0.07692307692307693 0.12980769230769232
1 0.2692307692307692 0.7884615384615384 0.05889423076923077 0.0985576923076923
1 0.18028846153846154 0.6814903846153846 0.06009615384615385 0.09134615384615384