1 0.055288461538461536 0.02403846153846154 0.09615384615384616 0.04807692307692308
1 0.09975961538461539 0.15144230769230768 0.0673076923076923 0.038461538461538464
1 0.021634615384615384 0.30288461538461536 0.04326923076923077 0.057692307692307696
1 0.36538461538461536 0.0673076923076923 0.0673076923076923 0.04807692307692308
1 0.33653846153846156 0.15264423076923078 0.08653846153846154 0.04807692307692308
0 0.17908653846153846 0.25841346153846156 0.15384615384615385 0.057692307692307696
0 0.27524038461538464 0.042067307692307696 0.14423076923076922 0.057692307692307696
0 0.19951923076923078 0.3076923076923077 0.1466346153846154 0.04807692307692308
0 0.7199519230769231 0.1045673076923077 0.1346153846153846 0.04326923076923077
0 0.7295673076923077 0.008413461538461538 0.10336538461538461 0.016826923076923076
0 0.8317307692307693 0.21514423076923078 0.1346153846153846 0.07211538461538461
0 0.6959134615384616 0.2536057692307692 0.1201923076923077 0.06490384615384616
0 0.35697115384615385 0.6538461538461539 0.08413461538461539 0.0673076923076923
0 0.3076923076923077 0.8978365384615384 0.10576923076923077 0.07451923076923077
0 0.3245192307692308 0.7620192307692307 0.11538461538461539 0.057692307692307696
1 0.9326923076923077 0.7680288461538461 0.1346153846153846 0.06971153846153846
1 0.9266826923076923 0.6670673076923077 0.09134615384615384 0.04326923076923077