1 0.2764423076923077 0.3545673076923077 0.0625 0.026442307692307692
1 0.38100961538461536 0.32091346153846156 0.036057692307692304 0.09375
1 0.3449519230769231 0.21153846153846154 0.10817307692307693 0.15384615384615385
1 0.36538461538461536 0.040865384615384616 0.0673076923076923 0.08173076923076923
1 0.2403846153846154 0.037259615384615384 0.057692307692307696 0.07451923076923077
1 0.2548076923076923 0.23798076923076922 0.052884615384615384 0.1201923076923077
1 0.16346153846153846 0.23798076923076922 0.07211538461538461 0.1346153846153846
1 0.07091346153846154 0.13581730769230768 0.09134615384615384 0.10096153846153846
1 0.16346153846153846 0.02283653846153846 0.057692307692307696 0.04567307692307692
0 0.6766826923076923 0.21394230769230768 0.0985576923076923 0.17307692307692307
1 0.9134615384615384 0.21754807692307693 0.06490384615384616 0.1346153846153846
1 0.8173076923076923 0.3125 0.08173076923076923 0.11057692307692307
1 0.6514423076923077 0.33653846153846156 0.0625 0.0625
1 0.5709134615384616 0.3004807692307692 0.0673076923076923 0.08653846153846154
1 0.46634615384615385 0.33653846153846156 0.07211538461538461 0.0625
1 0.4567307692307692 0.19471153846153846 0.07692307692307693 0.14903846153846154
1 0.5576923076923077 0.13221153846153846 0.07692307692307693 0.14182692307692307
0 0.26322115384615385 0.8894230769230769 0.10817307692307693 0.22115384615384615
1 0.36778846153846156 0.6538461538461539 0.0625 0.10096153846153846
1 0.2776442307692308 0.5192307692307693 0.08653846153846154 0.13942307692307693
0 0.5889423076923077 0.9375 0.057692307692307696 0.125
0 0.7283653846153846 0.5288461538461539 0.14423076923076922 0.15865384615384615
0 0.546875 0.5336538461538461 0.11538461538461539 0.13942307692307693
1 0.4254807692307692 0.7163461538461539 0.052884615384615384 0.11538461538461539
1 0.6887019230769231 0.7668269230769231 0.07692307692307693 0.12259615384615384
1 0.4987980769230769 0.8533653846153846 0.0673076923076923 0.09375
1 0.421875 0.8954326923076923 0.04567307692307692 0.10336538461538461