0 0.2848557692307692 0.28966346153846156 0.04567307692307692 0.14423076923076922
0 0.671875 0.038461538461538464 0.0625 0.07211538461538461
0 0.8569711538461539 0.23798076923076922 0.0985576923076923 0.10817307692307693
0 0.7271634615384616 0.2283653846153846 0.04326923076923077 0.09615384615384616
0 0.6418269230769231 0.3088942307692308 0.057692307692307696 0.1346153846153846
1 0.09375 0.5084134615384616 0.057692307692307696 0.07932692307692307
1 0.019230769230769232 0.6081730769230769 0.038461538461538464 0.1346153846153846
1 0.13701923076923078 0.7259615384615384 0.06971153846153846 0.12980769230769232
1 0.2283653846153846 0.7524038461538461 0.08173076923076923 0.15384615384615385
1 0.31971153846153844 0.8846153846153846 0.07211538461538461 0.12980769230769232
1 0.027644230769230768 0.9651442307692307 0.055288461538461536 0.06971153846153846
1 0.9819711538461539 0.6538461538461539 0.036057692307692304 0.09615384615384616
1 0.8521634615384616 0.5012019230769231 0.04567307692307692 0.06490384615384616
1 0.8521634615384616 0.6634615384615384 0.06490384615384616 0.11298076923076923
1 0.8401442307692307 0.7824519230769231 0.052884615384615384 0.08173076923076923
1 0.84375 0.8413461538461539 0.04567307692307692 0.0673076923076923
1 0.8497596153846154 0.9158653846153846 0.057692307692307696 0.09134615384615384
1 0.9519230769230769 0.9855769230769231 0.0625 0.028846153846153848