0 0.35216346153846156 0.4951923076923077 0.05048076923076923 0.1346153846153846
0 0.47115384615384615 0.5192307692307693 0.07211538461538461 0.10576923076923077
0 0.19471153846153846 0.7788461538461539 0.07692307692307693 0.057692307692307696
0 0.23557692307692307 0.6201923076923077 0.0673076923076923 0.12980769230769232
0 0.20552884615384615 0.4795673076923077 0.0625 0.11057692307692307
0 0.7007211538461539 0.4963942307692308 0.0673076923076923 0.16346153846153846
0 0.6550480769230769 0.6646634615384616 0.07451923076923077 0.07451923076923077
0 0.9242788461538461 0.7427884615384616 0.07932692307692307 0.12980769230769232
0 0.9314903846153846 0.39783653846153844 0.07211538461538461 0.0985576923076923
0 0.8112980769230769 0.38100961538461536 0.052884615384615384 0.11298076923076923
1 0.10817307692307693 0.9375 0.06009615384615385 0.10576923076923077
1 0.21634615384615385 0.9242788461538461 0.05048076923076923 0.07211538461538461