1 0.1310096153846154 0.3233173076923077 0.04807692307692308 0.09375
1 0.2091346153846154 0.4723557692307692 0.04567307692307692 0.08173076923076923
1 0.17427884615384615 0.16706730769230768 0.06009615384615385 0.0985576923076923
1 0.21033653846153846 0.07932692307692307 0.04807692307692308 0.09134615384615384
1 0.24879807692307693 0.11658653846153846 0.04807692307692308 0.08173076923076923
1 0.29447115384615385 0.1622596153846154 0.057692307692307696 0.09615384615384616
1 0.3125 0.24278846153846154 0.0625 0.09615384615384616
1 0.3485576923076923 0.18389423076923078 0.057692307692307696 0.10576923076923077
1 0.39903846153846156 0.17427884615384615 0.0673076923076923 0.0673076923076923
1 0.4098557692307692 0.328125 0.0625 0.11057692307692307
1 0.4855769230769231 0.30288461538461536 0.04326923076923077 0.0673076923076923
1 0.5024038461538461 0.22596153846153846 0.03365384615384615 0.07692307692307693
1 0.47836538461538464 0.20192307692307693 0.04807692307692308 0.07211538461538461
1 0.38221153846153844 0.06610576923076923 0.04807692307692308 0.07692307692307693
1 0.4951923076923077 0.02403846153846154 0.04807692307692308 0.04807692307692308
1 0.53125 0.5024038461538461 0.02403846153846154 0.03365384615384615
1 0.5865384615384616 0.8317307692307693 0.04807692307692308 0.07692307692307693
1 0.5853365384615384 0.9675480769230769 0.05048076923076923 0.06490384615384616
1 0.6826923076923077 0.9771634615384616 0.057692307692307696 0.04567307692307692
1 0.8846153846153846 0.9375 0.04807692307692308 0.07211538461538461
1 0.9519230769230769 0.8990384615384616 0.04567307692307692 0.08653846153846154
1 0.7884615384615384 0.8245192307692307 0.038461538461538464 0.08413461538461539
1 0.7415865384615384 0.8293269230769231 0.052884615384615384 0.08173076923076923
1 0.8112980769230769 0.7103365384615384 0.04567307692307692 0.11298076923076923
1 0.7596153846153846 0.6682692307692307 0.052884615384615384 0.09134615384615384
1 0.7463942307692307 0.5324519230769231 0.06009615384615385 0.026442307692307692
1 0.6262019230769231 0.7584134615384616 0.057692307692307696 0.08173076923076923
1 0.6454326923076923 0.8161057692307693 0.052884615384615384 0.06971153846153846
1 0.6658653846153846 0.8858173076923077 0.052884615384615384 0.11538461538461539