0 0.28125 0.3425480769230769 0.10096153846153846 0.2091346153846154
0 0.1875 0.32211538461538464 0.07692307692307693 0.22115384615384615
0 0.6033653846153846 0.6454326923076923 0.09615384615384616 0.10817307692307693
0 0.7307692307692307 0.34134615384615385 0.14903846153846154 0.17307692307692307
0 0.5348557692307693 0.23798076923076922 0.18990384615384615 0.1466346153846154
0 0.6153846153846154 0.06370192307692307 0.11538461538461539 0.12740384615384615
1 0.7067307692307693 0.12860576923076922 0.0673076923076923 0.11538461538461539
1 0.40384615384615385 0.6526442307692307 0.028846153846153848 0.09375
1 0.49399038461538464 0.6057692307692307 0.07932692307692307 0.13942307692307693
1 0.5757211538461539 0.453125 0.06490384615384616 0.09375
1 0.4254807692307692 0.3449519230769231 0.07211538461538461 0.125
1 0.5060096153846154 0.0985576923076923 0.0625 0.09375
0 0.0673076923076923 0.9026442307692307 0.09615384615384616 0.19471153846153846
0 0.24278846153846154 0.7728365384615384 0.09134615384615384 0.1466346153846154
0 0.9435096153846154 0.9134615384615384 0.07451923076923077 0.11778846153846154
0 0.9038461538461539 0.7439903846153846 0.07692307692307693 0.08653846153846154