0 0.16706730769230768 0.5829326923076923 0.07932692307692307 0.03125
0 0.040865384615384616 0.4387019230769231 0.0625 0.038461538461538464
0 0.21394230769230768 0.3641826923076923 0.07211538461538461 0.03365384615384615
0 0.2127403846153846 0.4951923076923077 0.09615384615384616 0.0673076923076923
0 0.4110576923076923 0.5612980769230769 0.10096153846153846 0.04807692307692308
0 0.3786057692307692 0.4795673076923077 0.052884615384615384 0.028846153846153848
0 0.3425480769230769 0.41466346153846156 0.15625 0.0625
1 0.59375 0.17427884615384615 0.028846153846153848 0.04567307692307692
1 0.7199519230769231 0.3016826923076923 0.1201923076923077 0.0673076923076923
1 0.5961538461538461 0.8882211538461539 0.03365384615384615 0.055288461538461536
1 0.6286057692307693 0.6454326923076923 0.0985576923076923 0.09375
1 0.7872596153846154 0.8461538461538461 0.14423076923076922 0.07451923076923077
1 0.6682692307692307 0.9723557692307693 0.12980769230769232 0.055288461538461536
1 0.8112980769230769 0.75 0.12740384615384615 0.07451923076923077
1 0.9338942307692307 0.6586538461538461 0.13221153846153846 0.09134615384615384