0 0.17548076923076922 0.1971153846153846 0.1346153846153846 0.052884615384615384
0 0.09014423076923077 0.27884615384615385 0.125 0.04807692307692308
0 0.10336538461538461 0.41225961538461536 0.10096153846153846 0.09615384615384616
0 0.5552884615384616 0.12139423076923077 0.052884615384615384 0.028846153846153848
0 0.5745192307692307 0.021634615384615384 0.09134615384615384 0.04326923076923077
0 0.7043269230769231 0.036057692307692304 0.08653846153846154 0.07211538461538461
0 0.7211538461538461 0.19471153846153846 0.06490384615384616 0.040865384615384616
0 0.890625 0.08413461538461539 0.06009615384615385 0.038461538461538464
0 0.9194711538461539 0.016826923076923076 0.09375 0.03365384615384615
0 0.9651442307692307 0.15625 0.06971153846153846 0.04807692307692308
0 0.06610576923076923 0.5769230769230769 0.13221153846153846 0.052884615384615384
0 0.20793269230769232 0.6742788461538461 0.13701923076923078 0.052884615384615384
0 0.4567307692307692 0.6370192307692307 0.14423076923076922 0.052884615384615384
0 0.47596153846153844 0.5264423076923077 0.10576923076923077 0.03365384615384615
0 0.30649038461538464 0.53125 0.11298076923076923 0.08653846153846154
0 0.6682692307692307 0.9771634615384616 0.07692307692307693 0.04567307692307692
0 0.7524038461538461 0.9735576923076923 0.10576923076923077 0.052884615384615384