1 0.11298076923076923 0.15625 0.0673076923076923 0.11057692307692307
1 0.016826923076923076 0.1658653846153846 0.03365384615384615 0.09134615384615384
1 0.7019230769230769 0.5036057692307693 0.04326923076923077 0.08653846153846154
1 0.7752403846153846 0.5204326923076923 0.0625 0.0889423076923077
1 0.8930288461538461 0.7055288461538461 0.055288461538461536 0.125
1 0.8040865384615384 0.6670673076923077 0.04326923076923077 0.10096153846153846
1 0.7079326923076923 0.6923076923076923 0.04326923076923077 0.07211538461538461
0 0.8942307692307693 0.4543269230769231 0.07692307692307693 0.028846153846153848
0 0.5252403846153846 0.65625 0.0625 0.13701923076923078
0 0.6298076923076923 0.7235576923076923 0.052884615384615384 0.13942307692307693
0 0.765625 0.7439903846153846 0.07211538461538461 0.09375