0 0.21394230769230768 0.4495192307692308 0.10096153846153846 0.0625
1 0.9783653846153846 0.375 0.04326923076923077 0.052884615384615384
1 0.9495192307692307 0.33052884615384615 0.09615384615384616 0.04567307692307692
1 0.9146634615384616 0.2980769230769231 0.09615384615384616 0.04567307692307692
1 0.859375 0.37740384615384615 0.08173076923076923 0.04567307692307692
1 0.84375 0.32091346153846156 0.08653846153846154 0.04807692307692308
1 0.78125 0.3317307692307692 0.08653846153846154 0.052884615384615384
1 0.859375 0.22235576923076922 0.08413461538461539 0.04326923076923077
1 0.8521634615384616 0.17427884615384615 0.07692307692307693 0.05048076923076923
1 0.9591346153846154 0.07451923076923077 0.08173076923076923 0.04807692307692308
1 0.9254807692307693 0.015625 0.08173076923076923 0.03125
1 0.7391826923076923 0.15625 0.10336538461538461 0.0625
1 0.7007211538461539 0.20072115384615385 0.09615384615384616 0.0625
1 0.5240384615384616 0.21514423076923078 0.11057692307692307 0.0673076923076923
1 0.0733173076923077 0.8689903846153846 0.09134615384615384 0.0673076923076923
0 0.7668269230769231 0.5889423076923077 0.11057692307692307 0.06009615384615385
0 0.6790865384615384 0.546875 0.07451923076923077 0.016826923076923076
0 0.49158653846153844 0.5637019230769231 0.055288461538461536 0.03125
0 0.6610576923076923 0.6802884615384616 0.07211538461538461 0.04807692307692308
0 0.4170673076923077 0.6394230769230769 0.055288461538461536 0.04807692307692308