1 0.5973557692307693 0.31009615384615385 0.06490384615384616 0.10096153846153846
1 0.6045673076923077 0.11538461538461539 0.05048076923076923 0.10576923076923077
0 0.6478365384615384 0.5012019230769231 0.036057692307692304 0.13701923076923078
0 0.6658653846153846 0.35336538461538464 0.07211538461538461 0.07692307692307693
0 0.7403846153846154 0.44350961538461536 0.052884615384615384 0.12980769230769232
0 0.7668269230769231 0.30528846153846156 0.06971153846153846 0.10336538461538461
0 0.8137019230769231 0.23317307692307693 0.09615384615384616 0.12740384615384615
0 0.7115384615384616 0.15384615384615385 0.04326923076923077 0.11778846153846154
0 0.6502403846153846 0.07932692307692307 0.040865384615384616 0.13942307692307693
1 0.5192307692307693 0.6778846153846154 0.0625 0.10576923076923077
1 0.35216346153846156 0.6670673076923077 0.06490384615384616 0.1201923076923077
1 0.9711538461538461 0.6153846153846154 0.057692307692307696 0.09134615384615384
1 0.9639423076923077 0.78125 0.06490384615384616 0.10576923076923077
1 0.9170673076923077 0.8197115384615384 0.055288461538461536 0.09375
1 0.9338942307692307 0.9375 0.04807692307692308 0.07692307692307693
1 0.9783653846153846 0.9471153846153846 0.04326923076923077 0.07211538461538461
1 0.7692307692307693 0.9807692307692307 0.04326923076923077 0.038461538461538464