1 0.8100961538461539 0.609375 0.057692307692307696 0.07932692307692307
1 0.4723557692307692 0.6213942307692307 0.026442307692307692 0.055288461538461536
1 0.5949519230769231 0.6177884615384616 0.055288461538461536 0.0625
1 0.7584134615384616 0.5036057692307693 0.040865384615384616 0.07692307692307693
1 0.6586538461538461 0.515625 0.04326923076923077 0.06490384615384616
1 0.5588942307692307 0.5288461538461539 0.04326923076923077 0.07211538461538461
1 0.5192307692307693 0.3798076923076923 0.055288461538461536 0.08173076923076923
1 0.6069711538461539 0.3942307692307692 0.04807692307692308 0.09375
1 0.6478365384615384 0.3954326923076923 0.03365384615384615 0.07692307692307693
1 0.5805288461538461 0.27524038461538464 0.03365384615384615 0.07211538461538461
0 0.4675480769230769 0.4567307692307692 0.016826923076923076 0.14423076923076922
0 0.8509615384615384 0.6394230769230769 0.08173076923076923 0.019230769230769232
0 0.6850961538461539 0.16706730769230768 0.07692307692307693 0.10576923076923077
0 0.06490384615384616 0.9302884615384616 0.08173076923076923 0.07211538461538461
1 0.7548076923076923 0.9783653846153846 0.038461538461538464 0.04326923076923077
1 0.7115384615384616 0.9747596153846154 0.04807692307692308 0.05048076923076923
1 0.6262019230769231 0.9639423076923077 0.04567307692307692 0.07211538461538461
1 0.5216346153846154 0.9651442307692307 0.04807692307692308 0.06971153846153846
1 0.6850961538461539 0.8641826923076923 0.038461538461538464 0.07692307692307693
0 0.7932692307692307 0.7608173076923077 0.0673076923076923 0.0985576923076923