1 0.9134615384615384 0.03485576923076923 0.057692307692307696 0.06971153846153846
1 0.8125 0.03125 0.052884615384615384 0.0625
1 0.31850961538461536 0.5853365384615384 0.03125 0.03125
1 0.23557692307692307 0.6850961538461539 0.04567307692307692 0.06490384615384616
1 0.40865384615384615 0.6466346153846154 0.019230769230769232 0.0625
1 0.3762019230769231 0.8173076923076923 0.04807692307692308 0.10336538461538461
1 0.26802884615384615 0.8173076923076923 0.05048076923076923 0.0889423076923077
1 0.17427884615384615 0.828125 0.04807692307692308 0.08653846153846154
0 0.3173076923076923 0.7295673076923077 0.04807692307692308 0.13942307692307693
0 0.2824519230769231 0.5973557692307693 0.040865384615384616 0.055288461538461536
1 0.8629807692307693 0.6995192307692307 0.06971153846153846 0.1201923076923077
1 0.7548076923076923 0.7079326923076923 0.04807692307692308 0.09615384615384616