1 0.03365384615384615 0.07932692307692307 0.0673076923076923 0.14903846153846154
0 0.6682692307692307 0.28846153846153844 0.07692307692307693 0.08173076923076923
1 0.2920673076923077 0.8173076923076923 0.04567307692307692 0.10096153846153846
1 0.2283653846153846 0.8040865384615384 0.057692307692307696 0.11538461538461539
1 0.14302884615384615 0.7740384615384616 0.0625 0.10096153846153846
1 0.9086538461538461 0.9711538461538461 0.04807692307692308 0.057692307692307696
1 0.8305288461538461 0.9302884615384616 0.0625 0.10096153846153846
1 0.7704326923076923 0.8413461538461539 0.05048076923076923 0.08653846153846154
1 0.6875 0.7175480769230769 0.04807692307692308 0.0673076923076923
1 0.6262019230769231 0.5745192307692307 0.057692307692307696 0.08173076923076923
1 0.7175480769230769 0.5877403846153846 0.057692307692307696 0.0889423076923077
1 0.8233173076923077 0.5901442307692307 0.052884615384615384 0.10336538461538461
1 0.9074519230769231 0.6153846153846154 0.052884615384615384 0.09375
1 0.8605769230769231 0.7512019230769231 0.05048076923076923 0.08173076923076923
1 0.8990384615384616 0.8701923076923077 0.06971153846153846 0.11057692307692307
1 0.9675480769230769 0.7367788461538461 0.04567307692307692 0.0889423076923077
1 0.953125 0.6201923076923077 0.03365384615384615 0.0673076923076923
1 0.8846153846153846 0.4891826923076923 0.04567307692307692 0.08173076923076923
0 0.9747596153846154 0.40024038461538464 0.05048076923076923 0.14182692307692307
0 0.7307692307692307 0.8425480769230769 0.052884615384615384 0.12980769230769232
0 0.7572115384615384 0.6730769230769231 0.038461538461538464 0.1346153846153846