0 0.578125 0.20793269230769232 0.1201923076923077 0.0625
1 0.43028846153846156 0.42908653846153844 0.09134615384615384 0.052884615384615384
1 0.5745192307692307 0.49278846153846156 0.09134615384615384 0.038461538461538464
1 0.6790865384615384 0.5721153846153846 0.021634615384615384 0.04807692307692308
1 0.6069711538461539 0.6634615384615384 0.0625 0.04326923076923077
1 0.4362980769230769 0.5264423076923077 0.11538461538461539 0.04807692307692308
1 0.4543269230769231 0.6274038461538461 0.09375 0.06009615384615385
1 0.3545673076923077 0.6923076923076923 0.09615384615384616 0.057692307692307696
1 0.5997596153846154 0.7692307692307693 0.0673076923076923 0.038461538461538464
1 0.6009615384615384 0.8689903846153846 0.09615384615384616 0.052884615384615384
1 0.6742788461538461 0.9122596153846154 0.03125 0.06009615384615385
1 0.47836538461538464 0.7596153846153846 0.07211538461538461 0.038461538461538464
1 0.46634615384615385 0.7163461538461539 0.09375 0.0625
0 0.6622596153846154 0.5360576923076923 0.055288461538461536 0.052884615384615384
0 0.5252403846153846 0.5697115384615384 0.1466346153846154 0.038461538461538464
0 0.25841346153846156 0.8076923076923077 0.125 0.09375
1 0.953125 0.7091346153846154 0.09375 0.0673076923076923
1 0.8581730769230769 0.6502403846153846 0.07211538461538461 0.04567307692307692
1 0.8161057692307693 0.5036057692307693 0.10336538461538461 0.0625