1 0.13341346153846154 0.45552884615384615 0.052884615384615384 0.08173076923076923
1 0.21153846153846154 0.5408653846153846 0.052884615384615384 0.09615384615384616
1 0.328125 0.5997596153846154 0.05048076923076923 0.06009615384615385
1 0.4098557692307692 0.5492788461538461 0.052884615384615384 0.09134615384615384
1 0.34134615384615385 0.4855769230769231 0.052884615384615384 0.11057692307692307
1 0.1814903846153846 0.3449519230769231 0.038461538461538464 0.07692307692307693
1 0.2764423076923077 0.35336538461538464 0.04326923076923077 0.06971153846153846
1 0.38100961538461536 0.36899038461538464 0.04567307692307692 0.07211538461538461
1 0.41586538461538464 0.21394230769230768 0.04807692307692308 0.08653846153846154
1 0.3581730769230769 0.1141826923076923 0.04326923076923077 0.0673076923076923
1 0.3329326923076923 0.23317307692307693 0.04807692307692308 0.09134615384615384
1 0.28966346153846156 0.23798076923076922 0.04326923076923077 0.07211538461538461
0 0.08413461538461539 0.5096153846153846 0.08173076923076923 0.08173076923076923
0 0.8653846153846154 0.47836538461538464 0.038461538461538464 0.14423076923076922
1 0.25961538461538464 0.9278846153846154 0.04326923076923077 0.09134615384615384
0 0.828125 0.8485576923076923 0.028846153846153848 0.057692307692307696
0 0.9002403846153846 0.7512019230769231 0.052884615384615384 0.12259615384615384
0 0.7079326923076923 0.8737980769230769 0.0625 0.10576923076923077
0 0.7463942307692307 0.7295673076923077 0.03365384615384615 0.06971153846153846
0 0.7836538461538461 0.65625 0.04326923076923077 0.052884615384615384
1 0.5997596153846154 0.7764423076923077 0.05048076923076923 0.09134615384615384
1 0.6778846153846154 0.765625 0.052884615384615384 0.07211538461538461
1 0.8100961538461539 0.7211538461538461 0.04326923076923077 0.0625
1 0.8689903846153846 0.6670673076923077 0.040865384615384616 0.07451923076923077
1 0.6502403846153846 0.6706730769230769 0.04807692307692308 0.0673076923076923