0 0.203125 0.4182692307692308 0.11057692307692307 0.16346153846153846
0 0.17067307692307693 0.055288461538461536 0.07211538461538461 0.11057692307692307
0 0.38221153846153844 0.33052884615384615 0.10096153846153846 0.2091346153846154
0 0.47596153846153844 0.31009615384615385 0.07692307692307693 0.22115384615384615
0 0.5733173076923077 0.14182692307692307 0.03125 0.11538461538461539
0 0.3581730769230769 0.953125 0.04807692307692308 0.09375
0 0.2800480769230769 0.875 0.0625 0.07211538461538461
0 0.47836538461538464 0.9591346153846154 0.0625 0.08173076923076923
0 0.4651442307692308 0.6754807692307693 0.0985576923076923 0.10817307692307693
0 0.33533653846153844 0.6850961538461539 0.04326923076923077 0.09615384615384616
0 0.25 0.6298076923076923 0.057692307692307696 0.08173076923076923
0 0.578125 0.9387019230769231 0.040865384615384616 0.12259615384615384
0 0.5985576923076923 0.8052884615384616 0.06971153846153846 0.10336538461538461
0 0.6454326923076923 0.7331730769230769 0.09615384615384616 0.12740384615384615