1 0.03125 0.08774038461538461 0.0625 0.055288461538461536
1 0.26322115384615385 0.0985576923076923 0.10576923076923077 0.0673076923076923
0 0.31850961538461536 0.8689903846153846 0.125 0.07451923076923077
0 0.6322115384615384 0.9639423076923077 0.15865384615384615 0.07211538461538461
0 0.44711538461538464 0.6947115384615384 0.057692307692307696 0.10096153846153846
0 0.8052884615384616 0.7524038461538461 0.15384615384615385 0.17067307692307693
0 0.9639423076923077 0.6850961538461539 0.07211538461538461 0.1201923076923077
1 0.7007211538461539 0.8762019230769231 0.1201923076923077 0.06971153846153846
1 0.47115384615384615 0.8064903846153846 0.10576923076923077 0.07451923076923077
1 0.5949519230769231 0.7283653846153846 0.10817307692307693 0.0673076923076923
1 0.9230769230769231 0.5997596153846154 0.12980769230769232 0.07932692307692307
1 0.9423076923076923 0.7908653846153846 0.11538461538461539 0.08173076923076923
1 0.9399038461538461 0.9206730769230769 0.1201923076923077 0.0625
0 0.6959134615384616 0.5961538461538461 0.20673076923076922 0.11538461538461539