1 0.26802884615384615 0.2091346153846154 0.052884615384615384 0.09254807692307693
1 0.3485576923076923 0.12139423076923077 0.051682692307692304 0.09014423076923077
1 0.4675480769230769 0.06610576923076923 0.03485576923076923 0.07932692307692307
1 0.4807692307692308 0.18870192307692307 0.06009615384615385 0.09615384615384616
1 0.5456730769230769 0.12860576923076922 0.06009615384615385 0.0985576923076923
1 0.6081730769230769 0.21033653846153846 0.037259615384615384 0.06850961538461539
1 0.5144230769230769 0.30649038461538464 0.037259615384615384 0.07572115384615384
1 0.41225961538461536 0.3161057692307692 0.04807692307692308 0.07932692307692307
1 0.3173076923076923 0.31850961538461536 0.038461538461538464 0.07572115384615384
1 0.4230769230769231 0.43509615384615385 0.040865384615384616 0.06971153846153846
1 0.4639423076923077 0.4423076923076923 0.055288461538461536 0.07932692307692307
1 0.5528846153846154 0.4651442307692308 0.05048076923076923 0.08533653846153846
1 0.6574519230769231 0.47115384615384615 0.04567307692307692 0.09014423076923077
1 0.7548076923076923 0.4807692307692308 0.046875 0.07091346153846154
1 0.6850961538461539 0.3401442307692308 0.038461538461538464 0.06490384615384616
1 0.49038461538461536 0.5649038461538461 0.039663461538461536 0.07211538461538461
0 0.609375 0.38822115384615385 0.038461538461538464 0.14302884615384615
0 0.640625 0.21634615384615385 0.04447115384615385 0.12139423076923077
0 0.21875 0.1502403846153846 0.078125 0.07692307692307693
0 0.38221153846153844 0.6634615384615384 0.08052884615384616 0.10216346153846154