1 0.17908653846153846 0.296875 0.040865384615384616 0.11538461538461539
1 0.28725961538461536 0.17427884615384615 0.040865384615384616 0.07692307692307693
0 0.7788461538461539 0.2776442307692308 0.07692307692307693 0.09134615384615384
1 0.17908653846153846 0.7836538461538461 0.04807692307692308 0.09375
1 0.2620192307692308 0.8701923076923077 0.04807692307692308 0.09615384615384616
1 0.375 0.9362980769230769 0.036057692307692304 0.07211538461538461
1 0.38822115384615385 0.8137019230769231 0.04807692307692308 0.10576923076923077
1 0.45552884615384615 0.8762019230769231 0.04807692307692308 0.08653846153846154
1 0.2247596153846154 0.6730769230769231 0.038461538461538464 0.07211538461538461
1 0.3233173076923077 0.6790865384615384 0.036057692307692304 0.0673076923076923
1 0.43028846153846156 0.6971153846153846 0.040865384615384616 0.07211538461538461
1 0.5180288461538461 0.7932692307692307 0.03365384615384615 0.0625
1 0.5817307692307693 0.6754807692307693 0.014423076923076924 0.0673076923076923
1 0.5685096153846154 0.5432692307692307 0.040865384615384616 0.08653846153846154
1 0.46634615384615385 0.5396634615384616 0.038461538461538464 0.07932692307692307
1 0.38100961538461536 0.5600961538461539 0.04807692307692308 0.08653846153846154
1 0.33413461538461536 0.5661057692307693 0.04326923076923077 0.0673076923076923
0 0.12980769230769232 0.8365384615384616 0.06971153846153846 0.09134615384615384
0 0.5516826923076923 0.796875 0.04326923076923077 0.12259615384615384
0 0.5240384615384616 0.6201923076923077 0.036057692307692304 0.13942307692307693
1 0.8125 0.9831730769230769 0.0673076923076923 0.03365384615384615
1 0.9158653846153846 0.9831730769230769 0.04807692307692308 0.03365384615384615