0 0.43028846153846156 0.24278846153846154 0.0673076923076923 0.08653846153846154
0 0.3173076923076923 0.22235576923076922 0.04326923076923077 0.10576923076923077
1 0.8701923076923077 0.3125 0.055288461538461536 0.08653846153846154
1 0.15264423076923078 0.9867788461538461 0.04567307692307692 0.026442307692307692
1 0.19591346153846154 0.9807692307692307 0.05048076923076923 0.038461538461538464
1 0.28125 0.9711538461538461 0.04807692307692308 0.057692307692307696
1 0.3870192307692308 0.9699519230769231 0.04807692307692308 0.06009615384615385
1 0.4807692307692308 0.9675480769230769 0.038461538461538464 0.06490384615384616
1 0.22355769230769232 0.8774038461538461 0.04326923076923077 0.07211538461538461
0 0.11899038461538461 0.7740384615384616 0.07211538461538461 0.09615384615384616
0 0.9543269230769231 0.6995192307692307 0.038461538461538464 0.13701923076923078