0 0.046875 0.2644230769230769 0.09375 0.11538461538461539
0 0.2692307692307692 0.4026442307692308 0.23557692307692307 0.07451923076923077
0 0.24158653846153846 0.27524038461538464 0.1778846153846154 0.07451923076923077
0 0.36899038461538464 0.33052884615384615 0.14182692307692307 0.0985576923076923
1 0.15985576923076922 0.04807692307692308 0.10096153846153846 0.08173076923076923
1 0.3605769230769231 0.10216346153846154 0.11538461538461539 0.0625
0 0.7319711538461539 0.17427884615384615 0.13942307692307693 0.055288461538461536
1 0.25240384615384615 0.5228365384615384 0.10096153846153846 0.052884615384615384
1 0.33052884615384615 0.6334134615384616 0.11538461538461539 0.0625
1 0.030048076923076924 0.5985576923076923 0.06009615384615385 0.04326923076923077
0 0.4807692307692308 0.5168269230769231 0.08173076923076923 0.11057692307692307
0 0.7872596153846154 0.5841346153846154 0.08173076923076923 0.04807692307692308
0 0.6237980769230769 0.5456730769230769 0.1346153846153846 0.0673076923076923
0 0.5721153846153846 0.6646634615384616 0.15865384615384615 0.09134615384615384
0 0.8834134615384616 0.6850961538461539 0.16346153846153846 0.10096153846153846
1 0.6754807692307693 0.4543269230769231 0.11538461538461539 0.028846153846153848
1 0.8509615384615384 0.4795673076923077 0.11778846153846154 0.057692307692307696
0 0.9795673076923077 0.5444711538461539 0.040865384615384616 0.06971153846153846