1 0.06971153846153846 0.48197115384615385 0.11538461538461539 0.06971153846153846
1 0.18028846153846154 0.4254807692307692 0.0889423076923077 0.052884615384615384
1 0.21754807692307693 0.27403846153846156 0.11057692307692307 0.0673076923076923
1 0.6430288461538461 0.5108173076923077 0.026442307692307692 0.05048076923076923
1 0.7704326923076923 0.3870192307692308 0.11057692307692307 0.06490384615384616
1 0.03245192307692308 0.9543269230769231 0.06490384615384616 0.07692307692307693
1 0.18028846153846154 0.96875 0.1201923076923077 0.0625
0 0.19951923076923078 0.7139423076923077 0.25961538461538464 0.11538461538461539
0 0.3016826923076923 0.8689903846153846 0.1875 0.06971153846153846
0 0.43990384615384615 0.7548076923076923 0.19230769230769232 0.13942307692307693
0 0.7079326923076923 0.7980769230769231 0.11538461538461539 0.0625