0 0.9338942307692307 0.09254807692307693 0.057692307692307696 0.11298076923076923
0 0.7608173076923077 0.13581730769230768 0.07211538461538461 0.15384615384615385
0 0.9387019230769231 0.30649038461538464 0.052884615384615384 0.08653846153846154
0 0.8581730769230769 0.3870192307692308 0.057692307692307696 0.0625
0 0.7596153846153846 0.359375 0.09615384615384616 0.11778846153846154
0 0.12139423076923077 0.5084134615384616 0.07932692307692307 0.07692307692307693
0 0.35697115384615385 0.47836538461538464 0.06490384615384616 0.1201923076923077
0 0.39663461538461536 0.6418269230769231 0.07692307692307693 0.09615384615384616
0 0.3329326923076923 0.828125 0.08173076923076923 0.09134615384615384
1 0.8269230769230769 0.4483173076923077 0.052884615384615384 0.06009615384615385
1 0.6514423076923077 0.5 0.057692307692307696 0.11057692307692307
1 0.6983173076923077 0.5432692307692307 0.052884615384615384 0.10096153846153846
1 0.7115384615384616 0.7091346153846154 0.0625 0.11057692307692307