1 0.6454326923076923 0.09615384615384616 0.0625 0.10216346153846154
1 0.47475961538461536 0.25721153846153844 0.07692307692307693 0.13942307692307693
1 0.609375 0.2920673076923077 0.06610576923076923 0.11298076923076923
1 0.5444711538461539 0.38221153846153844 0.06610576923076923 0.09735576923076923
1 0.6394230769230769 0.47716346153846156 0.07451923076923077 0.1201923076923077
1 0.7151442307692307 0.5769230769230769 0.0673076923076923 0.1045673076923077
1 0.5 0.5997596153846154 0.0733173076923077 0.13581730769230768
1 0.4050480769230769 0.625 0.07091346153846154 0.12980769230769232
1 0.296875 0.4170673076923077 0.09975961538461539 0.15144230769230768
1 0.3173076923076923 0.7524038461538461 0.08052884615384616 0.12379807692307693
1 0.6141826923076923 0.8581730769230769 0.06009615384615385 0.11658653846153846