0 0.44591346153846156 0.43990384615384615 0.07692307692307693 0.11538461538461539
0 0.21033653846153846 0.4951923076923077 0.06971153846153846 0.08653846153846154
0 0.3137019230769231 0.453125 0.06490384615384616 0.14423076923076922
1 0.9879807692307693 0.49399038461538464 0.02403846153846154 0.0889423076923077
1 0.38341346153846156 0.8497596153846154 0.05048076923076923 0.09615384615384616
1 0.34134615384615385 0.9471153846153846 0.04807692307692308 0.0673076923076923
1 0.17067307692307693 0.8798076923076923 0.04567307692307692 0.08653846153846154
1 0.08774038461538461 0.9471153846153846 0.038461538461538464 0.08173076923076923
1 0.006009615384615385 0.8413461538461539 0.01201923076923077 0.08653846153846154
1 0.046875 0.7560096153846154 0.036057692307692304 0.0673076923076923
1 0.1141826923076923 0.7367788461538461 0.052884615384615384 0.08173076923076923
1 0.11177884615384616 0.65625 0.055288461538461536 0.07692307692307693
1 0.18629807692307693 0.6790865384615384 0.040865384615384616 0.08173076923076923
1 0.1778846153846154 0.7764423076923077 0.036057692307692304 0.0673076923076923
1 0.25841346153846156 0.7512019230769231 0.052884615384615384 0.10576923076923077
1 0.3233173076923077 0.6550480769230769 0.03365384615384615 0.07211538461538461
0 0.28846153846153844 0.5745192307692307 0.07211538461538461 0.07211538461538461
0 0.040865384615384616 0.6971153846153846 0.057692307692307696 0.11538461538461539
0 0.2824519230769231 0.90625 0.06490384615384616 0.11538461538461539
0 0.02283653846153846 0.9362980769230769 0.04567307692307692 0.12740384615384615