0 0.36899038461538464 0.07091346153846154 0.08653846153846154 0.038461538461538464
0 0.2091346153846154 0.23677884615384615 0.18269230769230768 0.0889423076923077
0 0.13942307692307693 0.08052884615384616 0.08653846153846154 0.04807692307692308
0 0.06009615384615385 0.01201923076923077 0.1201923076923077 0.02403846153846154
1 0.7668269230769231 0.5384615384615384 0.08173076923076923 0.038461538461538464
1 0.7295673076923077 0.5072115384615384 0.07932692307692307 0.04807692307692308
1 0.6478365384615384 0.5036057692307693 0.07932692307692307 0.04326923076923077
1 0.6502403846153846 0.5432692307692307 0.07932692307692307 0.028846153846153848
0 0.4230769230769231 0.8016826923076923 0.13221153846153846 0.052884615384615384
1 0.9519230769230769 0.9435096153846154 0.09615384615384616 0.06009615384615385
1 0.8653846153846154 0.9074519230769231 0.09134615384615384 0.04807692307692308
1 0.9026442307692307 0.8689903846153846 0.08173076923076923 0.04807692307692308
1 0.9483173076923077 0.8233173076923077 0.09615384615384616 0.057692307692307696
1 0.9903846153846154 0.8052884615384616 0.019230769230769232 0.0625
1 0.9579326923076923 0.7692307692307693 0.08413461538461539 0.057692307692307696
1 0.9603365384615384 0.71875 0.0673076923076923 0.0673076923076923
1 0.9867788461538461 0.6081730769230769 0.026442307692307692 0.04807692307692308
1 0.9759615384615384 0.6394230769230769 0.04807692307692308 0.04807692307692308
1 0.8521634615384616 0.7355769230769231 0.07692307692307693 0.04807692307692308
1 0.6899038461538461 0.7355769230769231 0.07932692307692307 0.05048076923076923
1 0.7836538461538461 0.6177884615384616 0.10096153846153846 0.057692307692307696