1 0.3798076923076923 0.38461538461538464 0.0889423076923077 0.04807692307692308
1 0.5264423076923077 0.38341346153846156 0.0889423076923077 0.052884615384615384
1 0.5625 0.28846153846153844 0.10336538461538461 0.055288461538461536
1 0.44711538461538464 0.3004807692307692 0.07692307692307693 0.038461538461538464
1 0.4651442307692308 0.33653846153846156 0.11538461538461539 0.057692307692307696
1 0.36538461538461536 0.32211538461538464 0.08173076923076923 0.052884615384615384
1 0.30288461538461536 0.3425480769230769 0.07692307692307693 0.0625
1 0.37740384615384615 0.2283653846153846 0.08173076923076923 0.04326923076923077
1 0.3701923076923077 0.18269230769230768 0.07692307692307693 0.040865384615384616
1 0.25600961538461536 0.16466346153846154 0.10336538461538461 0.0625
1 0.2127403846153846 0.2127403846153846 0.10096153846153846 0.057692307692307696
1 0.051682692307692304 0.22115384615384615 0.10336538461538461 0.057692307692307696
1 0.4795673076923077 0.09014423076923077 0.08653846153846154 0.04567307692307692
1 0.44471153846153844 0.021634615384615384 0.09134615384615384 0.04326923076923077
1 0.7139423076923077 0.027644230769230768 0.09134615384615384 0.055288461538461536
1 0.8137019230769231 0.06009615384615385 0.0625 0.028846153846153848
1 0.9194711538461539 0.027644230769230768 0.0625 0.038461538461538464
1 0.9711538461538461 0.07692307692307693 0.057692307692307696 0.03365384615384615
1 0.9579326923076923 0.13701923076923078 0.052884615384615384 0.03365384615384615
1 0.8305288461538461 0.14903846153846154 0.0673076923076923 0.036057692307692304
1 0.6838942307692307 0.125 0.05048076923076923 0.04326923076923077
1 0.5745192307692307 0.9915865384615384 0.08173076923076923 0.016826923076923076
1 0.5757211538461539 0.7295673076923077 0.125 0.06009615384615385
1 0.5504807692307693 0.6514423076923077 0.08173076923076923 0.04807692307692308
1 0.48197115384615385 0.6322115384615384 0.07692307692307693 0.04567307692307692
1 0.44471153846153844 0.6598557692307693 0.0673076923076923 0.038461538461538464
1 0.421875 0.7355769230769231 0.07211538461538461 0.0673076923076923
1 0.49278846153846156 0.8221153846153846 0.09615384615384616 0.057692307692307696
1 0.4230769230769231 0.9615384615384616 0.10096153846153846 0.0625
1 0.3317307692307692 0.9242788461538461 0.08413461538461539 0.052884615384615384
1 0.36899038461538464 0.8918269230769231 0.07211538461538461 0.052884615384615384
1 0.40384615384615385 0.8473557692307693 0.11057692307692307 0.0673076923076923
1 0.42427884615384615 0.7908653846153846 0.10817307692307693 0.057692307692307696
1 0.31490384615384615 0.7536057692307693 0.07451923076923077 0.04326923076923077
1 0.24879807692307693 0.6382211538461539 0.10096153846153846 0.057692307692307696
1 0.15504807692307693 0.7548076923076923 0.07692307692307693 0.04567307692307692
0 0.8617788461538461 0.6742788461538461 0.07692307692307693 0.08653846153846154