1 0.36658653846153844 0.10576923076923077 0.052884615384615384 0.10576923076923077
1 0.23798076923076922 0.054086538461538464 0.04807692307692308 0.09134615384615384
1 0.09014423076923077 0.15745192307692307 0.040865384615384616 0.07211538461538461
0 0.12980769230769232 0.020432692307692308 0.052884615384615384 0.040865384615384616
1 0.5480769230769231 0.06009615384615385 0.0625 0.1201923076923077
1 0.65625 0.0625 0.055288461538461536 0.09615384615384616
0 0.2764423076923077 0.6105769230769231 0.04807692307692308 0.15865384615384615
1 0.9182692307692307 0.44350961538461536 0.03365384615384615 0.03125
1 0.8173076923076923 0.4543269230769231 0.03365384615384615 0.052884615384615384
1 0.7223557692307693 0.4579326923076923 0.036057692307692304 0.06009615384615385
1 0.8293269230769231 0.5673076923076923 0.038461538461538464 0.07692307692307693
1 0.8725961538461539 0.5685096153846154 0.057692307692307696 0.09134615384615384
1 0.9591346153846154 0.5877403846153846 0.04567307692307692 0.0889423076923077
1 0.9002403846153846 0.6887019230769231 0.038461538461538464 0.0673076923076923
0 0.7932692307692307 0.7944711538461539 0.07451923076923077 0.0985576923076923