1 0.2620192307692308 0.1622596153846154 0.12980769230769232 0.055288461538461536
1 0.26802884615384615 0.09134615384615384 0.16105769230769232 0.052884615384615384
1 0.17307692307692307 0.028846153846153848 0.1201923076923077 0.057692307692307696
1 0.32572115384615385 0.7620192307692307 0.04567307692307692 0.0625
1 0.17908653846153846 0.7091346153846154 0.14423076923076922 0.052884615384615384
1 0.1502403846153846 0.6201923076923077 0.125 0.057692307692307696
1 0.17067307692307693 0.7980769230769231 0.15384615384615385 0.08413461538461539
1 0.018028846153846152 0.6899038461538461 0.036057692307692304 0.07692307692307693
0 0.25841346153846156 0.5132211538461539 0.18028846153846154 0.10336538461538461
0 0.13341346153846154 0.27524038461538464 0.18028846153846154 0.05048076923076923
0 0.07572115384615384 0.3293269230769231 0.15144230769230768 0.14903846153846154
0 0.06129807692307692 0.47836538461538464 0.12259615384615384 0.11538461538461539
0 0.013221153846153846 0.5216346153846154 0.026442307692307692 0.1201923076923077
1 0.8028846153846154 0.6899038461538461 0.10096153846153846 0.052884615384615384
1 0.765625 0.5612980769230769 0.07692307692307693 0.04807692307692308
1 0.5564903846153846 0.7079326923076923 0.11298076923076923 0.06490384615384616