1 0.4579326923076923 0.38221153846153844 0.09615384615384616 0.055288461538461536
1 0.49158653846153844 0.2644230769230769 0.055288461538461536 0.04807692307692308
1 0.4519230769230769 0.18629807692307693 0.10096153846153846 0.0625
1 0.3629807692307692 0.12620192307692307 0.08653846153846154 0.05048076923076923
1 0.23918269230769232 0.04326923076923077 0.0673076923076923 0.04807692307692308
1 0.109375 0.0733173076923077 0.0889423076923077 0.057692307692307696
1 0.11177884615384616 0.17908653846153846 0.10336538461538461 0.052884615384615384
1 0.13701923076923078 0.26322115384615385 0.09375 0.052884615384615384
1 0.27283653846153844 0.21634615384615385 0.08173076923076923 0.05048076923076923
1 0.3918269230769231 0.2548076923076923 0.11057692307692307 0.06971153846153846
1 0.25721153846153844 0.41586538461538464 0.08653846153846154 0.04326923076923077
1 0.25841346153846156 0.3233173076923077 0.0889423076923077 0.04567307692307692
1 0.14182692307692307 0.3088942307692308 0.0673076923076923 0.03365384615384615
1 0.025240384615384616 0.23918269230769232 0.05048076923076923 0.04567307692307692
1 0.36778846153846156 0.46033653846153844 0.09375 0.0625
0 0.3641826923076923 0.08653846153846154 0.12980769230769232 0.052884615384615384
0 0.421875 0.49038461538461536 0.08413461538461539 0.038461538461538464
0 0.19471153846153846 0.11298076923076923 0.1346153846153846 0.038461538461538464
0 0.9663461538461539 0.09495192307692307 0.0673076923076923 0.05048076923076923
0 0.9375 0.22355769230769232 0.05048076923076923 0.028846153846153848
0 0.8088942307692307 0.3389423076923077 0.0985576923076923 0.04807692307692308
0 0.7608173076923077 0.22235576923076922 0.07451923076923077 0.04807692307692308
0 0.7379807692307693 0.11057692307692307 0.07692307692307693 0.036057692307692304