0 0.43028846153846156 0.2403846153846154 0.02403846153846154 0.08173076923076923
0 0.6394230769230769 0.14423076923076922 0.0673076923076923 0.14423076923076922
0 0.6754807692307693 0.2860576923076923 0.057692307692307696 0.11778846153846154
0 0.5288461538461539 0.25841346153846156 0.05048076923076923 0.11298076923076923
0 0.06009615384615385 0.7451923076923077 0.08653846153846154 0.15384615384615385
0 0.09014423076923077 0.8978365384615384 0.06009615384615385 0.12980769230769232
1 0.6887019230769231 0.5769230769230769 0.040865384615384616 0.057692307692307696
1 0.6442307692307693 0.5817307692307693 0.04326923076923077 0.0673076923076923
1 0.5612980769230769 0.6057692307692307 0.04807692307692308 0.10336538461538461
1 0.453125 0.6057692307692307 0.05048076923076923 0.0889423076923077
1 0.6201923076923077 0.6899038461538461 0.03365384615384615 0.07692307692307693
0 0.7223557692307693 0.7980769230769231 0.08653846153846154 0.1201923076923077
0 0.5024038461538461 0.5673076923076923 0.04807692307692308 0.038461538461538464