1 0.01201923076923077 0.16826923076923078 0.02403846153846154 0.04326923076923077
1 0.027644230769230768 0.19951923076923078 0.055288461538461536 0.03365384615384615
1 0.040865384615384616 0.27524038461538464 0.0673076923076923 0.0625
1 0.01201923076923077 0.3605769230769231 0.02403846153846154 0.0625
1 0.040865384615384616 0.3317307692307692 0.08173076923076923 0.052884615384615384
1 0.055288461538461536 0.3870192307692308 0.10336538461538461 0.057692307692307696
1 0.09615384615384616 0.421875 0.07692307692307693 0.036057692307692304
1 0.3125 0.296875 0.08173076923076923 0.04807692307692308
1 0.15264423076923078 0.2956730769230769 0.07932692307692307 0.04807692307692308
1 0.21754807692307693 0.17668269230769232 0.11057692307692307 0.06009615384615385
1 0.24158653846153846 0.9615384615384616 0.08653846153846154 0.04326923076923077
1 0.23317307692307693 0.8942307692307693 0.11057692307692307 0.0673076923076923
1 0.1201923076923077 0.9146634615384616 0.10576923076923077 0.057692307692307696
0 0.6274038461538461 0.859375 0.0673076923076923 0.03125
0 0.7548076923076923 0.7103365384615384 0.08173076923076923 0.038461538461538464
0 0.7980769230769231 0.8100961538461539 0.1201923076923077 0.057692307692307696
0 0.7824519230769231 0.9338942307692307 0.057692307692307696 0.038461538461538464
0 0.9615384615384616 0.8245192307692307 0.05048076923076923 0.040865384615384616
0 0.96875 0.7379807692307693 0.0625 0.052884615384615384