1 0.2644230769230769 0.21754807692307693 0.055288461538461536 0.09735576923076923
1 0.34975961538461536 0.1346153846153846 0.04447115384615385 0.09014423076923077
1 0.46274038461538464 0.06850961538461539 0.036057692307692304 0.07211538461538461
1 0.5420673076923077 0.12980769230769232 0.04447115384615385 0.08173076923076923
1 0.6045673076923077 0.20673076923076922 0.03125 0.07091346153846154
1 0.5132211538461539 0.3016826923076923 0.038461538461538464 0.06971153846153846
1 0.4098557692307692 0.3245192307692308 0.038461538461538464 0.06971153846153846
1 0.3161057692307692 0.3269230769230769 0.04326923076923077 0.06490384615384616
1 0.42427884615384615 0.4375 0.037259615384615384 0.0625
1 0.46875 0.4375 0.05048076923076923 0.0889423076923077
1 0.5528846153846154 0.4651442307692308 0.04447115384615385 0.08533653846153846
1 0.4951923076923077 0.5637019230769231 0.037259615384615384 0.07572115384615384
1 0.6598557692307693 0.46274038461538464 0.046875 0.0829326923076923
1 0.6838942307692307 0.3317307692307692 0.038461538461538464 0.06971153846153846
1 0.7536057692307693 0.47115384615384615 0.036057692307692304 0.06370192307692307
0 0.6165865384615384 0.38221153846153844 0.03365384615384615 0.140625
0 0.6382211538461539 0.20673076923076922 0.042067307692307696 0.13341346153846154
0 0.21995192307692307 0.16346153846153846 0.06971153846153846 0.08052884615384616
0 0.3918269230769231 0.6658653846153846 0.07692307692307693 0.09495192307692307
1 0.47836538461538464 0.19110576923076922 0.056490384615384616 0.10817307692307693