1 0.2692307692307692 0.21514423076923078 0.051682692307692304 0.10697115384615384
1 0.35216346153846156 0.12379807692307693 0.052884615384615384 0.09975961538461539
1 0.46634615384615385 0.0673076923076923 0.037259615384615384 0.07451923076923077
1 0.4807692307692308 0.18990384615384615 0.04567307692307692 0.09134615384615384
1 0.5456730769230769 0.125 0.05048076923076923 0.0829326923076923
1 0.609375 0.21514423076923078 0.03125 0.07451923076923077
1 0.6923076923076923 0.33653846153846156 0.04567307692307692 0.06490384615384616
1 0.5144230769230769 0.2980769230769231 0.030048076923076924 0.0625
1 0.41225961538461536 0.31850961538461536 0.037259615384615384 0.07572115384615384
1 0.31971153846153844 0.3245192307692308 0.04326923076923077 0.078125
1 0.4230769230769231 0.4326923076923077 0.040865384615384616 0.07211538461538461
1 0.46875 0.4387019230769231 0.04326923076923077 0.07932692307692307
1 0.5516826923076923 0.46875 0.04807692307692308 0.10336538461538461
1 0.6598557692307693 0.46875 0.05048076923076923 0.0889423076923077
1 0.7536057692307693 0.4795673076923077 0.04807692307692308 0.08533653846153846
1 0.49278846153846156 0.5528846153846154 0.03485576923076923 0.078125
0 0.22115384615384615 0.1502403846153846 0.08774038461538461 0.07692307692307693
0 0.390625 0.6610576923076923 0.08533653846153846 0.1201923076923077
0 0.6105769230769231 0.38100961538461536 0.04927884615384615 0.13942307692307693
0 0.6442307692307693 0.21514423076923078 0.040865384615384616 0.125