1 0.19831730769230768 0.2403846153846154 0.10096153846153846 0.04326923076923077
1 0.11298076923076923 0.15985576923076922 0.09375 0.052884615384615384
1 0.052884615384615384 0.04326923076923077 0.07692307692307693 0.040865384615384616
1 0.17067307692307693 0.03125 0.10096153846153846 0.052884615384615384
1 0.2956730769230769 0.006009615384615385 0.0673076923076923 0.01201923076923077
1 0.3016826923076923 0.09615384615384616 0.06490384615384616 0.038461538461538464
1 0.3088942307692308 0.1935096153846154 0.07211538461538461 0.04326923076923077
1 0.4206730769230769 0.04567307692307692 0.07692307692307693 0.04807692307692308
1 0.4206730769230769 0.08533653846153846 0.0673076923076923 0.038461538461538464
0 0.14302884615384615 0.28966346153846156 0.08413461538461539 0.07932692307692307
1 0.4855769230769231 0.3269230769230769 0.052884615384615384 0.038461538461538464
1 0.6129807692307693 0.3737980769230769 0.09134615384615384 0.05048076923076923
1 0.6382211538461539 0.28846153846153844 0.08653846153846154 0.052884615384615384
1 0.6334134615384616 0.1814903846153846 0.07692307692307693 0.052884615384615384
1 0.6430288461538461 0.0889423076923077 0.07211538461538461 0.04326923076923077
1 0.5060096153846154 0.15985576923076922 0.06490384615384616 0.04807692307692308
1 0.7391826923076923 0.3473557692307692 0.0673076923076923 0.04326923076923077
0 0.5600961538461539 0.2283653846153846 0.12980769230769232 0.038461538461538464
0 0.30649038461538464 0.5877403846153846 0.08173076923076923 0.0673076923076923
0 0.32572115384615385 0.7055288461538461 0.13701923076923078 0.052884615384615384
0 0.20673076923076922 0.8197115384615384 0.13942307692307693 0.07211538461538461
0 0.3449519230769231 0.859375 0.1201923076923077 0.057692307692307696