0 0.12980769230769232 0.45552884615384615 0.10576923076923077 0.026442307692307692
0 0.6658653846153846 0.45913461538461536 0.11057692307692307 0.019230769230769232
0 0.06129807692307692 0.7403846153846154 0.11057692307692307 0.07211538461538461
1 0.5769230769230769 0.6586538461538461 0.11538461538461539 0.07692307692307693
1 0.59375 0.7776442307692307 0.11538461538461539 0.06490384615384616
1 0.8557692307692307 0.8569711538461539 0.16826923076923078 0.10336538461538461
1 0.7884615384615384 0.7235576923076923 0.11298076923076923 0.0625
1 0.7692307692307693 0.6033653846153846 0.13221153846153846 0.07211538461538461
1 0.9435096153846154 0.6442307692307693 0.11298076923076923 0.09134615384615384
1 0.9651442307692307 0.7752403846153846 0.06971153846153846 0.06490384615384616
0 0.8918269230769231 0.5024038461538461 0.12980769230769232 0.0673076923076923
0 0.9699519230769231 0.5228365384615384 0.06009615384615385 0.10817307692307693