0 0.3389423076923077 0.1622596153846154 0.06971153846153846 0.07211538461538461
0 0.3088942307692308 0.015625 0.0985576923076923 0.03125
0 0.6201923076923077 0.025240384615384616 0.028846153846153848 0.05048076923076923
0 0.6947115384615384 0.10576923076923077 0.04807692307692308 0.11778846153846154
0 0.5396634615384616 0.12860576923076922 0.036057692307692304 0.0673076923076923
0 0.5769230769230769 0.2127403846153846 0.038461538461538464 0.07211538461538461
0 0.6346153846153846 0.28365384615384615 0.04567307692307692 0.08413461538461539
1 0.4699519230769231 0.3329326923076923 0.04567307692307692 0.09134615384615384
1 0.44471153846153844 0.19230769230769232 0.040865384615384616 0.06971153846153846
1 0.5348557692307693 0.42908653846153844 0.055288461538461536 0.06009615384615385
1 0.6021634615384616 0.14182692307692307 0.03365384615384615 0.06490384615384616
1 0.6670673076923077 0.1935096153846154 0.04807692307692308 0.08173076923076923
0 0.5048076923076923 0.026442307692307692 0.07211538461538461 0.052884615384615384
1 0.4735576923076923 0.10216346153846154 0.04807692307692308 0.0625
0 0.6237980769230769 0.4098557692307692 0.0889423076923077 0.0985576923076923
1 0.11177884615384616 0.49759615384615385 0.04567307692307692 0.07692307692307693
1 0.21875 0.6237980769230769 0.038461538461538464 0.07211538461538461