1 0.5685096153846154 0.1310096153846154 0.08653846153846154 0.05048076923076923
1 0.5757211538461539 0.20072115384615385 0.11057692307692307 0.0673076923076923
1 0.6826923076923077 0.1778846153846154 0.10096153846153846 0.0625
0 0.32211538461538464 0.6153846153846154 0.11057692307692307 0.0625
0 0.1502403846153846 0.6622596153846154 0.12259615384615384 0.07451923076923077
0 0.015625 0.5853365384615384 0.03125 0.05048076923076923
0 0.22235576923076922 0.5685096153846154 0.07451923076923077 0.05048076923076923
0 0.2644230769230769 0.4951923076923077 0.10576923076923077 0.0625
0 0.9723557692307693 0.6225961538461539 0.055288461538461536 0.04807692307692308
0 0.859375 0.6069711538461539 0.09134615384615384 0.04326923076923077
0 0.8521634615384616 0.45552884615384615 0.15625 0.10096153846153846
0 0.5745192307692307 0.4375 0.15384615384615385 0.07211538461538461