1 0.24278846153846154 0.11658653846153846 0.04326923076923077 0.08653846153846154
1 0.28966346153846156 0.21394230769230768 0.016826923076923076 0.07692307692307693
1 0.13581730769230768 0.1141826923076923 0.04807692307692308 0.08173076923076923
1 0.11057692307692307 0.008413461538461538 0.038461538461538464 0.016826923076923076
1 0.042067307692307696 0.12259615384615384 0.036057692307692304 0.0625
0 0.1778846153846154 0.051682692307692304 0.03365384615384615 0.10336538461538461
1 0.3317307692307692 0.02283653846153846 0.038461538461538464 0.04567307692307692
1 0.5504807692307693 0.030048076923076924 0.03365384615384615 0.06009615384615385
1 0.453125 0.078125 0.036057692307692304 0.05048076923076923
1 0.390625 0.10697115384615384 0.038461538461538464 0.0673076923076923
1 0.35336538461538464 0.23918269230769232 0.052884615384615384 0.0985576923076923
1 0.4338942307692308 0.3004807692307692 0.057692307692307696 0.09615384615384616
1 0.48197115384615385 0.16105769230769232 0.03365384615384615 0.06490384615384616
1 0.546875 0.2091346153846154 0.03365384615384615 0.07211538461538461
1 0.5084134615384616 0.29086538461538464 0.04807692307692308 0.08173076923076923
1 0.36899038461538464 0.3858173076923077 0.052884615384615384 0.08653846153846154