1 0.40024038461538464 0.13942307692307693 0.036057692307692304 0.057692307692307696
1 0.31850961538461536 0.13942307692307693 0.03365384615384615 0.08413461538461539
1 0.25240384615384615 0.21875 0.04326923076923077 0.06971153846153846
1 0.20072115384615385 0.29086538461538464 0.04567307692307692 0.07211538461538461
1 0.25721153846153844 0.3798076923076923 0.04326923076923077 0.0625
1 0.34615384615384615 0.41947115384615385 0.028846153846153848 0.0625
1 0.3137019230769231 0.3137019230769231 0.038461538461538464 0.0625
1 0.3629807692307692 0.25961538461538464 0.03365384615384615 0.0625
1 0.4230769230769231 0.27524038461538464 0.03365384615384615 0.052884615384615384
1 0.43509615384615385 0.4026442307692308 0.036057692307692304 0.0673076923076923
1 0.5528846153846154 0.026442307692307692 0.04807692307692308 0.052884615384615384
1 0.59375 0.2127403846153846 0.0673076923076923 0.14423076923076922
1 0.6790865384615384 0.23918269230769232 0.08653846153846154 0.1346153846153846
1 0.7764423076923077 0.3641826923076923 0.07692307692307693 0.12980769230769232
1 0.5228365384615384 0.7680288461538461 0.01201923076923077 0.07451923076923077
1 0.4266826923076923 0.5360576923076923 0.04807692307692308 0.08413461538461539
1 0.37740384615384615 0.5552884615384616 0.06009615384615385 0.10096153846153846
1 0.4206730769230769 0.7103365384615384 0.0625 0.10576923076923077
1 0.421875 0.8389423076923077 0.04807692307692308 0.08653846153846154
1 0.44591346153846156 0.7980769230769231 0.05048076923076923 0.09134615384615384
1 0.33533653846153844 0.7175480769230769 0.057692307692307696 0.10576923076923077
1 0.24759615384615385 0.6598557692307693 0.04807692307692308 0.07451923076923077
1 0.19230769230769232 0.6298076923076923 0.04326923076923077 0.07932692307692307
1 0.2644230769230769 0.7692307692307693 0.04567307692307692 0.1346153846153846
1 0.22716346153846154 0.8485576923076923 0.04326923076923077 0.07211538461538461
1 0.2091346153846154 0.9555288461538461 0.0625 0.0889423076923077
1 0.1141826923076923 0.96875 0.055288461538461536 0.0625
1 0.28846153846153844 0.9230769230769231 0.0625 0.11057692307692307
1 0.3485576923076923 0.9375 0.04807692307692308 0.08653846153846154
1 0.39903846153846156 0.9290865384615384 0.06009615384615385 0.0985576923076923