1 0.5805288461538461 0.1971153846153846 0.07692307692307693 0.125
1 0.5552884615384616 0.3737980769230769 0.0673076923076923 0.09375
1 0.46875 0.43990384615384615 0.019230769230769232 0.14903846153846154
1 0.48677884615384615 0.6105769230769231 0.055288461538461536 0.038461538461538464
1 0.953125 0.20432692307692307 0.09375 0.16826923076923078
0 0.7223557692307693 0.28125 0.04326923076923077 0.08653846153846154
0 0.6814903846153846 0.10697115384615384 0.0625 0.09615384615384616
0 0.8004807692307693 0.06610576923076923 0.07692307692307693 0.13221153846153846
0 0.8197115384615384 0.3713942307692308 0.09375 0.13942307692307693
0 0.7932692307692307 0.5877403846153846 0.10576923076923077 0.08413461538461539
0 0.6887019230769231 0.5072115384615384 0.06490384615384616 0.125
1 0.12980769230769232 0.6838942307692307 0.0673076923076923 0.10817307692307693
1 0.6298076923076923 0.7487980769230769 0.07692307692307693 0.12259615384615384
1 0.47115384615384615 0.7379807692307693 0.02403846153846154 0.11538461538461539