1 0.6538461538461539 0.12860576923076922 0.07692307692307693 0.13822115384615385
1 0.5588942307692307 0.25 0.06971153846153846 0.11177884615384616
1 0.43509615384615385 0.3473557692307692 0.09375 0.09134615384615384
1 0.3293269230769231 0.45552884615384615 0.1201923076923077 0.12139423076923077
1 0.48197115384615385 0.5072115384615384 0.06610576923076923 0.1346153846153846
1 0.5769230769230769 0.5841346153846154 0.06971153846153846 0.12740384615384615
1 0.6838942307692307 0.45913461538461536 0.0673076923076923 0.12620192307692307
1 0.7091346153846154 0.6225961538461539 0.06971153846153846 0.12139423076923077
1 0.59375 0.7824519230769231 0.0625 0.09975961538461539
1 0.46033653846153844 0.7451923076923077 0.0625 0.16826923076923078
1 0.328125 0.6730769230769231 0.09014423076923077 0.11057692307692307