0 0.4651442307692308 0.08173076923076923 0.04567307692307692 0.16346153846153846
0 0.33052884615384615 0.06009615384615385 0.0829326923076923 0.1201923076923077
0 0.5913461538461539 0.0625 0.14543269230769232 0.125
0 0.6141826923076923 0.515625 0.1141826923076923 0.265625
0 0.4423076923076923 0.609375 0.08413461538461539 0.20192307692307693
1 0.35697115384615385 0.31490384615384615 0.06850961538461539 0.10697115384615384
1 0.3389423076923077 0.4987980769230769 0.05889423076923077 0.11538461538461539
1 0.21754807692307693 0.5564903846153846 0.08774038461538461 0.1310096153846154
1 0.2692307692307692 0.7884615384615384 0.07091346153846154 0.12740384615384615
1 0.7319711538461539 0.3233173076923077 0.08052884615384616 0.1466346153846154
1 0.8774038461538461 0.5228365384615384 0.06850961538461539 0.1310096153846154
1 0.7680288461538461 0.9435096153846154 0.1141826923076923 0.11298076923076923