1 0.16947115384615385 0.07692307692307693 0.055288461538461536 0.10576923076923077
1 0.2980769230769231 0.039663461538461536 0.04326923076923077 0.07932692307692307
1 0.6814903846153846 0.16346153846153846 0.06490384615384616 0.1346153846153846
1 0.7896634615384616 0.15144230769230768 0.052884615384615384 0.09615384615384616
1 0.8197115384615384 0.3016826923076923 0.055288461538461536 0.11298076923076923
1 0.9543269230769231 0.052884615384615384 0.04807692307692308 0.10576923076923077
1 0.6826923076923077 0.054086538461538464 0.0673076923076923 0.10817307692307693
1 0.15504807692307693 0.8942307692307693 0.0889423076923077 0.125
1 0.16947115384615385 0.7271634615384616 0.07932692307692307 0.1466346153846154
1 0.2692307692307692 0.546875 0.07692307692307693 0.13942307692307693
1 0.33653846153846156 0.6971153846153846 0.0673076923076923 0.15384615384615385
1 0.4879807692307692 0.7896634615384616 0.0673076923076923 0.10096153846153846
1 0.6057692307692307 0.9771634615384616 0.0673076923076923 0.04567307692307692
1 0.4423076923076923 0.5925480769230769 0.0625 0.12259615384615384
1 0.3762019230769231 0.4338942307692308 0.052884615384615384 0.11057692307692307
1 0.45913461538461536 0.40384615384615385 0.08653846153846154 0.07211538461538461
1 0.7884615384615384 0.9447115384615384 0.0625 0.11057692307692307
1 0.8425480769230769 0.8425480769230769 0.038461538461538464 0.07211538461538461
1 0.9831730769230769 0.8004807692307693 0.03365384615384615 0.10576923076923077