1 0.35697115384615385 0.05889423076923077 0.08173076923076923 0.04326923076923077
1 0.6201923076923077 0.0985576923076923 0.15865384615384615 0.0625
1 0.5889423076923077 0.24879807692307693 0.13221153846153846 0.0889423076923077
1 0.5709134615384616 0.34134615384615385 0.08173076923076923 0.0673076923076923
1 0.7391826923076923 0.35697115384615385 0.10576923076923077 0.05048076923076923
1 0.7992788461538461 0.28125 0.14903846153846154 0.0673076923076923
1 0.9026442307692307 0.21394230769230768 0.1201923076923077 0.0673076923076923
1 0.7896634615384616 0.14302884615384615 0.12740384615384615 0.06009615384615385
1 0.037259615384615384 0.7211538461538461 0.07451923076923077 0.057692307692307696
1 0.0625 0.8497596153846154 0.08413461538461539 0.04567307692307692
1 0.2764423076923077 0.7067307692307693 0.11778846153846154 0.07211538461538461
1 0.7980769230769231 0.6935096153846154 0.08653846153846154 0.052884615384615384