1 0.14783653846153846 0.44711538461538464 0.052884615384615384 0.08173076923076923
1 0.22115384615384615 0.4795673076923077 0.04326923076923077 0.06009615384615385
1 0.32211538461538464 0.43028846153846156 0.04567307692307692 0.07692307692307693
1 0.21514423076923078 0.31009615384615385 0.04326923076923077 0.0889423076923077
1 0.29927884615384615 0.23076923076923078 0.05048076923076923 0.08413461538461539
1 0.5048076923076923 0.21033653846153846 0.052884615384615384 0.09134615384615384
1 0.6009615384615384 0.18389423076923078 0.04807692307692308 0.0889423076923077
1 0.625 0.13341346153846154 0.052884615384615384 0.08413461538461539
1 0.7860576923076923 0.2091346153846154 0.04326923076923077 0.125
1 0.8149038461538461 0.12980769230769232 0.04807692307692308 0.07692307692307693
1 0.8040865384615384 0.31850961538461536 0.04326923076923077 0.07692307692307693
1 0.8605769230769231 0.35336538461538464 0.04807692307692308 0.08173076923076923
1 0.9350961538461539 0.021634615384615384 0.04807692307692308 0.04326923076923077
1 0.8389423076923077 0.038461538461538464 0.057692307692307696 0.07692307692307693
1 0.7596153846153846 0.054086538461538464 0.057692307692307696 0.10817307692307693
1 0.7019230769230769 0.04807692307692308 0.04807692307692308 0.07932692307692307
1 0.6466346153846154 0.055288461538461536 0.0625 0.11057692307692307
1 0.7115384615384616 0.26322115384615385 0.0625 0.10576923076923077
1 0.6262019230769231 0.2668269230769231 0.06009615384615385 0.10096153846153846
1 0.6694711538461539 0.421875 0.055288461538461536 0.11538461538461539
1 0.6225961538461539 0.4483173076923077 0.04807692307692308 0.08413461538461539
0 0.453125 0.7944711538461539 0.05048076923076923 0.24278846153846154
0 0.3016826923076923 0.9387019230769231 0.12740384615384615 0.12259615384615384
0 0.3401442307692308 0.7175480769230769 0.1201923076923077 0.10336538461538461
0 0.2512019230769231 0.6069711538461539 0.08413461538461539 0.19471153846153846