1 0.3161057692307692 0.10216346153846154 0.04807692307692308 0.08413461538461539
1 0.40024038461538464 0.057692307692307696 0.052884615384615384 0.0889423076923077
1 0.31490384615384615 0.3173076923076923 0.04807692307692308 0.0625
0 0.20673076923076922 0.2608173076923077 0.052884615384615384 0.1201923076923077
0 0.42427884615384615 0.16947115384615385 0.04807692307692308 0.15384615384615385
0 0.15865384615384615 0.23197115384615385 0.04567307692307692 0.1201923076923077
1 0.5865384615384616 0.028846153846153848 0.04807692307692308 0.057692307692307696
1 0.7980769230769231 0.020432692307692308 0.052884615384615384 0.040865384615384616
1 0.9242788461538461 0.028846153846153848 0.036057692307692304 0.057692307692307696
1 0.6370192307692307 0.12980769230769232 0.04567307692307692 0.08173076923076923
1 0.7319711538461539 0.12620192307692307 0.036057692307692304 0.0673076923076923
1 0.8365384615384616 0.11778846153846154 0.036057692307692304 0.06490384615384616
1 0.9915865384615384 0.1466346153846154 0.016826923076923076 0.07692307692307693
1 0.9759615384615384 0.2764423076923077 0.04807692307692308 0.10096153846153846
1 0.8701923076923077 0.27283653846153844 0.04807692307692308 0.09134615384615384
1 0.7872596153846154 0.2439903846153846 0.04807692307692308 0.08173076923076923
1 0.7439903846153846 0.24158653846153846 0.036057692307692304 0.08173076923076923
1 0.8088942307692307 0.33774038461538464 0.040865384615384616 0.021634615384615384
0 0.9326923076923077 0.19230769230769232 0.038461538461538464 0.13221153846153846
0 0.9591346153846154 0.042067307692307696 0.038461538461538464 0.08413461538461539
0 0.13341346153846154 0.48197115384615385 0.0673076923076923 0.16346153846153846
0 0.46634615384615385 0.5829326923076923 0.04326923076923077 0.16105769230769232
0 0.3641826923076923 0.5805288461538461 0.07211538461538461 0.0985576923076923
0 0.2439903846153846 0.5973557692307693 0.052884615384615384 0.11298076923076923
1 0.6358173076923077 0.43149038461538464 0.040865384615384616 0.07692307692307693