0 0.28725961538461536 0.16706730769230768 0.09615384615384616 0.15384615384615385
0 0.2644230769230769 0.41466346153846156 0.07211538461538461 0.11778846153846154
0 0.38341346153846156 0.5072115384615384 0.05048076923076923 0.09134615384615384
1 0.6033653846153846 0.28125 0.0673076923076923 0.12259615384615384
1 0.48197115384615385 0.23918269230769232 0.09134615384615384 0.1201923076923077
1 0.4362980769230769 0.31009615384615385 0.055288461538461536 0.09615384615384616
1 0.47115384615384615 0.7512019230769231 0.0625 0.036057692307692304
1 0.5877403846153846 0.7151442307692307 0.055288461538461536 0.10817307692307693
1 0.6009615384615384 0.4699519230769231 0.07692307692307693 0.13701923076923078
1 0.7307692307692307 0.6201923076923077 0.0673076923076923 0.10336538461538461
0 0.6394230769230769 0.14423076923076922 0.10336538461538461 0.1778846153846154
0 0.7560096153846154 0.31009615384615385 0.10336538461538461 0.23557692307692307
0 0.5144230769230769 0.5492788461538461 0.10096153846153846 0.25240384615384615
0 0.18629807692307693 0.8100961538461539 0.13221153846153846 0.08173076923076923
0 0.04326923076923077 0.8233173076923077 0.08653846153846154 0.10817307692307693