0 0.04567307692307692 0.49278846153846156 0.09134615384615384 0.04807692307692308
0 0.46274038461538464 0.421875 0.04567307692307692 0.08413461538461539
0 0.5396634615384616 0.07932692307692307 0.16105769230769232 0.12259615384615384
0 0.6201923076923077 0.23197115384615385 0.11057692307692307 0.0673076923076923
0 0.7860576923076923 0.057692307692307696 0.11057692307692307 0.08173076923076923
0 0.6935096153846154 0.4206730769230769 0.1875 0.10576923076923077
1 0.025240384615384616 0.78125 0.05048076923076923 0.04807692307692308
1 0.08173076923076923 0.8125 0.07211538461538461 0.055288461538461536
1 0.15384615384615385 0.7644230769230769 0.09615384615384616 0.052884615384615384
1 0.1935096153846154 0.8341346153846154 0.10096153846153846 0.057692307692307696
1 0.21394230769230768 0.9326923076923077 0.08413461538461539 0.04807692307692308
0 0.7115384615384616 0.9711538461538461 0.15384615384615385 0.057692307692307696
0 0.8413461538461539 0.953125 0.12259615384615384 0.02403846153846154
0 0.6117788461538461 0.90625 0.12980769230769232 0.08653846153846154
0 0.7860576923076923 0.8137019230769231 0.07692307692307693 0.06971153846153846