1 0.025240384615384616 0.5336538461538461 0.05048076923076923 0.028846153846153848
1 0.054086538461538464 0.4675480769230769 0.08653846153846154 0.04807692307692308
1 0.014423076923076924 0.3641826923076923 0.028846153846153848 0.04567307692307692
1 0.8665865384615384 0.4050480769230769 0.07211538461538461 0.04807692307692308
1 0.921875 0.3713942307692308 0.07211538461538461 0.04807692307692308
1 0.8810096153846154 0.33533653846153844 0.07211538461538461 0.04807692307692308
1 0.7956730769230769 0.3329326923076923 0.07932692307692307 0.04326923076923077
1 0.7956730769230769 0.3786057692307692 0.0889423076923077 0.04567307692307692
1 0.27884615384615385 0.9831730769230769 0.08173076923076923 0.03365384615384615
1 0.7932692307692307 0.9795673076923077 0.07692307692307693 0.040865384615384616
1 0.5961538461538461 0.9915865384615384 0.08173076923076923 0.016826923076923076