0 0.09495192307692307 0.06129807692307692 0.17067307692307693 0.09615384615384616
0 0.2439903846153846 0.22716346153846154 0.11298076923076923 0.057692307692307696
0 0.20072115384615385 0.40024038461538464 0.15384615384615385 0.07211538461538461
0 0.036057692307692304 0.22115384615384615 0.07211538461538461 0.052884615384615384
0 0.018028846153846152 0.39903846153846156 0.036057692307692304 0.09615384615384616
0 0.9290865384615384 0.33774038461538464 0.14182692307692307 0.07451923076923077
0 0.38461538461538464 0.6141826923076923 0.08173076923076923 0.052884615384615384
1 0.9411057692307693 0.5949519230769231 0.10096153846153846 0.06009615384615385
1 0.9771634615384616 0.7704326923076923 0.04567307692307692 0.04567307692307692
1 0.9302884615384616 0.6838942307692307 0.11057692307692307 0.057692307692307696
1 0.8822115384615384 0.7548076923076923 0.12259615384615384 0.04567307692307692
1 0.8004807692307693 0.7836538461538461 0.08413461538461539 0.04807692307692308
1 0.8509615384615384 0.5721153846153846 0.08173076923076923 0.04567307692307692
1 0.8028846153846154 0.59375 0.07692307692307693 0.04807692307692308
1 0.7163461538461539 0.6189903846153846 0.10576923076923077 0.06009615384615385
1 0.7139423076923077 0.6682692307692307 0.09134615384615384 0.04326923076923077
1 0.7223557692307693 0.734375 0.11298076923076923 0.0673076923076923
1 0.6826923076923077 0.8064903846153846 0.10336538461538461 0.057692307692307696
1 0.671875 0.9038461538461539 0.09615384615384616 0.04807692307692308