1 0.2247596153846154 0.3389423076923077 0.06009615384615385 0.10576923076923077
1 0.12139423076923077 0.32572115384615385 0.04326923076923077 0.10096153846153846
1 0.9567307692307693 0.4326923076923077 0.055288461538461536 0.09615384615384616
1 0.8377403846153846 0.4735576923076923 0.040865384615384616 0.028846153846153848
1 0.7632211538461539 0.4326923076923077 0.04807692307692308 0.09615384615384616
1 0.8233173076923077 0.3762019230769231 0.052884615384615384 0.10096153846153846
1 0.8954326923076923 0.24278846153846154 0.04326923076923077 0.0673076923076923
1 0.9867788461538461 0.23557692307692307 0.026442307692307692 0.0673076923076923
1 0.8846153846153846 0.125 0.040865384615384616 0.07932692307692307
1 0.8365384615384616 0.1141826923076923 0.04567307692307692 0.08173076923076923
1 0.7884615384615384 0.2548076923076923 0.04326923076923077 0.0625
1 0.7524038461538461 0.09134615384615384 0.052884615384615384 0.08653846153846154
1 0.6502403846153846 0.08653846153846154 0.04807692307692308 0.0985576923076923
1 0.5492788461538461 0.06971153846153846 0.052884615384615384 0.08173076923076923
1 0.6177884615384616 0.21875 0.040865384615384616 0.06971153846153846
1 0.6995192307692307 0.3425480769230769 0.04567307692307692 0.07451923076923077
1 0.8112980769230769 0.014423076923076924 0.04567307692307692 0.028846153846153848
0 0.6622596153846154 0.3401442307692308 0.04807692307692308 0.13942307692307693
0 0.6971153846153846 0.17067307692307693 0.03365384615384615 0.15384615384615385
0 0.2536057692307692 0.9447115384615384 0.08413461538461539 0.11057692307692307
0 0.028846153846153848 0.953125 0.057692307692307696 0.09375
0 0.051682692307692304 0.5588942307692307 0.04807692307692308 0.11538461538461539
0 0.20673076923076922 0.5408653846153846 0.052884615384615384 0.10576923076923077