1 0.4807692307692308 0.10817307692307693 0.0733173076923077 0.14423076923076922
1 0.3269230769230769 0.09975961538461539 0.08173076923076923 0.15504807692307693
1 0.36177884615384615 0.5096153846153846 0.09495192307692307 0.1622596153846154
1 0.5204326923076923 0.5384615384615384 0.09254807692307693 0.13701923076923078
1 0.5276442307692307 0.32091346153846156 0.07572115384615384 0.15504807692307693
1 0.6682692307692307 0.12620192307692307 0.0625 0.1141826923076923
1 0.6646634615384616 0.3389423076923077 0.057692307692307696 0.109375
1 0.7331730769230769 0.49759615384615385 0.06370192307692307 0.12379807692307693
1 0.625 0.7584134615384616 0.06850961538461539 0.1141826923076923
1 0.453125 0.7355769230769231 0.0889423076923077 0.14783653846153846
1 0.5733173076923077 0.04326923076923077 0.05048076923076923 0.08653846153846154