1 0.08533653846153846 0.5637019230769231 0.0985576923076923 0.05048076923076923
1 0.23317307692307693 0.5144230769230769 0.07211538461538461 0.04326923076923077
1 0.1875 0.3954326923076923 0.08653846153846154 0.03365384615384615
1 0.31850961538461536 0.3918269230769231 0.06009615384615385 0.04807692307692308
1 0.28125 0.2644230769230769 0.11057692307692307 0.03365384615384615
1 0.203125 0.13701923076923078 0.07451923076923077 0.04326923076923077
1 0.28365384615384615 0.1466346153846154 0.06009615384615385 0.04326923076923077
1 0.039663461538461536 0.18509615384615385 0.07932692307692307 0.052884615384615384
1 0.125 0.2920673076923077 0.052884615384615384 0.040865384615384616
1 0.019230769230769232 0.2956730769230769 0.038461538461538464 0.038461538461538464
1 0.019230769230769232 0.36658653846153844 0.038461538461538464 0.04567307692307692
1 0.12259615384615384 0.4567307692307692 0.10096153846153846 0.052884615384615384
0 0.013221153846153846 0.47716346153846156 0.026442307692307692 0.06490384615384616
0 0.16105769230769232 0.23317307692307693 0.11538461538461539 0.0625
0 0.30288461538461536 0.48677884615384615 0.07932692307692307 0.07211538461538461
0 0.5024038461538461 0.23677884615384615 0.057692307692307696 0.028846153846153848
0 0.5997596153846154 0.16466346153846154 0.12259615384615384 0.052884615384615384
0 0.47716346153846156 0.35697115384615385 0.10576923076923077 0.0625
0 0.6213942307692307 0.31850961538461536 0.06971153846153846 0.03365384615384615
0 0.7043269230769231 0.2800480769230769 0.07211538461538461 0.04326923076923077
0 0.7680288461538461 0.22235576923076922 0.08173076923076923 0.04807692307692308
0 0.9146634615384616 0.22596153846153846 0.15384615384615385 0.08413461538461539
1 0.5745192307692307 0.4651442307692308 0.09134615384615384 0.05048076923076923
1 0.5853365384615384 0.3870192307692308 0.07211538461538461 0.052884615384615384
1 0.6298076923076923 0.2548076923076923 0.0625 0.04326923076923077
1 0.6862980769230769 0.19471153846153846 0.08173076923076923 0.040865384615384616
1 0.6802884615384616 0.41466346153846156 0.0673076923076923 0.04807692307692308
1 0.8209134615384616 0.38822115384615385 0.08173076923076923 0.05048076923076923
1 0.9435096153846154 0.31971153846153844 0.10576923076923077 0.057692307692307696
0 0.019230769230769232 0.9783653846153846 0.038461538461538464 0.028846153846153848
0 0.109375 0.9170673076923077 0.08653846153846154 0.08173076923076923
0 0.12139423076923077 0.9795673076923077 0.11057692307692307 0.038461538461538464
0 0.1935096153846154 0.9507211538461539 0.09615384615384616 0.038461538461538464
1 0.21634615384615385 0.8990384615384616 0.09134615384615384 0.04807692307692308
0 0.5288461538461539 0.734375 0.15144230769230768 0.052884615384615384