0 0.38341346153846156 0.6646634615384616 0.07932692307692307 0.11298076923076923
0 0.2127403846153846 0.15144230769230768 0.08173076923076923 0.08052884615384616
0 0.6141826923076923 0.3858173076923077 0.03365384615384615 0.13701923076923078
0 0.6466346153846154 0.2127403846153846 0.05048076923076923 0.12740384615384615
1 0.34975961538461536 0.125 0.07692307692307693 0.11538461538461539
1 0.4675480769230769 0.0625 0.051682692307692304 0.08173076923076923
1 0.47596153846153844 0.18990384615384615 0.06971153846153846 0.11658653846153846
1 0.5456730769230769 0.12379807692307693 0.06370192307692307 0.11778846153846154
1 0.6069711538461539 0.21394230769230768 0.042067307692307696 0.08052884615384616
1 0.5180288461538461 0.3112980769230769 0.06490384615384616 0.10096153846153846
1 0.41225961538461536 0.32211538461538464 0.04567307692307692 0.08653846153846154
1 0.3161057692307692 0.31971153846153844 0.052884615384615384 0.09735576923076923
1 0.2692307692307692 0.21153846153846154 0.06490384615384616 0.0985576923076923
1 0.7512019230769231 0.48677884615384615 0.05048076923076923 0.11298076923076923
1 0.6862980769230769 0.33653846153846156 0.04567307692307692 0.08173076923076923
1 0.6586538461538461 0.4699519230769231 0.055288461538461536 0.1141826923076923
1 0.5504807692307693 0.4699519230769231 0.04807692307692308 0.10216346153846154
1 0.49038461538461536 0.5649038461538461 0.04927884615384615 0.07091346153846154
1 0.46634615384615385 0.44591346153846156 0.056490384615384616 0.0985576923076923
1 0.4206730769230769 0.4326923076923077 0.039663461538461536 0.07932692307692307