1 0.42788461538461536 0.484375 0.10096153846153846 0.06009615384615385
1 0.3894230769230769 0.3557692307692308 0.07451923076923077 0.040865384615384616
1 0.1778846153846154 0.5024038461538461 0.11778846153846154 0.0673076923076923
0 0.7079326923076923 0.5324519230769231 0.19471153846153846 0.01201923076923077
1 0.4483173076923077 0.9591346153846154 0.10336538461538461 0.04326923076923077
1 0.41586538461538464 0.875 0.125 0.10096153846153846
1 0.44591346153846156 0.7788461538461539 0.07692307692307693 0.06009615384615385
1 0.2764423076923077 0.7632211538461539 0.10096153846153846 0.04326923076923077
1 0.21875 0.8461538461538461 0.09615384615384616 0.057692307692307696
1 0.037259615384615384 0.7620192307692307 0.07451923076923077 0.04807692307692308
1 0.11298076923076923 0.9038461538461539 0.11778846153846154 0.0625
1 0.20793269230769232 0.9663461538461539 0.13221153846153846 0.0673076923076923
1 0.6959134615384616 0.9819711538461539 0.09375 0.036057692307692304