0 0.4483173076923077 0.19471153846153846 0.125 0.08774038461538461
0 0.4987980769230769 0.359375 0.07932692307692307 0.18509615384615385
0 0.359375 0.43149038461538464 0.09735576923076923 0.16346153846153846
0 0.7367788461538461 0.17908653846153846 0.12740384615384615 0.2764423076923077
0 0.6430288461538461 0.8197115384615384 0.12379807692307693 0.1971153846153846
0 0.4699519230769231 0.75 0.10336538461538461 0.19110576923076922
0 0.15384615384615385 0.6550480769230769 0.07692307692307693 0.20192307692307693
1 0.24519230769230768 0.5048076923076923 0.06971153846153846 0.10096153846153846
1 0.44471153846153844 0.5048076923076923 0.06610576923076923 0.1045673076923077
1 0.5829326923076923 0.21394230769230768 0.0829326923076923 0.171875
1 0.6213942307692307 0.5396634615384616 0.06490384615384616 0.11057692307692307
1 0.36778846153846156 0.6959134615384616 0.0829326923076923 0.14302884615384615
1 0.3004807692307692 0.8725961538461539 0.08413461538461539 0.11177884615384616
1 0.75 0.5288461538461539 0.08533653846153846 0.18629807692307693