1 0.8473557692307693 0.22115384615384615 0.18269230769230768 0.08653846153846154
1 0.8762019230769231 0.3088942307692308 0.11057692307692307 0.052884615384615384
1 0.40625 0.7307692307692307 0.04326923076923077 0.057692307692307696
1 0.3425480769230769 0.6766826923076923 0.07692307692307693 0.04807692307692308
1 0.40384615384615385 0.8341346153846154 0.04807692307692308 0.052884615384615384
1 0.40024038461538464 0.9326923076923077 0.055288461538461536 0.04807692307692308
0 0.24519230769230768 0.5661057692307693 0.125 0.07451923076923077
0 0.9182692307692307 0.8064903846153846 0.10096153846153846 0.0673076923076923
0 0.7752403846153846 0.6838942307692307 0.1346153846153846 0.07451923076923077
0 0.8966346153846154 0.9194711538461539 0.14903846153846154 0.10336538461538461
0 0.7271634615384616 0.8810096153846154 0.0673076923076923 0.05048076923076923