1 0.13822115384615385 0.020432692307692308 0.06009615384615385 0.040865384615384616
1 0.2247596153846154 0.036057692307692304 0.040865384615384616 0.07211538461538461
1 0.22596153846153846 0.2668269230769231 0.04326923076923077 0.08653846153846154
1 0.10096153846153846 0.3076923076923077 0.057692307692307696 0.10817307692307693
0 0.11899038461538461 0.0985576923076923 0.04807692307692308 0.13942307692307693
1 0.47836538461538464 0.09134615384615384 0.03365384615384615 0.09375
1 0.4206730769230769 0.15865384615384615 0.038461538461538464 0.08173076923076923
1 0.3629807692307692 0.23918269230769232 0.04326923076923077 0.07692307692307693
1 0.4170673076923077 0.3317307692307692 0.04326923076923077 0.07211538461538461
1 0.47716346153846156 0.31009615384615385 0.028846153846153848 0.06490384615384616
1 0.5216346153846154 0.203125 0.028846153846153848 0.0625
1 0.5745192307692307 0.12259615384615384 0.03365384615384615 0.052884615384615384
1 0.5709134615384616 0.26802884615384615 0.03365384615384615 0.0625
0 0.17668269230769232 0.6850961538461539 0.0673076923076923 0.0889423076923077
0 0.27403846153846156 0.6947115384615384 0.028846153846153848 0.11538461538461539
1 0.6778846153846154 0.5180288461538461 0.06009615384615385 0.10817307692307693
1 0.5769230769230769 0.5480769230769231 0.05048076923076923 0.07692307692307693