0 0.06850961538461539 0.22355769230769232 0.13701923076923078 0.09134615384615384
0 0.0733173076923077 0.020432692307692308 0.1466346153846154 0.040865384615384616
0 0.16706730769230768 0.07572115384615384 0.18509615384615385 0.07211538461538461
0 0.40024038461538464 0.078125 0.17548076923076922 0.15625
0 0.33653846153846156 0.265625 0.1971153846153846 0.09134615384615384
0 0.5985576923076923 0.19591346153846154 0.13942307692307693 0.10817307692307693
0 0.7512019230769231 0.08052884615384616 0.2644230769230769 0.11298076923076923
0 0.9254807692307693 0.33052884615384615 0.14903846153846154 0.11298076923076923
0 0.890625 0.46634615384615385 0.21153846153846154 0.1201923076923077
1 0.7139423076923077 0.23557692307692307 0.10576923076923077 0.07451923076923077
1 0.921875 0.2283653846153846 0.15625 0.07692307692307693
1 0.6682692307692307 0.359375 0.10817307692307693 0.08413461538461539
1 0.7487980769230769 0.4074519230769231 0.09134615384615384 0.07211538461538461