1 0.026442307692307692 0.16346153846153846 0.052884615384615384 0.08653846153846154
1 0.125 0.04927884615384615 0.11057692307692307 0.0985576923076923
1 0.6105769230769231 0.4519230769230769 0.057692307692307696 0.09615384615384616
0 0.04567307692307692 0.8016826923076923 0.09134615384615384 0.21875
0 0.08533653846153846 0.9519230769230769 0.10336538461538461 0.09615384615384616
1 0.203125 0.9134615384615384 0.08173076923076923 0.13221153846153846
1 0.08533653846153846 0.7043269230769231 0.07692307692307693 0.14903846153846154
1 0.22115384615384615 0.7283653846153846 0.0625 0.11057692307692307
1 0.140625 0.5360576923076923 0.0889423076923077 0.07211538461538461
0 0.02283653846153846 0.5576923076923077 0.04567307692307692 0.11538461538461539
1 0.8245192307692307 0.9519230769230769 0.0625 0.09615384615384616
1 0.6971153846153846 0.9182692307692307 0.04807692307692308 0.08653846153846154
1 0.8449519230769231 0.7103365384615384 0.0625 0.11057692307692307