0 0.057692307692307696 0.2776442307692308 0.040865384615384616 0.14423076923076922
1 0.828125 0.4807692307692308 0.05048076923076923 0.08173076923076923
1 0.7836538461538461 0.47836538461538464 0.0673076923076923 0.10096153846153846
1 0.7355769230769231 0.4795673076923077 0.057692307692307696 0.09134615384615384
1 0.6935096153846154 0.4699519230769231 0.04807692307692308 0.07211538461538461
1 0.5012019230769231 0.4831730769230769 0.052884615384615384 0.10576923076923077
1 0.6021634615384616 0.38822115384615385 0.057692307692307696 0.0985576923076923
1 0.6177884615384616 0.32091346153846156 0.052884615384615384 0.06971153846153846
1 0.6502403846153846 0.1814903846153846 0.052884615384615384 0.08653846153846154
1 0.7103365384615384 0.375 0.0625 0.0985576923076923
1 0.65625 0.36658653846153844 0.055288461538461536 0.09134615384615384
0 0.3293269230769231 0.90625 0.07692307692307693 0.14903846153846154
0 0.32211538461538464 0.6490384615384616 0.09134615384615384 0.1778846153846154
0 0.5576923076923077 0.9447115384615384 0.10096153846153846 0.11057692307692307
0 0.9302884615384616 0.8737980769230769 0.08173076923076923 0.11538461538461539