1 0.06129807692307692 0.056490384615384616 0.12259615384615384 0.10817307692307693
1 0.24519230769230768 0.03485576923076923 0.13942307692307693 0.06971153846153846
1 0.3173076923076923 0.09615384615384616 0.04326923076923077 0.052884615384615384
1 0.2608173076923077 0.16346153846153846 0.15625 0.057692307692307696
1 0.039663461538461536 0.14903846153846154 0.07932692307692307 0.052884615384615384
1 0.04326923076923077 0.2403846153846154 0.08653846153846154 0.07211538461538461
1 0.12139423076923077 0.3329326923076923 0.10096153846153846 0.09134615384615384
1 0.27524038461538464 0.2403846153846154 0.12740384615384615 0.057692307692307696
0 0.5192307692307693 0.3737980769230769 0.1346153846153846 0.07932692307692307
1 0.22355769230769232 0.9471153846153846 0.17307692307692307 0.0889423076923077
1 0.2536057692307692 0.7920673076923077 0.14903846153846154 0.08173076923076923
1 0.20192307692307693 0.5841346153846154 0.11298076923076923 0.052884615384615384
1 0.05048076923076923 0.6514423076923077 0.10096153846153846 0.052884615384615384
1 0.046875 0.7860576923076923 0.09375 0.07692307692307693
1 0.7271634615384616 0.6334134615384616 0.125 0.055288461538461536
1 0.49158653846153844 0.5564903846153846 0.07211538461538461 0.055288461538461536
1 0.43149038461538464 0.703125 0.10336538461538461 0.06009615384615385