0 0.12379807692307693 0.43028846153846156 0.028846153846153848 0.057692307692307696
0 0.19591346153846154 0.3329326923076923 0.052884615384615384 0.12259615384615384
0 0.016826923076923076 0.4543269230769231 0.03365384615384615 0.10576923076923077
0 0.042067307692307696 0.3112980769230769 0.03365384615384615 0.06971153846153846
0 0.08052884615384616 0.2283653846153846 0.04326923076923077 0.07211538461538461
0 0.13822115384615385 0.16466346153846154 0.04807692307692308 0.08173076923076923
0 0.13341346153846154 0.046875 0.08413461538461539 0.09375
1 0.10576923076923077 0.30288461538461536 0.04326923076923077 0.0625
1 0.1658653846153846 0.24639423076923078 0.040865384615384616 0.08173076923076923
1 0.040865384615384616 0.020432692307692308 0.057692307692307696 0.040865384615384616
0 0.6766826923076923 0.359375 0.057692307692307696 0.125
0 0.7992788461538461 0.37259615384615385 0.0673076923076923 0.10336538461538461
1 0.09254807692307693 0.6225961538461539 0.040865384615384616 0.10336538461538461
1 0.27524038461538464 0.6394230769230769 0.0625 0.125
0 0.9326923076923077 0.9483173076923077 0.07692307692307693 0.10336538461538461
0 0.8870192307692307 0.8413461538461539 0.0625 0.1346153846153846