1 0.21875 0.028846153846153848 0.04326923076923077 0.057692307692307696
1 0.1778846153846154 0.037259615384615384 0.04807692307692308 0.07451923076923077
1 0.09014423076923077 0.05889423076923077 0.06009615384615385 0.07451923076923077
1 0.14903846153846154 0.15625 0.04807692307692308 0.07211538461538461
0 0.03125 0.021634615384615384 0.038461538461538464 0.04326923076923077
0 0.2608173076923077 0.2644230769230769 0.07932692307692307 0.1201923076923077
1 0.875 0.09735576923076923 0.057692307692307696 0.08653846153846154
1 0.46634615384615385 0.5745192307692307 0.0625 0.03365384615384615
1 0.32572115384615385 0.6514423076923077 0.04326923076923077 0.0673076923076923
1 0.41947115384615385 0.6574519230769231 0.028846153846153848 0.0673076923076923
1 0.31490384615384615 0.7692307692307693 0.040865384615384616 0.07932692307692307
1 0.2668269230769231 0.7800480769230769 0.04567307692307692 0.08173076923076923
1 0.21875 0.6394230769230769 0.04326923076923077 0.0625
1 0.18269230769230768 0.8028846153846154 0.052884615384615384 0.08653846153846154
1 0.08052884615384616 0.8076923076923077 0.04807692307692308 0.0985576923076923
1 0.04807692307692308 0.6754807692307693 0.040865384615384616 0.06971153846153846
1 0.12860576923076922 0.5733173076923077 0.04567307692307692 0.03125
1 0.24158653846153846 0.9038461538461539 0.04567307692307692 0.07692307692307693
0 0.09254807692307693 0.5901442307692307 0.05048076923076923 0.06490384615384616
0 0.12740384615384615 0.7235576923076923 0.03365384615384615 0.15384615384615385
0 0.35096153846153844 0.9711538461538461 0.07211538461538461 0.057692307692307696
0 0.8629807692307693 0.6213942307692307 0.10096153846153846 0.12740384615384615
0 0.7235576923076923 0.7872596153846154 0.10096153846153846 0.15865384615384615
0 0.9290865384615384 0.8485576923076923 0.0625 0.11057692307692307