0 0.3016826923076923 0.32572115384615385 0.125 0.057692307692307696
0 0.028846153846153848 0.19230769230769232 0.057692307692307696 0.09134615384615384
0 0.3858173076923077 0.11538461538461539 0.15384615384615385 0.04807692307692308
0 0.36538461538461536 0.0625 0.15625 0.04807692307692308
1 0.2247596153846154 0.21514423076923078 0.11057692307692307 0.055288461538461536
1 0.19110576923076922 0.3004807692307692 0.09375 0.057692307692307696
1 0.4651442307692308 0.22235576923076922 0.06971153846153846 0.05048076923076923
1 0.4831730769230769 0.3485576923076923 0.03365384615384615 0.057692307692307696
1 0.8689903846153846 0.2548076923076923 0.08653846153846154 0.057692307692307696
0 0.7463942307692307 0.8641826923076923 0.0985576923076923 0.07932692307692307
0 0.7427884615384616 0.9783653846153846 0.17307692307692307 0.04326923076923077
0 0.7632211538461539 0.75 0.14903846153846154 0.0673076923076923