0 0.3858173076923077 0.14302884615384615 0.03365384615384615 0.1201923076923077
0 0.43149038461538464 0.13221153846153846 0.05048076923076923 0.16346153846153846
0 0.4543269230769231 0.25841346153846156 0.08173076923076923 0.07211538461538461
0 0.41346153846153844 0.34975961538461536 0.04326923076923077 0.10096153846153846
0 0.38221153846153844 0.27403846153846156 0.04326923076923077 0.11778846153846154
0 0.33413461538461536 0.234375 0.057692307692307696 0.08173076923076923
0 0.31850961538461536 0.3701923076923077 0.09375 0.11778846153846154
1 0.5108173076923077 0.609375 0.05048076923076923 0.06009615384615385
1 0.234375 0.6526442307692307 0.06009615384615385 0.07692307692307693
0 0.9879807692307693 0.8305288461538461 0.02403846153846154 0.0889423076923077
0 0.8978365384615384 0.8425480769230769 0.057692307692307696 0.11538461538461539