1 0.14543269230769232 0.1622596153846154 0.10096153846153846 0.04807692307692308
1 0.15264423076923078 0.20552884615384615 0.12259615384615384 0.07211538461538461
1 0.15144230769230768 0.24759615384615385 0.09134615384615384 0.04807692307692308
1 0.15144230769230768 0.28846153846153844 0.09615384615384616 0.04807692307692308
1 0.31850961538461536 0.24639423076923078 0.07692307692307693 0.052884615384615384
1 0.06370192307692307 0.375 0.10817307692307693 0.04807692307692308
1 0.014423076923076924 0.36538461538461536 0.028846153846153848 0.052884615384615384
1 0.04807692307692308 0.2776442307692308 0.09615384615384616 0.06009615384615385
1 0.042067307692307696 0.3293269230769231 0.08413461538461539 0.0625
0 0.9735576923076923 0.07932692307692307 0.052884615384615384 0.07211538461538461
0 0.8485576923076923 0.05889423076923077 0.07211538461538461 0.0625
0 0.6586538461538461 0.01201923076923077 0.09615384615384616 0.02403846153846154
0 0.578125 0.0889423076923077 0.1346153846153846 0.057692307692307696
1 0.8497596153846154 0.47596153846153844 0.07932692307692307 0.04326923076923077
1 0.9783653846153846 0.5576923076923077 0.04326923076923077 0.0625
1 0.8509615384615384 0.7608173076923077 0.10096153846153846 0.0625
1 0.8209134615384616 0.8353365384615384 0.08173076923076923 0.04807692307692308
1 0.7584134615384616 0.8557692307692307 0.08653846153846154 0.052884615384615384
1 0.7151442307692307 0.8305288461538461 0.07692307692307693 0.04326923076923077
1 0.6935096153846154 0.7487980769230769 0.0673076923076923 0.0673076923076923
1 0.765625 0.6646634615384616 0.09134615384615384 0.057692307692307696
1 0.6947115384615384 0.5252403846153846 0.10096153846153846 0.0625
1 0.6021634615384616 0.5600961538461539 0.08173076923076923 0.04326923076923077
1 0.6358173076923077 0.5961538461538461 0.08173076923076923 0.05048076923076923
1 0.6730769230769231 0.6430288461538461 0.11538461538461539 0.0625
1 0.6959134615384616 0.6959134615384616 0.09615384615384616 0.0625
1 0.5817307692307693 0.7295673076923077 0.09134615384615384 0.04326923076923077
1 0.5168269230769231 0.8533653846153846 0.10096153846153846 0.057692307692307696
1 0.42427884615384615 0.7331730769230769 0.08413461538461539 0.04807692307692308