1 0.04927884615384615 0.2247596153846154 0.0985576923076923 0.055288461538461536
1 0.08533653846153846 0.35336538461538464 0.08413461538461539 0.04326923076923077
1 0.3016826923076923 0.21033653846153846 0.12980769230769232 0.0625
1 0.025240384615384616 0.7439903846153846 0.05048076923076923 0.11298076923076923
1 0.20673076923076922 0.8894230769230769 0.1346153846153846 0.08173076923076923
1 0.6105769230769231 0.7740384615384616 0.11538461538461539 0.10096153846153846
0 0.19230769230769232 0.6213942307692307 0.2932692307692308 0.125
1 0.6887019230769231 0.8990384615384616 0.040865384615384616 0.057692307692307696
1 0.7572115384615384 0.9495192307692307 0.08653846153846154 0.08173076923076923
1 0.9326923076923077 0.9591346153846154 0.10817307692307693 0.05048076923076923
1 0.7776442307692307 0.8533653846153846 0.14423076923076922 0.10096153846153846
1 0.7427884615384616 0.6742788461538461 0.14903846153846154 0.06009615384615385
1 0.9615384615384616 0.7451923076923077 0.07692307692307693 0.07211538461538461
1 0.953125 0.8798076923076923 0.09375 0.057692307692307696
1 0.96875 0.6778846153846154 0.0625 0.052884615384615384