0 0.30288461538461536 0.17427884615384615 0.11057692307692307 0.055288461538461536
0 0.42908653846153844 0.039663461538461536 0.14182692307692307 0.07932692307692307
0 0.4891826923076923 0.1971153846153846 0.16826923076923078 0.08173076923076923
0 0.40384615384615385 0.4182692307692308 0.09134615384615384 0.08173076923076923
0 0.8822115384615384 0.1658653846153846 0.19230769230769232 0.08653846153846154
1 0.6682692307692307 0.31971153846153844 0.10817307692307693 0.0673076923076923
1 0.38341346153846156 0.28365384615384615 0.05048076923076923 0.08173076923076923
1 0.6370192307692307 0.14903846153846154 0.11298076923076923 0.0625
1 0.8293269230769231 0.06370192307692307 0.13942307692307693 0.08173076923076923
1 0.9735576923076923 0.016826923076923076 0.052884615384615384 0.03365384615384615
1 0.6598557692307693 0.4362980769230769 0.19471153846153846 0.04567307692307692
0 0.9290865384615384 0.2764423076923077 0.14182692307692307 0.08173076923076923
1 0.21875 0.6189903846153846 0.08653846153846154 0.052884615384615384
1 0.5492788461538461 0.5661057692307693 0.11538461538461539 0.06971153846153846
1 0.7151442307692307 0.5480769230769231 0.125 0.0673076923076923
1 0.9747596153846154 0.484375 0.05048076923076923 0.05048076923076923
1 0.5264423076923077 0.9399038461538461 0.15384615384615385 0.10336538461538461
0 0.39783653846153844 0.7596153846153846 0.07932692307692307 0.10576923076923077
0 0.42788461538461536 0.6538461538461539 0.13942307692307693 0.08653846153846154
0 0.4387019230769231 0.49759615384615385 0.16105769230769232 0.07692307692307693
0 0.7319711538461539 0.8137019230769231 0.2644230769230769 0.10336538461538461
0 0.8317307692307693 0.6466346153846154 0.1971153846153846 0.0673076923076923
0 0.9399038461538461 0.7572115384615384 0.1201923076923077 0.12980769230769232