1 0.5600961538461539 0.30408653846153844 0.07692307692307693 0.08413461538461539
1 0.27163461538461536 0.3485576923076923 0.12259615384615384 0.07211538461538461
1 0.31490384615384615 0.171875 0.11538461538461539 0.057692307692307696
1 0.12139423076923077 0.09735576923076923 0.13942307692307693 0.09134615384615384
0 0.5192307692307693 0.055288461538461536 0.15865384615384615 0.11057692307692307
0 0.45913461538461536 0.2247596153846154 0.18269230769230768 0.07211538461538461
0 0.5817307692307693 0.1778846153846154 0.03365384615384615 0.11057692307692307
0 0.07572115384615384 0.19471153846153846 0.15144230769230768 0.09615384615384616
0 0.04447115384615385 0.3004807692307692 0.0889423076923077 0.07211538461538461
1 0.7572115384615384 0.39302884615384615 0.07692307692307693 0.03125
1 0.8653846153846154 0.3473557692307692 0.1201923076923077 0.06009615384615385
1 0.9098557692307693 0.6009615384615384 0.13942307692307693 0.08173076923076923
1 0.7283653846153846 0.5288461538461539 0.11057692307692307 0.07692307692307693
0 0.7944711538461539 0.8737980769230769 0.23076923076923078 0.12980769230769232
0 0.8425480769230769 0.6947115384615384 0.1971153846153846 0.0889423076923077