0 0.28846153846153844 0.4254807692307692 0.07451923076923077 0.1201923076923077
1 0.6754807692307693 0.33413461538461536 0.03365384615384615 0.07211538461538461
1 0.6814903846153846 0.2704326923076923 0.04326923076923077 0.07211538461538461
1 0.7211538461538461 0.25721153846153844 0.04807692307692308 0.07211538461538461
1 0.7175480769230769 0.3269230769230769 0.04807692307692308 0.07451923076923077
1 0.7127403846153846 0.390625 0.052884615384615384 0.08173076923076923
1 0.2824519230769231 0.9483173076923077 0.06009615384615385 0.10336538461538461
1 0.33413461538461536 0.8449519230769231 0.07451923076923077 0.06490384615384616
1 0.3473557692307692 0.6694711538461539 0.04567307692307692 0.11298076923076923
1 0.23798076923076922 0.8293269230769231 0.09615384615384616 0.14182692307692307
1 0.09134615384615384 0.8149038461538461 0.08653846153846154 0.15865384615384615
1 0.125 0.6358173076923077 0.04807692307692308 0.125
1 0.26322115384615385 0.6237980769230769 0.0673076923076923 0.11057692307692307