1 0.02283653846153846 0.02403846153846154 0.04567307692307692 0.04807692307692308
1 0.11538461538461539 0.0733173076923077 0.08173076923076923 0.04326923076923077
1 0.15504807692307693 0.14423076923076922 0.11057692307692307 0.04807692307692308
1 0.2127403846153846 0.013221153846153846 0.13221153846153846 0.026442307692307692
1 0.39783653846153844 0.021634615384615384 0.08413461538461539 0.04326923076923077
1 0.4230769230769231 0.0829326923076923 0.03365384615384615 0.04567307692307692
1 0.34375 0.10216346153846154 0.0985576923076923 0.057692307692307696
1 0.3125 0.13701923076923078 0.07211538461538461 0.038461538461538464
0 0.5925480769230769 0.21995192307692307 0.23557692307692307 0.11538461538461539
0 0.7584134615384616 0.390625 0.1778846153846154 0.11057692307692307
0 0.9579326923076923 0.3798076923076923 0.08413461538461539 0.1971153846153846
0 0.9002403846153846 0.1814903846153846 0.19951923076923078 0.06490384615384616
0 0.07091346153846154 0.9831730769230769 0.14182692307692307 0.03365384615384615
0 0.38822115384615385 0.8834134615384616 0.10336538461538461 0.11298076923076923
0 0.34375 0.7331730769230769 0.19230769230769232 0.13942307692307693
1 0.054086538461538464 0.7956730769230769 0.10817307692307693 0.08173076923076923
1 0.09615384615384616 0.9002403846153846 0.14423076923076922 0.06971153846153846
1 0.1875 0.9699519230769231 0.09615384615384616 0.04807692307692308
1 0.2764423076923077 0.8245192307692307 0.1201923076923077 0.0625
0 0.4675480769230769 0.7427884615384616 0.055288461538461536 0.0625