0 0.13822115384615385 0.1778846153846154 0.14182692307692307 0.052884615384615384
0 0.1201923076923077 0.3004807692307692 0.125 0.04807692307692308
0 0.6875 0.24158653846153846 0.15384615384615385 0.04807692307692308
0 0.7980769230769231 0.2920673076923077 0.09134615384615384 0.08413461538461539
1 0.7956730769230769 0.7283653846153846 0.07692307692307693 0.04807692307692308
1 0.6466346153846154 0.7283653846153846 0.09134615384615384 0.05048076923076923
1 0.6189903846153846 0.8245192307692307 0.10576923076923077 0.057692307692307696
1 0.5600961538461539 0.9507211538461539 0.11057692307692307 0.052884615384615384
1 0.8028846153846154 0.9302884615384616 0.08413461538461539 0.038461538461538464
1 0.7980769230769231 0.8834134615384616 0.08173076923076923 0.052884615384615384
1 0.9170673076923077 0.953125 0.11298076923076923 0.04567307692307692
1 0.9567307692307693 0.9014423076923077 0.08653846153846154 0.052884615384615384
1 0.8689903846153846 0.7680288461538461 0.08173076923076923 0.057692307692307696
1 0.8112980769230769 0.7872596153846154 0.06971153846153846 0.052884615384615384
1 0.7415865384615384 0.8076923076923077 0.11538461538461539 0.052884615384615384