1 0.37259615384615385 0.27163461538461536 0.0733173076923077 0.0889423076923077
1 0.2512019230769231 0.30528846153846156 0.06370192307692307 0.11658653846153846
1 0.17548076923076922 0.5709134615384616 0.08774038461538461 0.14543269230769232
1 0.29927884615384615 0.4963942307692308 0.06129807692307692 0.1141826923076923
1 0.42908653846153844 0.4723557692307692 0.06009615384615385 0.11778846153846154
1 0.3858173076923077 0.671875 0.0829326923076923 0.1466346153846154
1 0.25721153846153844 0.7043269230769231 0.06490384615384616 0.1141826923076923
1 0.359375 0.8966346153846154 0.09495192307692307 0.1778846153846154
0 0.5757211538461539 0.16947115384615385 0.11899038461538461 0.12139423076923077
0 0.5492788461538461 0.6129807692307693 0.109375 0.12980769230769232
0 0.5096153846153846 0.7007211538461539 0.10336538461538461 0.12379807692307693