0 0.019230769230769232 0.24879807692307693 0.038461538461538464 0.15625
0 0.01201923076923077 0.37259615384615385 0.02403846153846154 0.10576923076923077
0 0.09134615384615384 0.4699519230769231 0.052884615384615384 0.12259615384615384
0 0.21875 0.4254807692307692 0.0673076923076923 0.08173076923076923
0 0.12860576923076922 0.052884615384615384 0.11298076923076923 0.10576923076923077
0 0.23557692307692307 0.018028846153846152 0.0673076923076923 0.036057692307692304
1 0.1502403846153846 0.6514423076923077 0.05048076923076923 0.07692307692307693
1 0.2620192307692308 0.7283653846153846 0.06009615384615385 0.10576923076923077
1 0.09014423076923077 0.8052884615384616 0.055288461538461536 0.08173076923076923
1 0.21754807692307693 0.765625 0.04326923076923077 0.07211538461538461
1 0.30528846153846156 0.7980769230769231 0.04807692307692308 0.08653846153846154
1 0.36899038461538464 0.8629807692307693 0.038461538461538464 0.07692307692307693
0 0.35336538461538464 0.6189903846153846 0.0673076923076923 0.0985576923076923
0 0.39302884615384615 0.6742788461538461 0.06971153846153846 0.11538461538461539
0 0.0733173076923077 0.5925480769230769 0.06971153846153846 0.04567307692307692