1 0.4338942307692308 0.4987980769230769 0.040865384615384616 0.06009615384615385
1 0.8701923076923077 0.5072115384615384 0.03365384615384615 0.04326923076923077
1 0.7355769230769231 0.3786057692307692 0.052884615384615384 0.09615384615384616
1 0.6742788461538461 0.2283653846153846 0.04807692307692308 0.08653846153846154
1 0.7980769230769231 0.2692307692307692 0.038461538461538464 0.07932692307692307
1 0.8545673076923077 0.3137019230769231 0.057692307692307696 0.09134615384615384
1 0.8918269230769231 0.2403846153846154 0.05048076923076923 0.07932692307692307
1 0.9483173076923077 0.16105769230769232 0.04326923076923077 0.08173076923076923
0 0.9699519230769231 0.35096153846153844 0.06009615384615385 0.1346153846153846
0 0.9399038461538461 0.4074519230769231 0.06971153846153846 0.13221153846153846
0 0.6622596153846154 0.4651442307692308 0.07211538461538461 0.11778846153846154
0 0.06971153846153846 0.90625 0.04567307692307692 0.125
0 0.18269230769230768 0.9411057692307693 0.057692307692307696 0.10336538461538461
0 0.20192307692307693 0.8485576923076923 0.055288461538461536 0.08653846153846154
0 0.2644230769230769 0.9411057692307693 0.02403846153846154 0.11778846153846154
0 0.14182692307692307 0.7307692307692307 0.07211538461538461 0.13942307692307693
1 0.3161057692307692 0.9495192307692307 0.038461538461538464 0.06971153846153846
1 0.30408653846153844 0.7836538461538461 0.05048076923076923 0.08413461538461539
1 0.23197115384615385 0.6995192307692307 0.06009615384615385 0.09615384615384616
1 0.1201923076923077 0.9723557692307693 0.038461538461538464 0.055288461538461536
1 0.6598557692307693 0.9170673076923077 0.0673076923076923 0.12740384615384615
1 0.5540865384615384 0.9050480769230769 0.052884615384615384 0.0889423076923077