0 0.47716346153846156 0.028846153846153848 0.16105769230769232 0.057692307692307696
0 0.4254807692307692 0.27163461538461536 0.17548076923076922 0.09615384615384616
0 0.45072115384615385 0.10697115384615384 0.1875 0.09134615384615384
0 0.054086538461538464 0.11538461538461539 0.10817307692307693 0.0673076923076923
1 0.12620192307692307 0.22115384615384615 0.1201923076923077 0.0625
1 0.30649038461538464 0.19951923076923078 0.10817307692307693 0.07211538461538461
1 0.07692307692307693 0.33413461538461536 0.15384615384615385 0.08653846153846154
1 0.7752403846153846 0.4074519230769231 0.125 0.0673076923076923
1 0.6610576923076923 0.3545673076923077 0.07211538461538461 0.04326923076923077
1 0.6201923076923077 0.1971153846153846 0.09615384615384616 0.0625
0 0.5432692307692307 0.8822115384615384 0.028846153846153848 0.0673076923076923
1 0.96875 0.7427884615384616 0.0625 0.052884615384615384