1 0.37740384615384615 0.24879807692307693 0.09134615384615384 0.04567307692307692
1 0.3762019230769231 0.20192307692307693 0.0985576923076923 0.0625
1 0.20552884615384615 0.15985576923076922 0.07692307692307693 0.04326923076923077
1 0.10096153846153846 0.06009615384615385 0.10576923076923077 0.057692307692307696
1 0.43028846153846156 0.027644230769230768 0.038461538461538464 0.055288461538461536
1 0.4387019230769231 0.12860576923076922 0.021634615384615384 0.055288461538461536
1 0.38100961538461536 0.11057692307692307 0.07692307692307693 0.04567307692307692
1 0.3713942307692308 0.15745192307692307 0.08173076923076923 0.05048076923076923
0 0.4639423076923077 0.30288461538461536 0.028846153846153848 0.0673076923076923
0 0.49759615384615385 0.4110576923076923 0.09615384615384616 0.057692307692307696
0 0.5697115384615384 0.4326923076923077 0.15384615384615385 0.052884615384615384
0 0.6334134615384616 0.34975961538461536 0.11778846153846154 0.05048076923076923
0 0.7115384615384616 0.27403846153846156 0.15384615384615385 0.0625
1 0.2548076923076923 0.9807692307692307 0.08173076923076923 0.038461538461538464
1 0.31971153846153844 0.8858173076923077 0.08653846153846154 0.04567307692307692
1 0.421875 0.984375 0.055288461538461536 0.03125
0 0.49158653846153844 0.9278846153846154 0.08413461538461539 0.07211538461538461
0 0.6538461538461539 0.8557692307692307 0.08173076923076923 0.09615384615384616