1 0.44591346153846156 0.45072115384615385 0.04807692307692308 0.09134615384615384
0 0.6394230769230769 0.5949519230769231 0.04326923076923077 0.04567307692307692
0 0.5829326923076923 0.5444711538461539 0.04807692307692308 0.08173076923076923
0 0.5865384615384616 0.39783653846153844 0.08413461538461539 0.15384615384615385
1 0.5540865384615384 0.6009615384615384 0.040865384615384616 0.03365384615384615
1 0.7740384615384616 0.6081730769230769 0.04807692307692308 0.019230769230769232
1 0.7487980769230769 0.49158653846153844 0.05048076923076923 0.08173076923076923
1 0.6802884615384616 0.36899038461538464 0.057692307692307696 0.10576923076923077
1 0.36778846153846156 0.9879807692307693 0.04326923076923077 0.02403846153846154
1 0.25961538461538464 0.9891826923076923 0.052884615384615384 0.021634615384615384
1 0.16706730769230768 0.9807692307692307 0.05048076923076923 0.038461538461538464
1 0.43149038461538464 0.9326923076923077 0.038461538461538464 0.0673076923076923
0 0.5108173076923077 0.8269230769230769 0.016826923076923076 0.11538461538461539
1 0.8293269230769231 0.9555288461538461 0.05048076923076923 0.08653846153846154
1 0.9603365384615384 0.9723557692307693 0.04567307692307692 0.055288461538461536
1 0.9170673076923077 0.9651442307692307 0.055288461538461536 0.06971153846153846
1 0.7211538461538461 0.9447115384615384 0.057692307692307696 0.08173076923076923
1 0.6274038461538461 0.9290865384615384 0.04326923076923077 0.08173076923076923
1 0.8918269230769231 0.8545673076923077 0.04326923076923077 0.07451923076923077
0 0.7704326923076923 0.9795673076923077 0.036057692307692304 0.040865384615384616
0 0.9795673076923077 0.75 0.040865384615384616 0.12980769230769232