0 0.4879807692307692 0.04326923076923077 0.057692307692307696 0.08653846153846154
0 0.3605769230769231 0.07211538461538461 0.12980769230769232 0.14423076923076922
1 0.22596153846153846 0.20673076923076922 0.08653846153846154 0.16105769230769232
1 0.07932692307692307 0.40865384615384615 0.0673076923076923 0.08173076923076923
1 0.5745192307692307 0.22956730769230768 0.028846153846153848 0.10817307692307693
0 0.34134615384615385 0.3629807692307692 0.13942307692307693 0.17307692307692307
1 0.34134615384615385 0.6081730769230769 0.07932692307692307 0.11057692307692307
1 0.5204326923076923 0.5709134615384616 0.057692307692307696 0.11057692307692307
1 0.5685096153846154 0.7560096153846154 0.040865384615384616 0.12740384615384615
0 0.4254807692307692 0.5036057692307693 0.06009615384615385 0.07692307692307693
0 0.22235576923076922 0.5240384615384616 0.11298076923076923 0.14903846153846154
0 0.4987980769230769 0.8040865384615384 0.09375 0.19951923076923078
0 0.3317307692307692 0.8810096153846154 0.13942307692307693 0.20673076923076922