1 0.5300480769230769 0.27403846153846156 0.04807692307692308 0.09615384615384616
1 0.5036057692307693 0.10216346153846154 0.04326923076923077 0.08173076923076923
1 0.3389423076923077 0.027644230769230768 0.052884615384615384 0.055288461538461536
1 0.4423076923076923 0.9074519230769231 0.07211538461538461 0.125
1 0.265625 0.8737980769230769 0.07211538461538461 0.13701923076923078
1 0.16706730769230768 0.7704326923076923 0.05048076923076923 0.10096153846153846
1 0.12740384615384615 0.9591346153846154 0.0625 0.08173076923076923
1 0.1466346153846154 0.5588942307692307 0.07451923076923077 0.125
1 0.22956730769230768 0.6129807692307693 0.057692307692307696 0.11057692307692307
1 0.3329326923076923 0.7259615384615384 0.08413461538461539 0.125
1 0.34975961538461536 0.46634615384615385 0.0889423076923077 0.11538461538461539
1 0.9555288461538461 0.8004807692307693 0.0625 0.10576923076923077
1 0.90625 0.6923076923076923 0.040865384615384616 0.07211538461538461
1 0.7524038461538461 0.6598557692307693 0.057692307692307696 0.0985576923076923