1 0.5324519230769231 0.2403846153846154 0.07451923076923077 0.0625
1 0.5492788461538461 0.10096153846153846 0.040865384615384616 0.08653846153846154
1 0.45913461538461536 0.026442307692307692 0.11057692307692307 0.052884615384615384
1 0.34134615384615385 0.09254807692307693 0.11057692307692307 0.08653846153846154
1 0.2403846153846154 0.019230769230769232 0.10096153846153846 0.038461538461538464
1 0.15865384615384615 0.13701923076923078 0.15384615384615385 0.04807692307692308
1 0.3954326923076923 0.21394230769230768 0.11538461538461539 0.052884615384615384
1 0.052884615384615384 0.3004807692307692 0.10576923076923077 0.0625
1 0.29927884615384615 0.3762019230769231 0.10336538461538461 0.06009615384615385
1 0.43028846153846156 0.53125 0.08173076923076923 0.04807692307692308
1 0.9891826923076923 0.6274038461538461 0.021634615384615384 0.057692307692307696
1 0.9615384615384616 0.7451923076923077 0.07692307692307693 0.07211538461538461
1 0.9435096153846154 0.8521634615384616 0.11298076923076923 0.06971153846153846
1 0.8653846153846154 0.7824519230769231 0.07692307692307693 0.057692307692307696
1 0.6875 0.8004807692307693 0.10336538461538461 0.04326923076923077
1 0.6442307692307693 0.7211538461538461 0.09375 0.06490384615384616
1 0.8509615384615384 0.6814903846153846 0.125 0.10096153846153846
1 0.8737980769230769 0.6009615384615384 0.12259615384615384 0.06009615384615385
1 0.8774038461538461 0.5144230769230769 0.14903846153846154 0.0673076923076923
1 0.6177884615384616 0.5072115384615384 0.09615384615384616 0.08173076923076923
1 0.6394230769230769 0.5877403846153846 0.125 0.07692307692307693