1 0.028846153846153848 0.08413461538461539 0.057692307692307696 0.0625
1 0.3016826923076923 0.5372596153846154 0.11538461538461539 0.0673076923076923
1 0.47716346153846156 0.4519230769230769 0.0985576923076923 0.057692307692307696
1 0.33052884615384615 0.18028846153846154 0.16346153846153846 0.09375
1 0.6141826923076923 0.30649038461538464 0.1346153846153846 0.07211538461538461
1 0.6177884615384616 0.41947115384615385 0.0985576923076923 0.07211538461538461
1 0.7487980769230769 0.31009615384615385 0.12980769230769232 0.06971153846153846
1 0.7560096153846154 0.15745192307692307 0.13942307692307693 0.07692307692307693
1 0.9555288461538461 0.31490384615384615 0.0889423076923077 0.08653846153846154
1 0.9326923076923077 0.45913461538461536 0.1346153846153846 0.08653846153846154
1 0.7223557692307693 0.5841346153846154 0.1201923076923077 0.0625
1 0.016826923076923076 0.8521634615384616 0.03365384615384615 0.055288461538461536
1 0.021634615384615384 0.9206730769230769 0.04326923076923077 0.052884615384615384
1 0.05889423076923077 0.9783653846153846 0.11778846153846154 0.04326923076923077
0 0.33653846153846156 0.7944711538461539 0.10817307692307693 0.07692307692307693