0 0.11177884615384616 0.33052884615384615 0.04326923076923077 0.1346153846153846
0 0.2283653846153846 0.31850961538461536 0.0625 0.10336538461538461
0 0.018028846153846152 0.21875 0.036057692307692304 0.1346153846153846
1 0.5144230769230769 0.171875 0.04567307692307692 0.0889423076923077
1 0.578125 0.25240384615384615 0.057692307692307696 0.09134615384615384
1 0.4951923076923077 0.018028846153846152 0.038461538461538464 0.036057692307692304
0 0.7427884615384616 0.04807692307692308 0.038461538461538464 0.09615384615384616
0 0.6298076923076923 0.03245192307692308 0.052884615384615384 0.06490384615384616
0 0.6117788461538461 0.10336538461538461 0.07211538461538461 0.0889423076923077
0 0.5504807692307693 0.037259615384615384 0.028846153846153848 0.07451923076923077
0 0.6694711538461539 0.22956730769230768 0.08173076923076923 0.15384615384615385