1 0.38100961538461536 0.06490384615384616 0.016826923076923076 0.08173076923076923
1 0.36538461538461536 0.025240384615384616 0.04326923076923077 0.05048076923076923
1 0.328125 0.051682692307692304 0.04326923076923077 0.0673076923076923
1 0.32572115384615385 0.12980769230769232 0.04807692307692308 0.07692307692307693
1 0.36899038461538464 0.12740384615384615 0.040865384615384616 0.08653846153846154
1 0.8737980769230769 0.3245192307692308 0.04326923076923077 0.06971153846153846
1 0.6850961538461539 0.29086538461538464 0.057692307692307696 0.10576923076923077
1 0.2620192307692308 0.6442307692307693 0.04807692307692308 0.0889423076923077
1 0.2608173076923077 0.49759615384615385 0.052884615384615384 0.0889423076923077
1 0.1658653846153846 0.46153846153846156 0.055288461538461536 0.10336538461538461
1 0.1778846153846154 0.5769230769230769 0.038461538461538464 0.07692307692307693
1 0.21394230769230768 0.5588942307692307 0.057692307692307696 0.11538461538461539
1 0.19951923076923078 0.6586538461538461 0.052884615384615384 0.08173076923076923
1 0.21995192307692307 0.7211538461538461 0.0625 0.07692307692307693
1 0.10576923076923077 0.6466346153846154 0.04326923076923077 0.08173076923076923
1 0.06009615384615385 0.6538461538461539 0.040865384615384616 0.07692307692307693
1 0.042067307692307696 0.7680288461538461 0.0625 0.10336538461538461
1 0.09014423076923077 0.8112980769230769 0.057692307692307696 0.10096153846153846
1 0.0985576923076923 0.9591346153846154 0.057692307692307696 0.08173076923076923
0 0.7548076923076923 0.5709134615384616 0.04807692307692308 0.09134615384615384
0 0.7704326923076923 0.703125 0.04326923076923077 0.09134615384615384
0 0.921875 0.7103365384615384 0.10096153846153846 0.15625
0 0.9399038461538461 0.9555288461538461 0.07211538461538461 0.0889423076923077