1 0.22355769230769232 0.5673076923076923 0.07211538461538461 0.04567307692307692
1 0.2608173076923077 0.38221153846153844 0.09615384615384616 0.06009615384615385
1 0.06490384615384616 0.44471153846153844 0.10576923076923077 0.0673076923076923
1 0.9675480769230769 0.41346153846153844 0.06490384615384616 0.04807692307692308
1 0.8461538461538461 0.32091346153846156 0.1201923076923077 0.06009615384615385
1 0.8209134615384616 0.2512019230769231 0.07932692307692307 0.04326923076923077
1 0.9591346153846154 0.20192307692307693 0.0673076923076923 0.04807692307692308
1 0.9326923076923077 0.2439903846153846 0.07932692307692307 0.06009615384615385
1 0.9831730769230769 0.2512019230769231 0.03365384615384615 0.055288461538461536
1 0.41466346153846156 0.8161057692307693 0.07211538461538461 0.038461538461538464
1 0.4519230769230769 0.7199519230769231 0.057692307692307696 0.04326923076923077
1 0.3737980769230769 0.6598557692307693 0.07451923076923077 0.038461538461538464
1 0.19951923076923078 0.65625 0.09134615384615384 0.038461538461538464
1 0.07932692307692307 0.6322115384615384 0.07692307692307693 0.028846153846153848
1 0.038461538461538464 0.6995192307692307 0.07692307692307693 0.052884615384615384
1 0.037259615384615384 0.7644230769230769 0.07451923076923077 0.04807692307692308
1 0.11057692307692307 0.8004807692307693 0.0625 0.03365384615384615
1 0.15384615384615385 0.7415865384615384 0.057692307692307696 0.040865384615384616
1 0.23076923076923078 0.7151442307692307 0.06009615384615385 0.03125
1 0.3389423076923077 0.7608173076923077 0.055288461538461536 0.038461538461538464
1 0.2692307692307692 0.8076923076923077 0.06009615384615385 0.038461538461538464
1 0.9723557692307693 0.9350961538461539 0.055288461538461536 0.07211538461538461
1 0.9206730769230769 0.9867788461538461 0.10576923076923077 0.026442307692307692
1 0.8112980769230769 0.9050480769230769 0.12980769230769232 0.07692307692307693
1 0.7247596153846154 0.8317307692307693 0.10336538461538461 0.06971153846153846