0 0.44350961538461536 0.08173076923076923 0.07692307692307693 0.08413461538461539
0 0.3329326923076923 0.055288461538461536 0.0625 0.07692307692307693
0 0.41346153846153844 0.1658653846153846 0.04807692307692308 0.1201923076923077
0 0.38100961538461536 0.09014423076923077 0.04326923076923077 0.11538461538461539
0 0.32091346153846156 0.18028846153846154 0.09134615384615384 0.11778846153846154
1 0.9507211538461539 0.1045673076923077 0.052884615384615384 0.07932692307692307
1 0.9579326923076923 0.34134615384615385 0.04807692307692308 0.07692307692307693
1 0.8125 0.44711538461538464 0.028846153846153848 0.07692307692307693
0 0.8497596153846154 0.265625 0.04807692307692308 0.16346153846153846
0 0.8112980769230769 0.24519230769230768 0.026442307692307692 0.13942307692307693
1 0.31971153846153844 0.9314903846153846 0.057692307692307696 0.10576923076923077
1 0.9915865384615384 0.8737980769230769 0.016826923076923076 0.09375
0 0.9591346153846154 0.8221153846153846 0.06971153846153846 0.09134615384615384