1 0.17908653846153846 0.4855769230769231 0.10576923076923077 0.052884615384615384
1 0.08774038461538461 0.4026442307692308 0.10096153846153846 0.052884615384615384
1 0.03365384615384615 0.28846153846153844 0.0673076923076923 0.038461538461538464
1 0.15384615384615385 0.27403846153846156 0.09134615384615384 0.04567307692307692
1 0.0889423076923077 0.2091346153846154 0.08173076923076923 0.05048076923076923
1 0.17908653846153846 0.14543269230769232 0.07451923076923077 0.03125
1 0.3004807692307692 0.0625 0.06490384615384616 0.04567307692307692
1 0.2620192307692308 0.2403846153846154 0.0625 0.028846153846153848
1 0.2824519230769231 0.3425480769230769 0.07692307692307693 0.038461538461538464
1 0.28846153846153844 0.43509615384615385 0.07692307692307693 0.04326923076923077
1 0.39663461538461536 0.3317307692307692 0.07211538461538461 0.040865384615384616
1 0.4026442307692308 0.2860576923076923 0.07932692307692307 0.04326923076923077
1 0.4326923076923077 0.203125 0.10336538461538461 0.04807692307692308
1 0.4326923076923077 0.09495192307692307 0.0889423076923077 0.05048076923076923
1 0.4423076923076923 0.01201923076923077 0.08653846153846154 0.02403846153846154
1 0.5168269230769231 0.2620192307692308 0.07692307692307693 0.03365384615384615
0 0.1141826923076923 0.5336538461538461 0.07692307692307693 0.08653846153846154
0 0.5769230769230769 0.3629807692307692 0.02403846153846154 0.08653846153846154
0 0.3449519230769231 0.14423076923076922 0.13942307692307693 0.04807692307692308
0 0.17908653846153846 0.11057692307692307 0.125 0.040865384615384616
1 0.18509615384615385 0.9819711538461539 0.11538461538461539 0.036057692307692304
1 0.19591346153846154 0.8954326923076923 0.10817307692307693 0.04567307692307692
1 0.6177884615384616 0.9350961538461539 0.057692307692307696 0.052884615384615384