0 0.046875 0.1971153846153846 0.09375 0.07692307692307693
0 0.25841346153846156 0.25600961538461536 0.12259615384615384 0.057692307692307696
0 0.5324519230769231 0.3112980769230769 0.11057692307692307 0.06009615384615385
0 0.4411057692307692 0.15144230769230768 0.08173076923076923 0.057692307692307696
0 0.1658653846153846 0.042067307692307696 0.1875 0.08413461538461539
0 0.49038461538461536 0.028846153846153848 0.11538461538461539 0.057692307692307696
0 0.578125 0.18509615384615385 0.10336538461538461 0.09134615384615384
1 0.6478365384615384 0.3088942307692308 0.036057692307692304 0.040865384615384616
1 0.7620192307692307 0.28725961538461536 0.06971153846153846 0.038461538461538464
1 0.6634615384615384 0.22355769230769232 0.0673076923076923 0.057692307692307696
1 0.18990384615384615 0.5961538461538461 0.07211538461538461 0.014423076923076924
1 0.2692307692307692 0.5973557692307693 0.07692307692307693 0.016826923076923076
1 0.7596153846153846 0.6286057692307693 0.10576923076923077 0.0625
1 0.6442307692307693 0.8629807692307693 0.028846153846153848 0.0625
1 0.6478365384615384 0.9375 0.036057692307692304 0.04326923076923077
1 0.6995192307692307 0.9651442307692307 0.07932692307692307 0.04807692307692308
1 0.7319711538461539 0.9338942307692307 0.08173076923076923 0.038461538461538464
1 0.7572115384615384 0.8617788461538461 0.06971153846153846 0.06490384615384616
1 0.6826923076923077 0.7728365384615384 0.10096153846153846 0.0625
1 0.7788461538461539 0.7463942307692307 0.10576923076923077 0.0625
1 0.7572115384615384 0.8040865384615384 0.10817307692307693 0.057692307692307696
1 0.8088942307692307 0.703125 0.08173076923076923 0.04567307692307692
1 0.8413461538461539 0.6682692307692307 0.08173076923076923 0.052884615384615384
1 0.8677884615384616 0.8377403846153846 0.09134615384615384 0.04326923076923077
1 0.9338942307692307 0.9567307692307693 0.10576923076923077 0.057692307692307696
1 0.9903846153846154 0.8389423076923077 0.019230769230769232 0.052884615384615384