0 0.11658653846153846 0.328125 0.11538461538461539 0.052884615384615384
0 0.1346153846153846 0.44471153846153844 0.0889423076923077 0.0625
1 0.9399038461538461 0.1658653846153846 0.1201923076923077 0.0673076923076923
1 0.9399038461538461 0.27524038461538464 0.11298076923076923 0.057692307692307696
1 0.18389423076923078 0.9399038461538461 0.11538461538461539 0.057692307692307696
1 0.21754807692307693 0.8052884615384616 0.07211538461538461 0.052884615384615384
1 0.4483173076923077 0.8028846153846154 0.040865384615384616 0.04326923076923077
1 0.11538461538461539 0.6598557692307693 0.08653846153846154 0.038461538461538464
0 0.38822115384615385 0.9134615384615384 0.1346153846153846 0.057692307692307696
0 0.296875 0.7043269230769231 0.13221153846153846 0.07211538461538461
0 0.3233173076923077 0.6502403846153846 0.14182692307692307 0.04807692307692308
0 0.8978365384615384 0.890625 0.13701923076923078 0.057692307692307696
0 0.7307692307692307 0.8461538461538461 0.09615384615384616 0.06971153846153846
0 0.5432692307692307 0.9158653846153846 0.09134615384615384 0.08173076923076923