1 0.5552884615384616 0.1935096153846154 0.07211538461538461 0.05048076923076923
1 0.6298076923076923 0.30528846153846156 0.10576923076923077 0.06009615384615385
1 0.7067307692307693 0.13341346153846154 0.08173076923076923 0.055288461538461536
1 0.6670673076923077 0.2608173076923077 0.07211538461538461 0.04326923076923077
1 0.6995192307692307 0.3485576923076923 0.08653846153846154 0.04807692307692308
1 0.7644230769230769 0.41225961538461536 0.07692307692307693 0.038461538461538464
0 0.5444711538461539 0.39663461538461536 0.05048076923076923 0.0673076923076923
0 0.5757211538461539 0.4362980769230769 0.11298076923076923 0.06971153846153846
1 0.17668269230769232 0.9747596153846154 0.09615384615384616 0.04807692307692308
0 0.5697115384615384 0.7427884615384616 0.10096153846153846 0.052884615384615384
0 0.5673076923076923 0.8737980769230769 0.09615384615384616 0.06490384615384616
0 0.7307692307692307 0.9915865384615384 0.1201923076923077 0.016826923076923076