0 0.5 0.46033653846153844 0.14903846153846154 0.036057692307692304
0 0.390625 0.41947115384615385 0.11778846153846154 0.07692307692307693
0 0.9182692307692307 0.38221153846153844 0.10576923076923077 0.0673076923076923
0 0.9206730769230769 0.45913461538461536 0.09134615384615384 0.038461538461538464
0 0.5048076923076923 0.71875 0.16826923076923078 0.11057692307692307
0 0.28846153846153844 0.7307692307692307 0.12980769230769232 0.1971153846153846
0 0.34615384615384615 0.9278846153846154 0.24519230769230768 0.06490384615384616
0 0.09975961538461539 0.8473557692307693 0.1778846153846154 0.16346153846153846
0 0.7439903846153846 0.6045673076923077 0.10336538461538461 0.057692307692307696
0 0.6213942307692307 0.5576923076923077 0.06490384615384616 0.07692307692307693
0 0.6923076923076923 0.7307692307692307 0.09375 0.06490384615384616
0 0.6382211538461539 0.6490384615384616 0.09615384615384616 0.04807692307692308