0 0.16706730769230768 0.1045673076923077 0.13221153846153846 0.18028846153846154
0 0.5625 0.06850961538461539 0.14182692307692307 0.12259615384615384
0 0.5961538461538461 0.7283653846153846 0.07932692307692307 0.20072115384615385
0 0.4026442307692308 0.43028846153846156 0.09134615384615384 0.171875
0 0.4651442307692308 0.6153846153846154 0.140625 0.21153846153846154
0 0.5012019230769231 0.9002403846153846 0.0889423076923077 0.19951923076923078
0 0.1814903846153846 0.7572115384615384 0.11057692307692307 0.24759615384615385
1 0.3701923076923077 0.05889423076923077 0.0673076923076923 0.11778846153846154
1 0.45913461538461536 0.21514423076923078 0.078125 0.14783653846153846
1 0.5492788461538461 0.3389423076923077 0.08052884615384616 0.15625
1 0.6454326923076923 0.4254807692307692 0.09134615384615384 0.125
1 0.20192307692307693 0.29086538461538464 0.0829326923076923 0.13341346153846154
1 0.3088942307692308 0.16105769230769232 0.06850961538461539 0.09975961538461539
1 0.38100961538461536 0.28846153846153844 0.057692307692307696 0.10576923076923077
1 0.30288461538461536 0.3425480769230769 0.0625 0.125
1 0.28846153846153844 0.515625 0.09134615384615384 0.15504807692307693
1 0.2608173076923077 0.6850961538461539 0.06610576923076923 0.1141826923076923
1 0.40625 0.7091346153846154 0.078125 0.125
1 0.18990384615384615 0.46033653846153844 0.08413461538461539 0.15745192307692307
1 0.3485576923076923 0.9158653846153846 0.08173076923076923 0.14302884615384615