1 0.5360576923076923 0.4951923076923077 0.02403846153846154 0.057692307692307696
1 0.9278846153846154 0.2824519230769231 0.12980769230769232 0.08653846153846154
1 0.8485576923076923 0.39663461538461536 0.1346153846153846 0.07451923076923077
1 0.6971153846153846 0.4723557692307692 0.11538461538461539 0.0673076923076923
1 0.5973557692307693 0.3269230769230769 0.0985576923076923 0.07211538461538461
0 0.9098557692307693 0.5 0.18028846153846154 0.10576923076923077
0 0.6526442307692307 0.19951923076923078 0.1971153846153846 0.1346153846153846
0 0.2776442307692308 0.9074519230769231 0.09615384615384616 0.07692307692307693
1 0.9158653846153846 0.6646634615384616 0.10576923076923077 0.052884615384615384
1 0.8317307692307693 0.609375 0.10096153846153846 0.040865384615384616
1 0.734375 0.6935096153846154 0.12980769230769232 0.07692307692307693
1 0.6334134615384616 0.7740384615384616 0.10096153846153846 0.06009615384615385