0 0.45072115384615385 0.1971153846153846 0.12860576923076922 0.08173076923076923
0 0.32572115384615385 0.2283653846153846 0.1045673076923077 0.2776442307692308
0 0.4951923076923077 0.35697115384615385 0.08173076923076923 0.16947115384615385
0 0.7427884615384616 0.18629807692307693 0.1346153846153846 0.265625
0 0.4639423076923077 0.75 0.08653846153846154 0.19230769230769232
0 0.15865384615384615 0.6550480769230769 0.0733173076923077 0.1875
1 0.6177884615384616 0.5360576923076923 0.06610576923076923 0.10817307692307693
1 0.5817307692307693 0.2127403846153846 0.08173076923076923 0.1310096153846154
1 0.44711538461538464 0.5048076923076923 0.06370192307692307 0.11298076923076923
1 0.24759615384615385 0.5060096153846154 0.06490384615384616 0.10697115384615384
1 0.36177884615384615 0.6971153846153846 0.0829326923076923 0.140625
1 0.3004807692307692 0.8725961538461539 0.06370192307692307 0.1141826923076923
1 0.7512019230769231 0.5288461538461539 0.07692307692307693 0.19471153846153846
0 0.5757211538461539 0.8209134615384616 0.0829326923076923 0.1875