1 0.3173076923076923 0.09375 0.05048076923076923 0.08653846153846154
0 0.7620192307692307 0.038461538461538464 0.09615384615384616 0.07692307692307693
0 0.6189903846153846 0.4074519230769231 0.040865384615384616 0.20432692307692307
1 0.7115384615384616 0.28966346153846156 0.0625 0.1201923076923077
1 0.6899038461538461 0.109375 0.07211538461538461 0.10817307692307693
1 0.8257211538461539 0.34615384615384615 0.08653846153846154 0.16826923076923078
1 0.7788461538461539 0.5324519230769231 0.07211538461538461 0.03125
1 0.0733173076923077 0.5793269230769231 0.07932692307692307 0.0625
1 0.25240384615384615 0.5600961538461539 0.057692307692307696 0.02403846153846154
1 0.3233173076923077 0.703125 0.08173076923076923 0.12740384615384615
1 0.4495192307692308 0.5625 0.0673076923076923 0.028846153846153848
1 0.3954326923076923 0.8846153846153846 0.07211538461538461 0.125
0 0.5360576923076923 0.6610576923076923 0.08173076923076923 0.18990384615384615
0 0.23197115384615385 0.7512019230769231 0.09375 0.19951923076923078
0 0.0673076923076923 0.8269230769230769 0.1346153846153846 0.20673076923076922
0 0.953125 0.9182692307692307 0.09375 0.16346153846153846
1 0.9663461538461539 0.6418269230769231 0.0673076923076923 0.14423076923076922
1 0.8762019230769231 0.75 0.07692307692307693 0.1466346153846154
1 0.7992788461538461 0.8533653846153846 0.07692307692307693 0.1201923076923077