0 0.4362980769230769 0.07932692307692307 0.1466346153846154 0.11177884615384616
0 0.5889423076923077 0.19831730769230768 0.09375 0.1814903846153846
0 0.6033653846153846 0.5084134615384616 0.10336538461538461 0.22355769230769232
0 0.5048076923076923 0.40024038461538464 0.039663461538461536 0.09134615384615384
0 0.4639423076923077 0.2403846153846154 0.0625 0.0985576923076923
0 0.5769230769230769 0.7584134615384616 0.09375 0.19110576923076922
0 0.4699519230769231 0.6394230769230769 0.06850961538461539 0.0889423076923077
1 0.2668269230769231 0.30288461538461536 0.07451923076923077 0.11177884615384616
1 0.375 0.2620192307692308 0.06490384615384616 0.0889423076923077
1 0.32572115384615385 0.4723557692307692 0.0733173076923077 0.10817307692307693
1 0.4110576923076923 0.5120192307692307 0.051682692307692304 0.1310096153846154
1 0.34375 0.6875 0.0673076923076923 0.14543269230769232
1 0.23677884615384615 0.4963942307692308 0.078125 0.140625
1 0.23798076923076922 0.7355769230769231 0.06610576923076923 0.0889423076923077
1 0.3641826923076923 0.8557692307692307 0.1141826923076923 0.11899038461538461