0 0.45072115384615385 0.37740384615384615 0.0673076923076923 0.10096153846153846
0 0.27163461538461536 0.3329326923076923 0.052884615384615384 0.12980769230769232
0 0.2283653846153846 0.4567307692307692 0.038461538461538464 0.1346153846153846
0 0.17067307692307693 0.4326923076923077 0.07692307692307693 0.11538461538461539
0 0.96875 0.5709134615384616 0.0625 0.036057692307692304
1 0.1622596153846154 0.8930288461538461 0.0625 0.11057692307692307
1 0.23677884615384615 0.8701923076923077 0.04567307692307692 0.07932692307692307
1 0.26322115384615385 0.7980769230769231 0.04807692307692308 0.07932692307692307
1 0.23197115384615385 0.765625 0.038461538461538464 0.08173076923076923
1 0.15985576923076922 0.7403846153846154 0.06490384615384616 0.06971153846153846
1 0.07091346153846154 0.8149038461538461 0.0625 0.10096153846153846
1 0.04447115384615385 0.71875 0.0625 0.10576923076923077
1 0.10216346153846154 0.7403846153846154 0.057692307692307696 0.10817307692307693
1 0.01201923076923077 0.6875 0.02403846153846154 0.08173076923076923
1 0.1346153846153846 0.6322115384615384 0.04326923076923077 0.08653846153846154
1 0.2548076923076923 0.6021634615384616 0.057692307692307696 0.026442307692307692
1 0.8689903846153846 0.9242788461538461 0.038461538461538464 0.07692307692307693
1 0.9807692307692307 0.7644230769230769 0.038461538461538464 0.11057692307692307