1 0.5889423076923077 0.13701923076923078 0.04567307692307692 0.08173076923076923
1 0.5516826923076923 0.17548076923076922 0.04807692307692308 0.07692307692307693
1 0.6225961538461539 0.18629807692307693 0.04326923076923077 0.08173076923076923
1 0.5997596153846154 0.2548076923076923 0.055288461538461536 0.08173076923076923
1 0.5504807692307693 0.2548076923076923 0.04807692307692308 0.08653846153846154
1 0.8100961538461539 0.030048076923076924 0.0625 0.06009615384615385
1 0.9495192307692307 0.027644230769230768 0.0625 0.055288461538461536
1 0.6466346153846154 0.5949519230769231 0.04567307692307692 0.08173076923076923
1 0.6141826923076923 0.5408653846153846 0.04807692307692308 0.07692307692307693
1 0.5805288461538461 0.5805288461538461 0.04807692307692308 0.07932692307692307
1 0.6237980769230769 0.6550480769230769 0.04807692307692308 0.09134615384615384
1 0.5745192307692307 0.6646634615384616 0.04567307692307692 0.08173076923076923