1 0.0985576923076923 0.33533653846153844 0.04447115384615385 0.08413461538461539
1 0.21394230769230768 0.10336538461538461 0.04807692307692308 0.09134615384615384
1 0.2644230769230769 0.11778846153846154 0.0673076923076923 0.11298076923076923
1 0.3076923076923077 0.28365384615384615 0.06009615384615385 0.10817307692307693
1 0.3954326923076923 0.22596153846153846 0.04567307692307692 0.08173076923076923
1 0.45072115384615385 0.19471153846153846 0.054086538461538464 0.08413461538461539
1 0.38100961538461536 0.33774038461538464 0.040865384615384616 0.14302884615384615
1 0.4098557692307692 0.41225961538461536 0.057692307692307696 0.07932692307692307
1 0.5288461538461539 0.5456730769230769 0.054086538461538464 0.07932692307692307
1 0.4338942307692308 0.5288461538461539 0.06129807692307692 0.0985576923076923
1 0.35697115384615385 0.49038461538461536 0.06009615384615385 0.109375
1 0.29447115384615385 0.49399038461538464 0.04567307692307692 0.0829326923076923
1 0.24158653846153846 0.4963942307692308 0.05889423076923077 0.1045673076923077
1 0.22355769230769232 0.4098557692307692 0.05048076923076923 0.07932692307692307
1 0.1935096153846154 0.35697115384615385 0.056490384615384616 0.07572115384615384
1 0.22115384615384615 0.27884615384615385 0.07091346153846154 0.11298076923076923