1 0.44711538461538464 0.28125 0.09615384615384616 0.10576923076923077
1 0.8509615384615384 0.3918269230769231 0.11057692307692307 0.0673076923076923
0 0.6358173076923077 0.06610576923076923 0.1971153846153846 0.13221153846153846
1 0.8942307692307693 0.5685096153846154 0.09615384615384616 0.11778846153846154
1 0.9903846153846154 0.6658653846153846 0.019230769230769232 0.08173076923076923
1 0.8918269230769231 0.9134615384615384 0.09615384615384616 0.06971153846153846
1 0.7331730769230769 0.9471153846153846 0.13221153846153846 0.052884615384615384
1 0.7632211538461539 0.8100961538461539 0.12980769230769232 0.057692307692307696
1 0.8473557692307693 0.7091346153846154 0.13942307692307693 0.052884615384615384
1 0.6009615384615384 0.6995192307692307 0.14903846153846154 0.05048076923076923
1 0.6850961538461539 0.5588942307692307 0.125 0.08653846153846154