0 0.038461538461538464 0.039663461538461536 0.07692307692307693 0.07932692307692307
1 0.4423076923076923 0.29447115384615385 0.04807692307692308 0.0889423076923077
1 0.5360576923076923 0.1971153846153846 0.0625 0.09615384615384616
1 0.6766826923076923 0.04326923076923077 0.05048076923076923 0.08653846153846154
1 0.6766826923076923 0.2127403846153846 0.0673076923076923 0.11538461538461539
1 0.6899038461538461 0.3112980769230769 0.04807692307692308 0.055288461538461536
1 0.18389423076923078 0.40625 0.0625 0.11778846153846154
1 0.25961538461538464 0.43149038461538464 0.04807692307692308 0.08173076923076923
1 0.2824519230769231 0.5 0.04326923076923077 0.07211538461538461
1 0.2512019230769231 0.5276442307692307 0.040865384615384616 0.07211538461538461
1 0.1778846153846154 0.5528846153846154 0.07211538461538461 0.0625
1 0.08653846153846154 0.484375 0.057692307692307696 0.10096153846153846
1 0.019230769230769232 0.6105769230769231 0.038461538461538464 0.09615384615384616
1 0.06490384615384616 0.5697115384615384 0.06009615384615385 0.09134615384615384
1 0.1201923076923077 0.5516826923076923 0.057692307692307696 0.08653846153846154
1 0.15504807692307693 0.6622596153846154 0.04567307692307692 0.07211538461538461
1 0.27283653846153844 0.734375 0.052884615384615384 0.10576923076923077
1 0.15384615384615385 0.8233173076923077 0.04326923076923077 0.07932692307692307
1 0.44350961538461536 0.6983173076923077 0.04807692307692308 0.08653846153846154
1 0.546875 0.7632211538461539 0.04567307692307692 0.08173076923076923
1 0.4387019230769231 0.8822115384615384 0.040865384615384616 0.08653846153846154
1 0.5228365384615384 0.9567307692307693 0.05048076923076923 0.08653846153846154