0 0.44591346153846156 0.27403846153846156 0.026442307692307692 0.0673076923076923
0 0.4014423076923077 0.25961538461538464 0.09134615384615384 0.07211538461538461
1 0.9627403846153846 0.49278846153846156 0.07451923076923077 0.04807692307692308
1 0.953125 0.2127403846153846 0.09375 0.06009615384615385
1 0.9326923076923077 0.13701923076923078 0.07211538461538461 0.05048076923076923
1 0.8617788461538461 0.1141826923076923 0.08173076923076923 0.05048076923076923
1 0.8317307692307693 0.14543269230769232 0.07932692307692307 0.04326923076923077
1 0.8040865384615384 0.21634615384615385 0.0673076923076923 0.06490384615384616
1 0.8677884615384616 0.30649038461538464 0.11057692307692307 0.0673076923076923
1 0.8064903846153846 0.27403846153846156 0.09615384615384616 0.057692307692307696
1 0.7932692307692307 0.328125 0.09615384615384616 0.0625
1 0.7512019230769231 0.3737980769230769 0.07692307692307693 0.04326923076923077
1 0.71875 0.4110576923076923 0.08413461538461539 0.05048076923076923
1 0.8028846153846154 0.44711538461538464 0.10576923076923077 0.057692307692307696
1 0.6947115384615384 0.2403846153846154 0.08653846153846154 0.04326923076923077
1 0.6298076923076923 0.1201923076923077 0.09375 0.06490384615384616
1 0.5348557692307693 0.23918269230769232 0.07932692307692307 0.04326923076923077
0 0.31971153846153844 0.9038461538461539 0.14423076923076922 0.15384615384615385
0 0.12980769230769232 0.9663461538461539 0.16826923076923078 0.0673076923076923
0 0.8641826923076923 0.7115384615384616 0.12980769230769232 0.0625