0 0.020432692307692308 0.6995192307692307 0.040865384615384616 0.052884615384615384
1 0.5 0.9483173076923077 0.04326923076923077 0.055288461538461536
1 0.5492788461538461 0.9122596153846154 0.10817307692307693 0.0673076923076923
1 0.49399038461538464 0.7620192307692307 0.03125 0.052884615384615384
1 0.5504807692307693 0.8305288461538461 0.12980769230769232 0.04807692307692308
1 0.5180288461538461 0.6971153846153846 0.07932692307692307 0.04807692307692308
1 0.6526442307692307 0.6983173076923077 0.07692307692307693 0.052884615384615384
1 0.6887019230769231 0.7331730769230769 0.10336538461538461 0.0625
1 0.7764423076923077 0.7560096153846154 0.08173076923076923 0.06009615384615385
1 0.7524038461538461 0.8233173076923077 0.11538461538461539 0.0673076923076923
1 0.6923076923076923 0.9375 0.11057692307692307 0.052884615384615384
1 0.6346153846153846 0.921875 0.07211538461538461 0.04567307692307692