1 0.8894230769230769 0.16346153846153846 0.10817307692307693 0.04807692307692308
1 0.9747596153846154 0.056490384615384616 0.05048076923076923 0.10817307692307693
1 0.8269230769230769 0.08173076923076923 0.13942307692307693 0.07451923076923077
1 0.7259615384615384 0.02283653846153846 0.09615384615384616 0.04567307692307692
0 0.6081730769230769 0.6814903846153846 0.08173076923076923 0.055288461538461536
0 0.33052884615384615 0.7716346153846154 0.12980769230769232 0.057692307692307696
0 0.140625 0.8918269230769231 0.125 0.06490384615384616
0 0.5504807692307693 0.8389423076923077 0.15625 0.09615384615384616
0 0.7848557692307693 0.8028846153846154 0.08173076923076923 0.04807692307692308
0 0.9399038461538461 0.7644230769230769 0.1201923076923077 0.0673076923076923
0 0.9603365384615384 0.8822115384615384 0.07932692307692307 0.09134615384615384
0 0.7235576923076923 0.9038461538461539 0.09134615384615384 0.10096153846153846
1 0.9338942307692307 0.5192307692307693 0.1201923076923077 0.07692307692307693
1 0.8954326923076923 0.65625 0.11538461538461539 0.0625
1 0.7283653846153846 0.6971153846153846 0.10096153846153846 0.057692307692307696
1 0.7235576923076923 0.5865384615384616 0.09134615384615384 0.0673076923076923
1 0.7307692307692307 0.5024038461538461 0.10576923076923077 0.09134615384615384