1 0.1346153846153846 0.40384615384615385 0.04567307692307692 0.08653846153846154
1 0.3245192307692308 0.3701923076923077 0.0625 0.09375
1 0.25841346153846156 0.5564903846153846 0.06490384615384616 0.10336538461538461
1 0.9747596153846154 0.1502403846153846 0.04326923076923077 0.08413461538461539
1 0.921875 0.04807692307692308 0.06009615384615385 0.09615384615384616
0 0.1875 0.6971153846153846 0.10096153846153846 0.1778846153846154
1 0.021634615384615384 0.9747596153846154 0.04326923076923077 0.05048076923076923
1 0.078125 0.7524038461538461 0.07451923076923077 0.16346153846153846
1 0.15625 0.9050480769230769 0.0673076923076923 0.10817307692307693
0 0.28846153846153844 0.9507211538461539 0.11538461538461539 0.0985576923076923
1 0.9338942307692307 0.6862980769230769 0.09134615384615384 0.11057692307692307
0 0.6887019230769231 0.7103365384615384 0.040865384615384616 0.20432692307692307