1 0.4579326923076923 0.040865384615384616 0.07692307692307693 0.05048076923076923
1 0.5 0.22956730769230768 0.09615384615384616 0.057692307692307696
1 0.30649038461538464 0.1658653846153846 0.11057692307692307 0.06490384615384616
0 0.7980769230769231 0.2704326923076923 0.1346153846153846 0.052884615384615384
1 0.4963942307692308 0.5588942307692307 0.13701923076923078 0.07211538461538461
1 0.46153846153846156 0.6646634615384616 0.13701923076923078 0.06971153846153846
1 0.3701923076923077 0.5949519230769231 0.07692307692307693 0.057692307692307696
1 0.19230769230769232 0.6129807692307693 0.10336538461538461 0.04326923076923077
1 0.039663461538461536 0.6201923076923077 0.07932692307692307 0.07692307692307693
1 0.14903846153846154 0.5336538461538461 0.09375 0.06490384615384616
1 0.3557692307692308 0.5216346153846154 0.125 0.04326923076923077
0 0.9663461538461539 0.7295673076923077 0.0673076923076923 0.06490384615384616