0 0.3581730769230769 0.025240384615384616 0.13942307692307693 0.05048076923076923
0 0.24278846153846154 0.07211538461538461 0.12740384615384615 0.07211538461538461
0 0.9435096153846154 0.4014423076923077 0.11298076923076923 0.07692307692307693
0 0.9122596153846154 0.3016826923076923 0.11538461538461539 0.052884615384615384
0 0.8076923076923077 0.21754807692307693 0.08653846153846154 0.038461538461538464
0 0.8197115384615384 0.3798076923076923 0.0673076923076923 0.07692307692307693
0 0.6081730769230769 0.41947115384615385 0.10096153846153846 0.052884615384615384
0 0.640625 0.33052884615384615 0.0673076923076923 0.03365384615384615
0 0.546875 0.25240384615384615 0.10096153846153846 0.0625
1 0.375 0.4891826923076923 0.08173076923076923 0.040865384615384616
1 0.046875 0.4795673076923077 0.09375 0.021634615384615384
1 0.03245192307692308 0.5600961538461539 0.06490384615384616 0.04807692307692308
0 0.9579326923076923 0.49158653846153844 0.08413461538461539 0.04567307692307692