1 0.18269230769230768 0.359375 0.10096153846153846 0.04567307692307692
1 0.16947115384615385 0.2956730769230769 0.11538461538461539 0.057692307692307696
1 0.13942307692307693 0.21033653846153846 0.10096153846153846 0.0625
0 0.7451923076923077 0.1466346153846154 0.1875 0.0625
0 0.6742788461538461 0.2800480769230769 0.15865384615384615 0.08173076923076923
0 0.8665865384615384 0.4170673076923077 0.052884615384615384 0.08413461538461539
0 0.7019230769230769 0.39663461538461536 0.10817307692307693 0.0673076923076923
0 0.5588942307692307 0.5240384615384616 0.13221153846153846 0.07211538461538461
0 0.4795673076923077 0.36177884615384615 0.09615384615384616 0.07211538461538461
0 0.5841346153846154 0.13221153846153846 0.09615384615384616 0.08413461538461539
0 0.6875 0.9771634615384616 0.07692307692307693 0.04567307692307692