0 0.32572115384615385 0.125 0.1346153846153846 0.052884615384615384
0 0.1622596153846154 0.17067307692307693 0.10096153846153846 0.08413461538461539
0 0.8882211538461539 0.08533653846153846 0.10336538461538461 0.1201923076923077
0 0.7439903846153846 0.17307692307692307 0.2620192307692308 0.08413461538461539
1 0.47716346153846156 0.9326923076923077 0.021634615384615384 0.04326923076923077
1 0.4579326923076923 0.8509615384615384 0.06009615384615385 0.057692307692307696
1 0.4182692307692308 0.8485576923076923 0.07211538461538461 0.052884615384615384
1 0.4074519230769231 0.7764423076923077 0.10096153846153846 0.04326923076923077
1 0.24519230769230768 0.78125 0.07211538461538461 0.04807692307692308
1 0.2127403846153846 0.8149038461538461 0.09134615384615384 0.057692307692307696
1 0.11778846153846154 0.8317307692307693 0.07932692307692307 0.04567307692307692
1 0.140625 0.9038461538461539 0.10096153846153846 0.057692307692307696
1 0.19831730769230768 0.9903846153846154 0.10817307692307693 0.019230769230769232
1 0.2548076923076923 0.9879807692307693 0.057692307692307696 0.02403846153846154
1 0.3473557692307692 0.9795673076923077 0.09375 0.040865384615384616
0 0.8798076923076923 0.8088942307692307 0.0985576923076923 0.04326923076923077
0 0.6622596153846154 0.6682692307692307 0.1658653846153846 0.07451923076923077
0 0.5252403846153846 0.7463942307692307 0.07451923076923077 0.07451923076923077
0 0.6538461538461539 0.8329326923076923 0.18269230769230768 0.09615384615384616
0 0.7391826923076923 0.9639423076923077 0.16105769230769232 0.07211538461538461
0 0.5168269230769231 0.9795673076923077 0.057692307692307696 0.040865384615384616