0 0.10336538461538461 0.5072115384615384 0.10576923076923077 0.08173076923076923
0 0.3389423076923077 0.3425480769230769 0.09615384615384616 0.28846153846153844
0 0.49038461538461536 0.44591346153846156 0.12980769230769232 0.20432692307692307
0 0.1778846153846154 0.09735576923076923 0.0625 0.19471153846153846
1 0.2548076923076923 0.4266826923076923 0.07211538461538461 0.12980769230769232
1 0.1201923076923077 0.28365384615384615 0.057692307692307696 0.10576923076923077
1 0.2644230769230769 0.19951923076923078 0.057692307692307696 0.125
1 0.3798076923076923 0.1045673076923077 0.07692307692307693 0.12980769230769232
1 0.4639423076923077 0.18269230769230768 0.057692307692307696 0.0985576923076923
1 0.5528846153846154 0.28966346153846156 0.06009615384615385 0.09134615384615384
1 0.9867788461538461 0.49038461538461536 0.026442307692307692 0.08173076923076923
1 0.7199519230769231 0.4879807692307692 0.06009615384615385 0.1201923076923077
1 0.6574519230769231 0.46634615384615385 0.016826923076923076 0.08173076923076923
1 0.6586538461538461 0.3605769230769231 0.019230769230769232 0.0673076923076923
1 0.7259615384615384 0.33774038461538464 0.0673076923076923 0.07211538461538461
1 0.8125 0.40865384615384615 0.057692307692307696 0.09615384615384616
1 0.9519230769230769 0.3389423076923077 0.0625 0.10096153846153846
1 0.9146634615384616 0.24759615384615385 0.052884615384615384 0.08413461538461539
1 0.8822115384615384 0.2848557692307692 0.052884615384615384 0.07211538461538461
1 0.8377403846153846 0.31971153846153844 0.0673076923076923 0.11057692307692307
1 0.78125 0.3401442307692308 0.057692307692307696 0.10817307692307693
1 0.7439903846153846 0.23076923076923078 0.04326923076923077 0.07451923076923077
1 0.7451923076923077 0.07091346153846154 0.04567307692307692 0.07692307692307693
1 0.5817307692307693 0.7331730769230769 0.052884615384615384 0.08653846153846154
1 0.5144230769230769 0.7415865384615384 0.0673076923076923 0.10576923076923077
1 0.5360576923076923 0.8509615384615384 0.06009615384615385 0.10096153846153846