1 0.734375 0.296875 0.08413461538461539 0.14423076923076922
1 0.8810096153846154 0.5132211538461539 0.09134615384615384 0.11177884615384616
1 0.3581730769230769 0.31971153846153844 0.07572115384615384 0.109375
1 0.3401442307692308 0.49038461538461536 0.06610576923076923 0.1201923076923077
1 0.22355769230769232 0.5564903846153846 0.09014423076923077 0.1310096153846154
1 0.26802884615384615 0.7776442307692307 0.06370192307692307 0.14302884615384615
1 0.7596153846153846 0.9254807692307693 0.11538461538461539 0.14903846153846154
0 0.45072115384615385 0.16466346153846154 0.078125 0.19230769230769232
0 0.5588942307692307 0.1201923076923077 0.10817307692307693 0.2403846153846154
0 0.2800480769230769 0.19951923076923078 0.10817307692307693 0.19471153846153846
0 0.5985576923076923 0.5096153846153846 0.11538461538461539 0.25961538461538464
0 0.44350961538461536 0.6117788461538461 0.06971153846153846 0.18870192307692307
0 0.5576923076923077 0.75 0.140625 0.19230769230769232