1 0.04927884615384615 0.2764423076923077 0.09134615384615384 0.04567307692307692
1 0.1346153846153846 0.4411057692307692 0.08173076923076923 0.04567307692307692
1 0.30408653846153844 0.4675480769230769 0.09134615384615384 0.04567307692307692
1 0.6802884615384616 0.2776442307692308 0.11057692307692307 0.0625
1 0.7211538461538461 0.4254807692307692 0.08653846153846154 0.05048076923076923
1 0.828125 0.4795673076923077 0.125 0.0673076923076923
1 0.203125 0.9278846153846154 0.10096153846153846 0.0625
1 0.16466346153846154 0.7992788461538461 0.07692307692307693 0.04567307692307692
0 0.9411057692307693 0.8473557692307693 0.11778846153846154 0.0985576923076923
0 0.9507211538461539 0.6826923076923077 0.0985576923076923 0.09134615384615384
0 0.5528846153846154 0.6935096153846154 0.20432692307692307 0.0673076923076923
1 0.671875 0.7980769230769231 0.1201923076923077 0.0625
1 0.8521634615384616 0.7764423076923077 0.10817307692307693 0.07211538461538461
1 0.6153846153846154 0.9122596153846154 0.16826923076923078 0.08653846153846154