0 0.09735576923076923 0.29086538461538464 0.19471153846153846 0.11538461538461539
0 0.1658653846153846 0.5625 0.17548076923076922 0.0985576923076923
0 0.140625 0.39783653846153844 0.1875 0.09134615384615384
0 0.4387019230769231 0.16826923076923078 0.06009615384615385 0.10576923076923077
1 0.4362980769230769 0.5120192307692307 0.06490384615384616 0.0625
1 0.2848557692307692 0.49038461538461536 0.10817307692307693 0.07211538461538461
1 0.1875 0.06129807692307692 0.13942307692307693 0.0673076923076923
1 0.6069711538461539 0.015625 0.2283653846153846 0.03125
1 0.609375 0.12259615384615384 0.11538461538461539 0.07932692307692307
1 0.5673076923076923 0.3016826923076923 0.11538461538461539 0.06009615384615385
1 0.5709134615384616 0.49759615384615385 0.12259615384615384 0.0625
1 0.765625 0.3786057692307692 0.15865384615384615 0.09615384615384616
1 0.9399038461538461 0.4495192307692308 0.1201923076923077 0.07211538461538461
0 0.71875 0.5817307692307693 0.20192307692307693 0.07211538461538461
0 0.8942307692307693 0.17427884615384615 0.20192307692307693 0.08173076923076923
0 0.8137019230769231 0.28365384615384615 0.19471153846153846 0.0889423076923077
0 0.4951923076923077 0.24759615384615385 0.052884615384615384 0.08653846153846154
0 0.22115384615384615 0.6550480769230769 0.21153846153846154 0.07451923076923077
0 0.3786057692307692 0.7524038461538461 0.18028846153846154 0.10096153846153846
1 0.03485576923076923 0.9591346153846154 0.06971153846153846 0.07692307692307693
1 0.17427884615384615 0.9795673076923077 0.10336538461538461 0.040865384615384616
1 0.20072115384615385 0.84375 0.13221153846153846 0.08173076923076923
1 0.4014423076923077 0.8978365384615384 0.12740384615384615 0.08653846153846154
0 0.5420673076923077 0.7487980769230769 0.1466346153846154 0.04567307692307692
0 0.5204326923076923 0.8834134615384616 0.10336538461538461 0.08413461538461539
0 0.5228365384615384 0.65625 0.10817307692307693 0.07692307692307693
0 0.9170673076923077 0.6370192307692307 0.1658653846153846 0.038461538461538464
0 0.9795673076923077 0.7704326923076923 0.040865384615384616 0.08413461538461539
1 0.7668269230769231 0.8569711538461539 0.10576923076923077 0.0673076923076923
1 0.9459134615384616 0.875 0.10817307692307693 0.057692307692307696
1 0.9711538461538461 0.9759615384615384 0.057692307692307696 0.04807692307692308