1 0.9435096153846154 0.2980769230769231 0.057692307692307696 0.10096153846153846
1 0.8161057692307693 0.23557692307692307 0.052884615384615384 0.10096153846153846
1 0.8305288461538461 0.33774038461538464 0.040865384615384616 0.021634615384615384
1 0.7487980769230769 0.2956730769230769 0.04567307692307692 0.09134615384615384
1 0.6899038461538461 0.21153846153846154 0.038461538461538464 0.0673076923076923
1 0.7800480769230769 0.1201923076923077 0.04326923076923077 0.0625
1 0.8822115384615384 0.1045673076923077 0.038461538461538464 0.0673076923076923
1 0.9795673076923077 0.10336538461538461 0.03365384615384615 0.07692307692307693
1 0.8725961538461539 0.009615384615384616 0.038461538461538464 0.019230769230769232
1 0.8341346153846154 0.009615384615384616 0.057692307692307696 0.019230769230769232
1 0.609375 0.0829326923076923 0.038461538461538464 0.057692307692307696
0 0.6862980769230769 0.055288461538461536 0.036057692307692304 0.11057692307692307
0 0.6538461538461539 0.21394230769230768 0.04326923076923077 0.1346153846153846
1 0.2247596153846154 0.7295673076923077 0.04326923076923077 0.09134615384615384
1 0.15745192307692307 0.7163461538461539 0.0673076923076923 0.10576923076923077
1 0.07211538461538461 0.6875 0.057692307692307696 0.10576923076923077
0 0.859375 0.8665865384615384 0.040865384615384616 0.13701923076923078