0 0.4230769230769231 0.2848557692307692 0.038461538461538464 0.057692307692307696
0 0.20432692307692307 0.14783653846153846 0.08653846153846154 0.1201923076923077
0 0.4266826923076923 0.03485576923076923 0.06490384615384616 0.06971153846153846
1 0.12860576923076922 0.9831730769230769 0.03125 0.03365384615384615
1 0.037259615384615384 0.9074519230769231 0.038461538461538464 0.06971153846153846
1 0.008413461538461538 0.7704326923076923 0.016826923076923076 0.0889423076923077
1 0.07692307692307693 0.7439903846153846 0.04326923076923077 0.08653846153846154
1 0.019230769230769232 0.6454326923076923 0.038461538461538464 0.07692307692307693
1 0.18389423076923078 0.7463942307692307 0.04807692307692308 0.08173076923076923
1 0.20793269230769232 0.8774038461538461 0.038461538461538464 0.06971153846153846
1 0.2776442307692308 0.7379807692307693 0.036057692307692304 0.0625
0 0.140625 0.8269230769230769 0.03365384615384615 0.13942307692307693
0 0.16105769230769232 0.9675480769230769 0.04326923076923077 0.06490384615384616
1 0.9831730769230769 0.9591346153846154 0.03365384615384615 0.07692307692307693
1 0.9278846153846154 0.9939903846153846 0.03365384615384615 0.01201923076923077
1 0.7740384615384616 0.9663461538461539 0.038461538461538464 0.052884615384615384
1 0.8016826923076923 0.8233173076923077 0.04807692307692308 0.08173076923076923
1 0.8605769230769231 0.7055288461538461 0.052884615384615384 0.09134615384615384
0 0.90625 0.9471153846153846 0.038461538461538464 0.057692307692307696
0 0.9603365384615384 0.8774038461538461 0.04567307692307692 0.07211538461538461
0 0.9567307692307693 0.7259615384615384 0.08413461538461539 0.1346153846153846