0 0.9507211538461539 0.13942307692307693 0.0985576923076923 0.0673076923076923
0 0.9711538461538461 0.2692307692307692 0.057692307692307696 0.07211538461538461
0 0.6995192307692307 0.2800480769230769 0.16346153846153846 0.08173076923076923
0 0.4326923076923077 0.2704326923076923 0.18028846153846154 0.11298076923076923
0 0.5625 0.15264423076923078 0.10576923076923077 0.057692307692307696
0 0.7908653846153846 0.18509615384615385 0.08653846153846154 0.04807692307692308
1 0.8894230769230769 0.037259615384615384 0.09615384615384616 0.07451923076923077
1 0.7067307692307693 0.03125 0.11057692307692307 0.0625
1 0.8810096153846154 0.40865384615384615 0.13701923076923078 0.08173076923076923
0 0.18269230769230768 0.9603365384615384 0.15384615384615385 0.07932692307692307
1 0.08653846153846154 0.7932692307692307 0.10096153846153846 0.07692307692307693
1 0.051682692307692304 0.6706730769230769 0.10336538461538461 0.0673076923076923
1 0.7163461538461539 0.5408653846153846 0.15865384615384615 0.0625
1 0.7475961538461539 0.6911057692307693 0.13221153846153846 0.0889423076923077
1 0.8990384615384616 0.7391826923076923 0.1658653846153846 0.05048076923076923
1 0.765625 0.7836538461538461 0.08173076923076923 0.0673076923076923
1 0.5973557692307693 0.7992788461538461 0.10576923076923077 0.05048076923076923
1 0.5372596153846154 0.7235576923076923 0.14903846153846154 0.0673076923076923
1 0.4338942307692308 0.65625 0.1201923076923077 0.0673076923076923
1 0.546875 0.5853365384615384 0.12740384615384615 0.06009615384615385