0 0.8064903846153846 0.23317307692307693 0.08173076923076923 0.08413461538461539
0 0.7307692307692307 0.25 0.09134615384615384 0.07211538461538461
0 0.38461538461538464 0.6682692307692307 0.11057692307692307 0.057692307692307696
1 0.9543269230769231 0.43028846153846156 0.09134615384615384 0.0625
1 0.8341346153846154 0.42908653846153844 0.08653846153846154 0.04807692307692308
1 0.875 0.4050480769230769 0.09134615384615384 0.05048076923076923
1 0.9507211538461539 0.5144230769230769 0.0985576923076923 0.057692307692307696
1 0.9879807692307693 0.6033653846153846 0.02403846153846154 0.04807692307692308
1 0.9038461538461539 0.5865384615384616 0.1346153846153846 0.04567307692307692
1 0.8245192307692307 0.6237980769230769 0.07211538461538461 0.04326923076923077
1 0.7067307692307693 0.640625 0.11057692307692307 0.0625
1 0.6911057692307693 0.7355769230769231 0.08653846153846154 0.055288461538461536
1 0.75 0.5625 0.11057692307692307 0.0625
1 0.7355769230769231 0.5024038461538461 0.08653846153846154 0.04807692307692308
1 0.7439903846153846 0.4519230769230769 0.0985576923076923 0.06009615384615385