1 0.9939903846153846 0.5480769230769231 0.01201923076923077 0.08173076923076923
1 0.9375 0.5709134615384616 0.04807692307692308 0.036057692307692304
1 0.8389423076923077 0.5324519230769231 0.04326923076923077 0.07211538461538461
1 0.9447115384615384 0.4182692307692308 0.052884615384615384 0.0889423076923077
1 0.8617788461538461 0.3389423076923077 0.04807692307692308 0.08653846153846154
0 0.13221153846153846 0.8810096153846154 0.07211538461538461 0.125
0 0.41586538461538464 0.984375 0.04807692307692308 0.03125
0 0.38341346153846156 0.7752403846153846 0.052884615384615384 0.16826923076923078
0 0.27163461538461536 0.7572115384615384 0.03365384615384615 0.12980769230769232
0 0.27403846153846156 0.9387019230769231 0.09134615384615384 0.11298076923076923
0 0.6370192307692307 0.7079326923076923 0.07692307692307693 0.07692307692307693
0 0.5985576923076923 0.8870192307692307 0.07692307692307693 0.0985576923076923