1 0.015625 0.38221153846153844 0.03125 0.09134615384615384
1 0.15625 0.35216346153846156 0.06009615384615385 0.11298076923076923
1 0.9519230769230769 0.13942307692307693 0.08173076923076923 0.1346153846153846
1 0.7992788461538461 0.16105769230769232 0.09134615384615384 0.14423076923076922
1 0.7584134615384616 0.5685096153846154 0.07692307692307693 0.1346153846153846
1 0.9146634615384616 0.5685096153846154 0.07211538461538461 0.11298076923076923
1 0.9867788461538461 0.6322115384615384 0.026442307692307692 0.052884615384615384
1 0.9603365384615384 0.3641826923076923 0.0673076923076923 0.11778846153846154
1 0.9050480769230769 0.9639423076923077 0.06490384615384616 0.07211538461538461
1 0.8149038461538461 0.9831730769230769 0.08653846153846154 0.03365384615384615
1 0.8112980769230769 0.8425480769230769 0.08413461538461539 0.15384615384615385
0 0.9459134615384616 0.6947115384615384 0.10817307692307693 0.07211538461538461