1 0.5697115384615384 0.20432692307692307 0.03365384615384615 0.09375
1 0.6274038461538461 0.27163461538461536 0.039663461538461536 0.0829326923076923
1 0.6850961538461539 0.35216346153846156 0.042067307692307696 0.078125
1 0.6310096153846154 0.44471153846153844 0.04447115384615385 0.07091346153846154
1 0.5709134615384616 0.4230769230769231 0.030048076923076924 0.06490384615384616
1 0.5264423076923077 0.3161057692307692 0.030048076923076924 0.0625
1 0.4735576923076923 0.23557692307692307 0.03365384615384615 0.051682692307692304
1 0.47716346153846156 0.38100961538461536 0.03365384615384615 0.0625
1 0.5889423076923077 0.625 0.052884615384615384 0.09615384615384616
1 0.6646634615384616 0.5733173076923077 0.04447115384615385 0.08413461538461539
1 0.6478365384615384 0.7127403846153846 0.04567307692307692 0.07572115384615384
1 0.5204326923076923 0.6117788461538461 0.04326923076923077 0.0889423076923077