0 0.4098557692307692 0.3329326923076923 0.07692307692307693 0.07692307692307693
0 0.39663461538461536 0.390625 0.0673076923076923 0.055288461538461536
1 0.5612980769230769 0.75 0.016826923076923076 0.08173076923076923
0 0.6646634615384616 0.4495192307692308 0.0985576923076923 0.0625
0 0.5961538461538461 0.7355769230769231 0.052884615384615384 0.15384615384615385
0 0.7247596153846154 0.8377403846153846 0.17067307692307693 0.14903846153846154
0 0.6502403846153846 0.9747596153846154 0.11298076923076923 0.05048076923076923
0 0.9483173076923077 0.6826923076923077 0.10336538461538461 0.1778846153846154
1 0.7572115384615384 0.9603365384615384 0.057692307692307696 0.07932692307692307
1 0.6875 0.6189903846153846 0.0625 0.09615384615384616
1 0.7596153846153846 0.5444711538461539 0.0673076923076923 0.125
1 0.8569711538461539 0.4855769230769231 0.08413461538461539 0.1346153846153846
1 0.578125 0.9375 0.016826923076923076 0.10576923076923077
1 0.8870192307692307 0.9627403846153846 0.052884615384615384 0.07451923076923077
1 0.9723557692307693 0.9146634615384616 0.055288461538461536 0.10336538461538461
1 0.8377403846153846 0.7307692307692307 0.057692307692307696 0.11538461538461539