0 0.3485576923076923 0.34375 0.07211538461538461 0.11778846153846154
0 0.15745192307692307 0.23197115384615385 0.052884615384615384 0.11538461538461539
0 0.27403846153846156 0.12259615384615384 0.03125 0.0625
0 0.21634615384615385 0.056490384615384616 0.04807692307692308 0.08173076923076923
0 0.3112980769230769 0.20192307692307693 0.04807692307692308 0.0673076923076923
0 0.22956730769230768 0.3125 0.026442307692307692 0.06490384615384616
1 0.37740384615384615 0.23197115384615385 0.052884615384615384 0.0625
1 0.4543269230769231 0.25 0.052884615384615384 0.09615384615384616
1 0.40384615384615385 0.13581730769230768 0.038461538461538464 0.08173076923076923
1 0.24759615384615385 0.18990384615384615 0.04326923076923077 0.0625
1 0.18389423076923078 0.13822115384615385 0.04567307692307692 0.07932692307692307
1 0.37740384615384615 0.02403846153846154 0.052884615384615384 0.04807692307692308
1 0.7512019230769231 0.07572115384615384 0.05048076923076923 0.11057692307692307