1 0.23197115384615385 0.5264423076923077 0.040865384615384616 0.02403846153846154
1 0.15144230769230768 0.4230769230769231 0.040865384615384616 0.07451923076923077
1 0.32572115384615385 0.4543269230769231 0.03365384615384615 0.0625
1 0.3629807692307692 0.5252403846153846 0.052884615384615384 0.026442307692307692
1 0.4266826923076923 0.4326923076923077 0.04326923076923077 0.07211538461538461
1 0.5132211538461539 0.42427884615384615 0.03125 0.07451923076923077
1 0.41466346153846156 0.32211538461538464 0.038461538461538464 0.0673076923076923
1 0.3713942307692308 0.31490384615384615 0.052884615384615384 0.09134615384615384
1 0.28725961538461536 0.296875 0.04807692307692308 0.0889423076923077
1 0.1814903846153846 0.296875 0.052884615384615384 0.09134615384615384
1 0.08533653846153846 0.28365384615384615 0.040865384615384616 0.07451923076923077
1 0.3449519230769231 0.20192307692307693 0.04326923076923077 0.08653846153846154
0 0.22355769230769232 0.3737980769230769 0.036057692307692304 0.13942307692307693
0 0.19591346153846154 0.5144230769230769 0.04567307692307692 0.04807692307692308
0 0.4543269230769231 0.08413461538461539 0.07211538461538461 0.11057692307692307
1 0.9074519230769231 0.45913461538461536 0.0625 0.11057692307692307
1 0.8028846153846154 0.45072115384615385 0.04326923076923077 0.0889423076923077
1 0.234375 0.765625 0.057692307692307696 0.09134615384615384
1 0.359375 0.8100961538461539 0.04807692307692308 0.07692307692307693
1 0.5084134615384616 0.7019230769230769 0.040865384615384616 0.07692307692307693
0 0.25240384615384615 0.9579326923076923 0.04807692307692308 0.08413461538461539
0 0.4675480769230769 0.8858173076923077 0.04807692307692308 0.16346153846153846
0 0.5108173076923077 0.90625 0.036057692307692304 0.13942307692307693