1 0.10096153846153846 0.33413461538461536 0.055288461538461536 0.07451923076923077
1 0.21754807692307693 0.27524038461538464 0.06009615384615385 0.10096153846153846
1 0.2608173076923077 0.125 0.06610576923076923 0.10697115384615384
1 0.21634615384615385 0.10216346153846154 0.04567307692307692 0.08413461538461539
1 0.3942307692307692 0.22355769230769232 0.04567307692307692 0.07572115384615384
1 0.44711538461538464 0.19230769230769232 0.052884615384615384 0.07572115384615384
1 0.30649038461538464 0.2860576923076923 0.057692307692307696 0.11177884615384616
1 0.37740384615384615 0.33413461538461536 0.04567307692307692 0.12259615384615384
1 0.40625 0.41586538461538464 0.04807692307692308 0.08413461538461539
1 0.19471153846153846 0.36538461538461536 0.04567307692307692 0.08052884615384616
1 0.21634615384615385 0.41346153846153844 0.04807692307692308 0.078125
1 0.24158653846153846 0.5 0.06009615384615385 0.10697115384615384
1 0.29086538461538464 0.5024038461538461 0.04447115384615385 0.09134615384615384
1 0.35697115384615385 0.49399038461538464 0.06850961538461539 0.11298076923076923
1 0.42908653846153844 0.5336538461538461 0.056490384615384616 0.10336538461538461
1 0.5264423076923077 0.5444711538461539 0.046875 0.09615384615384616