1 0.19591346153846154 0.41346153846153844 0.057692307692307696 0.10096153846153846
1 0.20432692307692307 0.24278846153846154 0.06490384615384616 0.10576923076923077
1 0.2512019230769231 0.20432692307692307 0.055288461538461536 0.09375
1 0.234375 0.08653846153846154 0.04807692307692308 0.07692307692307693
1 0.18629807692307693 0.07692307692307693 0.04807692307692308 0.07211538461538461
1 0.3317307692307692 0.008413461538461538 0.04326923076923077 0.016826923076923076
1 0.109375 0.03485576923076923 0.05048076923076923 0.06971153846153846
1 0.03125 0.08533653846153846 0.040865384615384616 0.09134615384615384
1 0.07451923076923077 0.15384615384615385 0.05048076923076923 0.07692307692307693
1 0.09254807692307693 0.0889423076923077 0.052884615384615384 0.08173076923076923
1 0.07692307692307693 0.016826923076923076 0.052884615384615384 0.03365384615384615
0 0.6274038461538461 0.028846153846153848 0.057692307692307696 0.057692307692307696
0 0.6742788461538461 0.16706730769230768 0.07692307692307693 0.14182692307692307
0 0.7415865384615384 0.4098557692307692 0.08653846153846154 0.18269230769230768
0 0.5024038461538461 0.057692307692307696 0.06490384615384616 0.09375
0 0.5841346153846154 0.11177884615384616 0.04807692307692308 0.09615384615384616
0 0.5997596153846154 0.34134615384615385 0.052884615384615384 0.10576923076923077
0 0.6442307692307693 0.46033653846153844 0.09615384615384616 0.11778846153846154
0 0.3401442307692308 0.7836538461538461 0.07932692307692307 0.10096153846153846
0 0.26322115384615385 0.8978365384615384 0.0889423076923077 0.20432692307692307
1 0.44711538461538464 0.5360576923076923 0.0625 0.03365384615384615
1 0.39783653846153844 0.7091346153846154 0.036057692307692304 0.10576923076923077
1 0.4387019230769231 0.6935096153846154 0.057692307692307696 0.0985576923076923