0 0.3016826923076923 0.24879807692307693 0.04326923076923077 0.1201923076923077
0 0.40384615384615385 0.3004807692307692 0.07211538461538461 0.11538461538461539
0 0.375 0.15865384615384615 0.06971153846153846 0.06971153846153846
0 0.22115384615384615 0.1502403846153846 0.04807692307692308 0.09134615384615384
1 0.5697115384615384 0.3004807692307692 0.057692307692307696 0.11057692307692307
1 0.6538461538461539 0.25240384615384615 0.057692307692307696 0.1201923076923077
1 0.054086538461538464 0.8377403846153846 0.0673076923076923 0.11778846153846154
1 0.125 0.8209134615384616 0.04326923076923077 0.09134615384615384
1 0.15144230769230768 0.7451923076923077 0.04326923076923077 0.06971153846153846
1 0.1201923076923077 0.7151442307692307 0.03365384615384615 0.07211538461538461
1 0.04567307692307692 0.6862980769230769 0.06490384615384616 0.0625
1 0.009615384615384616 0.6850961538461539 0.019230769230769232 0.10096153846153846
1 0.02403846153846154 0.578125 0.04807692307692308 0.07692307692307693
1 0.14423076923076922 0.5108173076923077 0.052884615384615384 0.10096153846153846
1 0.028846153846153848 0.4170673076923077 0.04807692307692308 0.08173076923076923
0 0.6646634615384616 0.6466346153846154 0.07211538461538461 0.08173076923076923
0 0.6838942307692307 0.5697115384615384 0.07692307692307693 0.09375