1 0.4483173076923077 0.38461538461538464 0.0625 0.10096153846153846
1 0.2776442307692308 0.22355769230769232 0.07692307692307693 0.13942307692307693
1 0.41225961538461536 0.18870192307692307 0.0673076923076923 0.11298076923076923
1 0.3473557692307692 0.0985576923076923 0.0673076923076923 0.09615384615384616
1 0.4411057692307692 0.03125 0.07451923076923077 0.0625
1 0.0985576923076923 0.06971153846153846 0.10096153846153846 0.13942307692307693
0 0.34615384615384615 0.9567307692307693 0.07692307692307693 0.08653846153846154
0 0.11057692307692307 0.9651442307692307 0.057692307692307696 0.06971153846153846
0 0.06610576923076923 0.8305288461538461 0.07692307692307693 0.11057692307692307
0 0.13701923076923078 0.6466346153846154 0.07692307692307693 0.09134615384615384
0 0.9206730769230769 0.7548076923076923 0.07211538461538461 0.0889423076923077
0 0.9314903846153846 0.6766826923076923 0.0673076923076923 0.0889423076923077