1 0.4699519230769231 0.8389423076923077 0.057692307692307696 0.09615384615384616
1 0.390625 0.9194711538461539 0.052884615384615384 0.10817307692307693
1 0.27283653846153844 0.9759615384615384 0.036057692307692304 0.04807692307692308
1 0.19471153846153846 0.9170673076923077 0.04807692307692308 0.0985576923076923
1 0.26322115384615385 0.8677884615384616 0.057692307692307696 0.10336538461538461
1 0.421875 0.7319711538461539 0.038461538461538464 0.08173076923076923
1 0.33052884615384615 0.7331730769230769 0.04326923076923077 0.06971153846153846
1 0.22596153846153846 0.7439903846153846 0.04326923076923077 0.0673076923076923
1 0.3173076923076923 0.6165865384615384 0.040865384615384616 0.07451923076923077
1 0.27403846153846156 0.6117788461538461 0.052884615384615384 0.08173076923076923
1 0.19110576923076922 0.5865384615384616 0.04807692307692308 0.07692307692307693
1 0.25 0.5 0.04807692307692308 0.04326923076923077
1 0.08413461538461539 0.578125 0.04807692307692308 0.08173076923076923
1 0.054086538461538464 0.7067307692307693 0.04326923076923077 0.07451923076923077
1 0.006009615384615385 0.5576923076923077 0.01201923076923077 0.08173076923076923
1 0.12980769230769232 0.8305288461538461 0.03365384615384615 0.0673076923076923
0 0.12620192307692307 0.6610576923076923 0.03125 0.13701923076923078
0 0.09975961538461539 0.8305288461538461 0.052884615384615384 0.12980769230769232
0 0.5168269230769231 0.8966346153846154 0.08173076923076923 0.07211538461538461
0 0.7103365384615384 0.9338942307692307 0.08413461538461539 0.13221153846153846