1 0.5180288461538461 0.2283653846153846 0.021634615384615384 0.052884615384615384
1 0.5012019230769231 0.14423076923076922 0.055288461538461536 0.04326923076923077
1 0.5024038461538461 0.036057692307692304 0.052884615384615384 0.052884615384615384
1 0.43028846153846156 0.20793269230769232 0.0673076923076923 0.038461538461538464
0 0.32572115384615385 0.31490384615384615 0.11538461538461539 0.07211538461538461
0 0.7355769230769231 0.2704326923076923 0.0985576923076923 0.057692307692307696
0 0.8737980769230769 0.25721153846153844 0.0985576923076923 0.0625
0 0.6442307692307693 0.34975961538461536 0.12980769230769232 0.036057692307692304
0 0.3137019230769231 0.6899038461538461 0.10336538461538461 0.0673076923076923
0 0.33653846153846156 0.5372596153846154 0.125 0.04807692307692308
0 0.35096153846153844 0.4230769230769231 0.08413461538461539 0.07451923076923077
0 0.8870192307692307 0.6045673076923077 0.08653846153846154 0.07211538461538461
0 0.8641826923076923 0.7199519230769231 0.11057692307692307 0.055288461538461536