1 0.20432692307692307 0.3581730769230769 0.15144230769230768 0.08653846153846154
1 0.4206730769230769 0.4963942307692308 0.125 0.0625
0 0.42788461538461536 0.2403846153846154 0.3076923076923077 0.13701923076923078
0 0.06610576923076923 0.20192307692307693 0.13221153846153846 0.10096153846153846
0 0.03125 0.09615384615384616 0.0625 0.04807692307692308
0 0.5108173076923077 0.057692307692307696 0.19471153846153846 0.08173076923076923
0 0.6646634615384616 0.296875 0.11298076923076923 0.12259615384615384
0 0.7067307692307693 0.1201923076923077 0.1875 0.07451923076923077
0 0.8413461538461539 0.23677884615384615 0.21634615384615385 0.14423076923076922
1 0.6418269230769231 0.5540865384615384 0.0673076923076923 0.06971153846153846
1 0.6225961538461539 0.027644230769230768 0.028846153846153848 0.055288461538461536
0 0.052884615384615384 0.8846153846153846 0.10576923076923077 0.08173076923076923
0 0.6574519230769231 0.7115384615384616 0.0985576923076923 0.1201923076923077
0 0.8990384615384616 0.9302884615384616 0.20192307692307693 0.09134615384615384
0 0.9411057692307693 0.7235576923076923 0.11778846153846154 0.0625