0 0.5396634615384616 0.25600961538461536 0.07211538461538461 0.15144230769230768
0 0.49038461538461536 0.2512019230769231 0.027644230769230768 0.11658653846153846
0 0.4387019230769231 0.35096153846153844 0.055288461538461536 0.07091346153846154
0 0.5564903846153846 0.38100961538461536 0.08173076923076923 0.08052884615384616
0 0.5144230769230769 0.4675480769230769 0.05048076923076923 0.10817307692307693
0 0.421875 0.4807692307692308 0.09375 0.0985576923076923
1 0.3713942307692308 0.24639423076923078 0.06370192307692307 0.09254807692307693
1 0.39783653846153844 0.055288461538461536 0.042067307692307696 0.078125
1 0.44350961538461536 0.20793269230769232 0.042067307692307696 0.09615384615384616
1 0.5913461538461539 0.15384615384615385 0.03365384615384615 0.08052884615384616
1 0.3449519230769231 0.3581730769230769 0.040865384615384616 0.04567307692307692
1 0.5649038461538461 0.48197115384615385 0.04927884615384615 0.06971153846153846
1 0.47716346153846156 0.5396634615384616 0.03485576923076923 0.056490384615384616
1 0.3449519230769231 0.5240384615384616 0.054086538461538464 0.09615384615384616