1 0.38100961538461536 0.4026442307692308 0.04807692307692308 0.08653846153846154
1 0.29447115384615385 0.3293269230769231 0.05048076923076923 0.08653846153846154
1 0.9278846153846154 0.27163461538461536 0.057692307692307696 0.10576923076923077
1 0.7908653846153846 0.4206730769230769 0.04807692307692308 0.07692307692307693
1 0.7872596153846154 0.2536057692307692 0.06490384615384616 0.11057692307692307
1 0.7740384615384616 0.140625 0.052884615384615384 0.06490384615384616
1 0.7836538461538461 0.08052884615384616 0.052884615384615384 0.0673076923076923
1 0.7860576923076923 0.02403846153846154 0.0673076923076923 0.04807692307692308
1 0.9771634615384616 0.014423076923076924 0.04567307692307692 0.028846153846153848
1 0.5072115384615384 0.6514423076923077 0.04567307692307692 0.08413461538461539
1 0.3173076923076923 0.6887019230769231 0.04807692307692308 0.10096153846153846
1 0.3798076923076923 0.5084134615384616 0.0673076923076923 0.0985576923076923
0 0.8701923076923077 0.9483173076923077 0.0673076923076923 0.10336538461538461
0 0.8173076923076923 0.8509615384615384 0.07211538461538461 0.12740384615384615