1 0.2548076923076923 0.10216346153846154 0.054086538461538464 0.09134615384615384
1 0.28966346153846156 0.1814903846153846 0.046875 0.06610576923076923
1 0.40384615384615385 0.03485576923076923 0.037259615384615384 0.06971153846153846
1 0.39663461538461536 0.14543269230769232 0.04807692307692308 0.09134615384615384
1 0.5480769230769231 0.09495192307692307 0.03485576923076923 0.07451923076923077
1 0.6694711538461539 0.12620192307692307 0.04927884615384615 0.09254807692307693
1 0.42908653846153844 0.26802884615384615 0.038461538461538464 0.0673076923076923
1 0.47115384615384615 0.21995192307692307 0.040865384615384616 0.0733173076923077
1 0.5492788461538461 0.2091346153846154 0.039663461538461536 0.07091346153846154
1 0.6189903846153846 0.22115384615384615 0.039663461538461536 0.07451923076923077
1 0.453125 0.4723557692307692 0.05048076923076923 0.10336538461538461
1 0.5012019230769231 0.5168269230769231 0.038461538461538464 0.06850961538461539
1 0.5661057692307693 0.4014423076923077 0.051682692307692304 0.0829326923076923
1 0.6274038461538461 0.5540865384615384 0.051682692307692304 0.08533653846153846
1 0.41225961538461536 0.5492788461538461 0.055288461538461536 0.0889423076923077
1 0.35096153846153844 0.6129807692307693 0.038461538461538464 0.06850961538461539
0 0.640625 0.3112980769230769 0.06971153846153846 0.1045673076923077
0 0.36658653846153844 0.3641826923076923 0.06610576923076923 0.11538461538461539
0 0.3233173076923077 0.421875 0.06850961538461539 0.11538461538461539
0 0.5036057692307693 0.17067307692307693 0.07692307692307693 0.07451923076923077