1 0.33774038461538464 0.4338942307692308 0.12740384615384615 0.06490384615384616
1 0.33533653846153844 0.26802884615384615 0.11057692307692307 0.06490384615384616
1 0.15745192307692307 0.4110576923076923 0.10336538461538461 0.0625
1 0.14302884615384615 0.27163461538461536 0.0985576923076923 0.0673076923076923
1 0.8942307692307693 0.4495192307692308 0.11057692307692307 0.0673076923076923
1 0.7836538461538461 0.42788461538461536 0.11538461538461539 0.0673076923076923
1 0.7776442307692307 0.4951923076923077 0.09134615384615384 0.04807692307692308
1 0.052884615384615384 0.9771634615384616 0.10096153846153846 0.04567307692307692
1 0.8701923076923077 0.9483173076923077 0.125 0.057692307692307696
1 0.9651442307692307 0.8882211538461539 0.06971153846153846 0.055288461538461536
1 0.6358173076923077 0.9939903846153846 0.08413461538461539 0.01201923076923077
1 0.6286057692307693 0.9627403846153846 0.07692307692307693 0.05048076923076923
1 0.7391826923076923 0.8641826923076923 0.0889423076923077 0.04807692307692308
1 0.7019230769230769 0.796875 0.08173076923076923 0.04567307692307692
1 0.515625 0.9447115384615384 0.10336538461538461 0.0625
1 0.47596153846153844 0.9783653846153846 0.09615384615384616 0.04326923076923077