1 0.5072115384615384 0.46634615384615385 0.04807692307692308 0.052884615384615384
1 0.3088942307692308 0.4651442307692308 0.04567307692307692 0.05048076923076923
1 0.2512019230769231 0.53125 0.03365384615384615 0.07692307692307693
1 0.3798076923076923 0.5060096153846154 0.052884615384615384 0.10096153846153846
1 0.5408653846153846 0.6418269230769231 0.03365384615384615 0.07211538461538461
1 0.5877403846153846 0.5276442307692307 0.052884615384615384 0.09134615384615384
1 0.4423076923076923 0.640625 0.038461538461538464 0.06490384615384616
1 0.34375 0.6274038461538461 0.04326923076923077 0.0673076923076923
1 0.171875 0.6574519230769231 0.03365384615384615 0.0625
1 0.10336538461538461 0.7980769230769231 0.038461538461538464 0.0673076923076923
1 0.20192307692307693 0.7896634615384616 0.04567307692307692 0.09134615384615384
1 0.30288461538461536 0.7860576923076923 0.04326923076923077 0.09615384615384616
1 0.3918269230769231 0.7620192307692307 0.04807692307692308 0.07932692307692307
1 0.4338942307692308 0.7572115384615384 0.03365384615384615 0.06971153846153846
1 0.3701923076923077 0.8846153846153846 0.04326923076923077 0.07692307692307693
0 0.24639423076923078 0.7103365384615384 0.038461538461538464 0.13942307692307693
0 0.21634615384615385 0.5408653846153846 0.04807692307692308 0.15384615384615385
0 0.6189903846153846 0.48197115384615385 0.040865384615384616 0.08413461538461539
0 0.47596153846153844 0.9651442307692307 0.07211538461538461 0.06971153846153846
1 0.9495192307692307 0.7007211538461539 0.04326923076923077 0.10576923076923077