1 0.6899038461538461 0.18509615384615385 0.0673076923076923 0.10576923076923077
1 0.5600961538461539 0.49278846153846156 0.0625 0.09134615384615384
1 0.7608173076923077 0.10576923076923077 0.08173076923076923 0.11538461538461539
1 0.8629807692307693 0.051682692307692304 0.07692307692307693 0.10336538461538461
1 0.8389423076923077 0.28966346153846156 0.052884615384615384 0.12259615384615384
1 0.9759615384615384 0.5060096153846154 0.04807692307692308 0.06490384615384616
0 0.5324519230769231 0.30288461538461536 0.15144230769230768 0.16826923076923078
0 0.6550480769230769 0.0733173076923077 0.10336538461538461 0.1466346153846154
0 0.9206730769230769 0.37259615384615385 0.12980769230769232 0.19951923076923078
0 0.7824519230769231 0.4411057692307692 0.09375 0.19471153846153846
0 0.6310096153846154 0.5180288461538461 0.10336538461538461 0.040865384615384616
1 0.06610576923076923 0.6262019230769231 0.10096153846153846 0.15144230769230768
1 0.04567307692307692 0.9495192307692307 0.08173076923076923 0.10096153846153846
1 0.9735576923076923 0.6274038461538461 0.052884615384615384 0.16346153846153846
1 0.8942307692307693 0.6778846153846154 0.07211538461538461 0.13221153846153846
1 0.8197115384615384 0.7644230769230769 0.07211538461538461 0.10576923076923077
1 0.9711538461538461 0.8653846153846154 0.057692307692307696 0.125
0 0.6622596153846154 0.8605769230769231 0.15865384615384615 0.1778846153846154
0 0.7908653846153846 0.5805288461538461 0.10576923076923077 0.08413461538461539
0 0.8461538461538461 0.9459134615384616 0.14423076923076922 0.10817307692307693