0 0.5552884615384616 0.11298076923076923 0.11538461538461539 0.22596153846153846
0 0.28365384615384615 0.1971153846153846 0.09735576923076923 0.17548076923076922
0 0.4483173076923077 0.171875 0.09014423076923077 0.18629807692307693
0 0.5528846153846154 0.7475961538461539 0.1346153846153846 0.19230769230769232
0 0.4387019230769231 0.6153846153846154 0.0673076923076923 0.20432692307692307
0 0.6778846153846154 0.5504807692307693 0.1045673076923077 0.22115384615384615
1 0.33413461538461536 0.4963942307692308 0.0625 0.11899038461538461
1 0.3557692307692308 0.3161057692307692 0.07211538461538461 0.10817307692307693
1 0.21995192307692307 0.5528846153846154 0.08533653846153846 0.16706730769230768
1 0.265625 0.7884615384615384 0.07211538461538461 0.12980769230769232
1 0.7692307692307693 0.9399038461538461 0.09495192307692307 0.1201923076923077
1 0.7848557692307693 0.21875 0.06850961538461539 0.13822115384615385