0 0.8353365384615384 0.06850961538461539 0.17307692307692307 0.07211538461538461
0 0.9783653846153846 0.20192307692307693 0.04326923076923077 0.04326923076923077
0 0.8713942307692307 0.22115384615384615 0.09615384615384616 0.052884615384615384
0 0.5877403846153846 0.13221153846153846 0.11778846153846154 0.057692307692307696
0 0.4206730769230769 0.02403846153846154 0.10576923076923077 0.04807692307692308
1 0.9375 0.6658653846153846 0.125 0.07692307692307693
1 0.8245192307692307 0.7608173076923077 0.11057692307692307 0.06971153846153846
1 0.7271634615384616 0.8846153846153846 0.09134615384615384 0.09375
1 0.6177884615384616 0.9651442307692307 0.1201923076923077 0.06971153846153846
1 0.5673076923076923 0.8377403846153846 0.1346153846153846 0.0673076923076923
1 0.49038461538461536 0.7427884615384616 0.12740384615384615 0.06971153846153846
1 0.6153846153846154 0.6358173076923077 0.125 0.0673076923076923
1 0.4519230769230769 0.6105769230769231 0.1201923076923077 0.06971153846153846
1 0.390625 0.8581730769230769 0.04567307692307692 0.0625
1 0.41225961538461536 0.9723557692307693 0.0889423076923077 0.055288461538461536