1 0.42788461538461536 0.11298076923076923 0.08413461538461539 0.04567307692307692
1 0.3737980769230769 0.14543269230769232 0.07692307692307693 0.04326923076923077
1 0.41586538461538464 0.18028846153846154 0.07692307692307693 0.040865384615384616
1 0.47716346153846156 0.18028846153846154 0.04567307692307692 0.04807692307692308
1 0.47475961538461536 0.13701923076923078 0.05048076923076923 0.038461538461538464
0 0.6935096153846154 0.49759615384615385 0.0889423076923077 0.0673076923076923
0 0.7848557692307693 0.34975961538461536 0.15384615384615385 0.07211538461538461
0 0.9134615384615384 0.3233173076923077 0.12259615384615384 0.02403846153846154
0 0.6838942307692307 0.2764423076923077 0.12980769230769232 0.08653846153846154
0 0.5168269230769231 0.27163461538461536 0.03365384615384615 0.09134615384615384
0 0.8581730769230769 0.18389423076923078 0.07692307692307693 0.06971153846153846