1 0.09495192307692307 0.2932692307692308 0.09375 0.04567307692307692
1 0.051682692307692304 0.35336538461538464 0.08173076923076923 0.038461538461538464
1 0.20072115384615385 0.25961538461538464 0.0625 0.03365384615384615
1 0.36899038461538464 0.25721153846153844 0.09615384615384616 0.057692307692307696
1 0.38221153846153844 0.3918269230769231 0.057692307692307696 0.03125
0 0.09615384615384616 0.4230769230769231 0.14903846153846154 0.009615384615384616
0 0.0985576923076923 0.4014423076923077 0.12259615384615384 0.036057692307692304
0 0.20072115384615385 0.3545673076923077 0.0625 0.0625
0 0.23197115384615385 0.4014423076923077 0.10096153846153846 0.04567307692307692
0 0.32572115384615385 0.33653846153846156 0.10096153846153846 0.08413461538461539
1 0.15985576923076922 0.7512019230769231 0.14903846153846154 0.07211538461538461
1 0.17067307692307693 0.8569711538461539 0.0985576923076923 0.052884615384615384
1 0.4735576923076923 0.4423076923076923 0.0673076923076923 0.028846153846153848
1 0.46274038461538464 0.7704326923076923 0.04567307692307692 0.03125
1 0.5444711538461539 0.6790865384615384 0.06971153846153846 0.038461538461538464
1 0.5673076923076923 0.5757211538461539 0.06971153846153846 0.038461538461538464
1 0.5697115384615384 0.48197115384615385 0.06490384615384616 0.04326923076923077
1 0.6802884615384616 0.5901442307692307 0.0625 0.038461538461538464
1 0.6802884615384616 0.6346153846153846 0.0889423076923077 0.05048076923076923
1 0.7079326923076923 0.71875 0.08653846153846154 0.04326923076923077
1 0.8064903846153846 0.6610576923076923 0.07692307692307693 0.038461538461538464
1 0.7055288461538461 0.8257211538461539 0.08173076923076923 0.04807692307692308
1 0.5745192307692307 0.8497596153846154 0.06971153846153846 0.038461538461538464
1 0.7139423076923077 0.9194711538461539 0.0625 0.036057692307692304
0 0.625 0.7824519230769231 0.13942307692307693 0.03365384615384615
0 0.47836538461538464 0.8028846153846154 0.07692307692307693 0.04326923076923077
0 0.9086538461538461 0.5576923076923077 0.09615384615384616 0.07692307692307693
1 0.4639423076923077 0.6442307692307693 0.04807692307692308 0.057692307692307696