0 0.5901442307692307 0.14543269230769232 0.11538461538461539 0.12980769230769232
0 0.7379807692307693 0.3858173076923077 0.09495192307692307 0.234375
0 0.5997596153846154 0.35697115384615385 0.07451923076923077 0.17668269230769232
0 0.65625 0.5492788461538461 0.0985576923076923 0.26802884615384615
0 0.6610576923076923 0.8365384615384616 0.14423076923076922 0.24639423076923078
0 0.4831730769230769 0.7536057692307693 0.10576923076923077 0.1502403846153846
0 0.5492788461538461 0.6057692307692307 0.09975961538461539 0.12620192307692307
1 0.37259615384615385 0.27524038461538464 0.08173076923076923 0.10216346153846154
1 0.4266826923076923 0.47596153846153844 0.06129807692307692 0.11538461538461539
1 0.25240384615384615 0.30408653846153844 0.07091346153846154 0.14543269230769232
1 0.30528846153846156 0.4951923076923077 0.06129807692307692 0.11298076923076923
1 0.17427884615384615 0.5721153846153846 0.09134615384615384 0.1466346153846154
1 0.2548076923076923 0.7007211538461539 0.06370192307692307 0.10697115384615384
1 0.3858173076923077 0.6826923076923077 0.0733173076923077 0.1466346153846154
1 0.3641826923076923 0.8990384615384616 0.109375 0.1658653846153846