0 0.02403846153846154 0.34375 0.04807692307692308 0.17307692307692307
0 0.14783653846153846 0.5120192307692307 0.04326923076923077 0.09134615384615384
0 0.1658653846153846 0.38100961538461536 0.052884615384615384 0.09615384615384616
0 0.07692307692307693 0.09735576923076923 0.057692307692307696 0.11778846153846154
0 0.6418269230769231 0.33533653846153844 0.04807692307692308 0.08173076923076923
0 0.6802884615384616 0.4987980769230769 0.06971153846153846 0.1346153846153846
0 0.5600961538461539 0.5396634615384616 0.09134615384615384 0.13701923076923078
0 0.5408653846153846 0.23918269230769232 0.10096153846153846 0.16346153846153846
0 0.5685096153846154 0.038461538461538464 0.10336538461538461 0.07692307692307693
1 0.9254807692307693 0.484375 0.07692307692307693 0.1201923076923077
1 0.7884615384615384 0.44591346153846156 0.0625 0.11538461538461539
1 0.7463942307692307 0.27163461538461536 0.057692307692307696 0.11778846153846154
1 0.8569711538461539 0.2620192307692308 0.0673076923076923 0.11538461538461539
1 0.9411057692307693 0.2644230769230769 0.09134615384615384 0.13942307692307693
1 0.8125 0.04807692307692308 0.07692307692307693 0.09615384615384616
0 0.6802884615384616 0.10216346153846154 0.06971153846153846 0.1201923076923077
0 0.04927884615384615 0.8822115384615384 0.07451923076923077 0.11057692307692307
1 0.8052884615384616 0.8317307692307693 0.057692307692307696 0.10817307692307693
1 0.6730769230769231 0.7896634615384616 0.05048076923076923 0.08173076923076923