0 0.5600961538461539 0.06490384615384616 0.07692307692307693 0.12980769230769232
0 0.43149038461538464 0.036057692307692304 0.07451923076923077 0.07211538461538461
0 0.4879807692307692 0.17668269230769232 0.0985576923076923 0.2692307692307692
0 0.49278846153846156 0.4639423076923077 0.14423076923076922 0.24519230769230768
0 0.31490384615384615 0.38100961538461536 0.10576923076923077 0.14903846153846154
0 0.38100961538461536 0.23317307692307693 0.10096153846153846 0.125
1 0.25841346153846156 0.10336538461538461 0.0625 0.11538461538461539
1 0.13701923076923078 0.12259615384615384 0.0625 0.11298076923076923
1 0.025240384615384616 0.19831730769230768 0.05048076923076923 0.1466346153846154
1 0.08653846153846154 0.328125 0.0625 0.10576923076923077
1 0.21754807692307693 0.31009615384615385 0.07211538461538461 0.1466346153846154
1 0.19471153846153846 0.515625 0.11057692307692307 0.1466346153846154
0 0.17427884615384615 0.7572115384615384 0.07692307692307693 0.10817307692307693