0 0.1875 0.22235576923076922 0.1201923076923077 0.0625
0 0.45913461538461536 0.019230769230769232 0.15384615384615385 0.038461538461538464
0 0.46033653846153844 0.12980769230769232 0.09134615384615384 0.057692307692307696
0 0.8822115384615384 0.2860576923076923 0.08653846153846154 0.0625
0 0.5961538461538461 0.29927884615384615 0.10817307692307693 0.0985576923076923
0 0.5012019230769231 0.8161057692307693 0.07451923076923077 0.06971153846153846
0 0.47475961538461536 0.7127403846153846 0.1201923076923077 0.05048076923076923
0 0.38221153846153844 0.7896634615384616 0.07692307692307693 0.07211538461538461
0 0.33413461538461536 0.6826923076923077 0.10096153846153846 0.0625
0 0.21033653846153846 0.7391826923076923 0.057692307692307696 0.028846153846153848
0 0.17548076923076922 0.8245192307692307 0.10096153846153846 0.052884615384615384
0 0.11298076923076923 0.6610576923076923 0.09134615384615384 0.04807692307692308
0 0.9350961538461539 0.9663461538461539 0.12980769230769232 0.0625
0 0.7908653846153846 0.9411057692307693 0.07692307692307693 0.07932692307692307
0 0.8810096153846154 0.8629807692307693 0.12980769230769232 0.052884615384615384
0 0.7427884615384616 0.8365384615384616 0.10336538461538461 0.06971153846153846
0 0.6706730769230769 0.7896634615384616 0.12740384615384615 0.09615384615384616
0 0.59375 0.8918269230769231 0.11057692307692307 0.04326923076923077
0 0.5625 0.9663461538461539 0.04807692307692308 0.0673076923076923