1 0.055288461538461536 0.31009615384615385 0.05048076923076923 0.10096153846153846
1 0.15144230769230768 0.3293269230769231 0.0673076923076923 0.0889423076923077
1 0.31850961538461536 0.234375 0.052884615384615384 0.08173076923076923
1 0.25721153846153844 0.33774038461538464 0.052884615384615384 0.11057692307692307
1 0.33653846153846156 0.3545673076923077 0.052884615384615384 0.11298076923076923
1 0.38341346153846156 0.36778846153846156 0.04326923076923077 0.07692307692307693
0 0.1935096153846154 0.3894230769230769 0.03125 0.10096153846153846
0 0.4230769230769231 0.13701923076923078 0.07211538461538461 0.11538461538461539
0 0.5901442307692307 0.23798076923076922 0.04326923076923077 0.09615384615384616
0 0.6382211538461539 0.36177884615384615 0.07692307692307693 0.12980769230769232
1 0.8100961538461539 0.9266826923076923 0.06971153846153846 0.11538461538461539
1 0.7055288461538461 0.9194711538461539 0.04807692307692308 0.08173076923076923