0 0.5360576923076923 0.025240384615384616 0.09615384615384616 0.05048076923076923
0 0.17427884615384615 0.24278846153846154 0.0673076923076923 0.13221153846153846
0 0.27884615384615385 0.3004807692307692 0.052884615384615384 0.125
0 0.41586538461538464 0.3245192307692308 0.07451923076923077 0.10096153846153846
0 0.6935096153846154 0.23918269230769232 0.07692307692307693 0.11778846153846154
1 0.7872596153846154 0.6262019230769231 0.04807692307692308 0.0985576923076923
1 0.6778846153846154 0.6634615384615384 0.055288461538461536 0.10096153846153846
1 0.7379807692307693 0.7704326923076923 0.038461538461538464 0.07211538461538461
1 0.6177884615384616 0.7271634615384616 0.03365384615384615 0.06971153846153846
1 0.6153846153846154 0.859375 0.040865384615384616 0.0673076923076923
1 0.6009615384615384 0.5420673076923077 0.02403846153846154 0.0985576923076923
1 0.7596153846153846 0.4963942307692308 0.038461538461538464 0.016826923076923076
0 0.7091346153846154 0.8401442307692307 0.08173076923076923 0.07211538461538461
0 0.6995192307692307 0.5324519230769231 0.0673076923076923 0.0889423076923077