1 0.4170673076923077 0.3076923076923077 0.040865384615384616 0.0625
1 0.5721153846153846 0.2800480769230769 0.057692307692307696 0.0985576923076923
1 0.8822115384615384 0.26802884615384615 0.057692307692307696 0.10576923076923077
1 0.9951923076923077 0.22956730769230768 0.009615384615384616 0.07932692307692307
1 0.8665865384615384 0.037259615384615384 0.07451923076923077 0.07451923076923077
1 0.5528846153846154 0.9651442307692307 0.08653846153846154 0.06971153846153846
1 0.5997596153846154 0.6742788461538461 0.0673076923076923 0.11538461538461539
1 0.4254807692307692 0.7103365384615384 0.09375 0.11778846153846154
1 0.234375 0.6971153846153846 0.08173076923076923 0.11538461538461539
1 0.3449519230769231 0.5084134615384616 0.08173076923076923 0.15625
1 0.2764423076923077 0.3641826923076923 0.07692307692307693 0.05048076923076923
0 0.13221153846153846 0.5480769230769231 0.08653846153846154 0.20673076923076922
0 0.43509615384615385 0.9723557692307693 0.125 0.055288461538461536
0 0.6165865384615384 0.41947115384615385 0.13221153846153846 0.16105769230769232
0 0.44471153846153844 0.46634615384615385 0.09615384615384616 0.20673076923076922
0 0.33413461538461536 0.7644230769230769 0.0889423076923077 0.17307692307692307
0 0.6826923076923077 0.7692307692307693 0.052884615384615384 0.20192307692307693