1 0.18870192307692307 0.4879807692307692 0.07451923076923077 0.10096153846153846
1 0.1141826923076923 0.39903846153846156 0.0673076923076923 0.10576923076923077
1 0.3293269230769231 0.3762019230769231 0.07211538461538461 0.1346153846153846
1 0.42427884615384615 0.35096153846153844 0.07211538461538461 0.12980769230769232
1 0.53125 0.5108173076923077 0.10096153846153846 0.055288461538461536
1 0.5120192307692307 0.22355769230769232 0.08173076923076923 0.125
1 0.21514423076923078 0.11778846153846154 0.06009615384615385 0.11538461538461539
0 0.42908653846153844 0.8930288461538461 0.07451923076923077 0.10817307692307693
0 0.49038461538461536 0.9699519230769231 0.057692307692307696 0.06009615384615385
0 0.6322115384615384 0.8245192307692307 0.0673076923076923 0.08173076923076923
0 0.6478365384615384 0.9038461538461539 0.07932692307692307 0.07692307692307693