0 0.06971153846153846 0.42908653846153844 0.057692307692307696 0.07932692307692307
0 0.16826923076923078 0.4495192307692308 0.057692307692307696 0.038461538461538464
0 0.32211538461538464 0.33533653846153844 0.057692307692307696 0.16346153846153846
0 0.2127403846153846 0.3125 0.03365384615384615 0.125
0 0.6129807692307693 0.375 0.028846153846153848 0.11057692307692307
0 0.6899038461538461 0.2692307692307692 0.04807692307692308 0.07211538461538461
0 0.6490384615384616 0.026442307692307692 0.04807692307692308 0.052884615384615384
1 0.4795673076923077 0.9326923076923077 0.05048076923076923 0.08173076923076923
1 0.43509615384615385 0.9302884615384616 0.0673076923076923 0.10096153846153846
1 0.3870192307692308 0.9314903846153846 0.057692307692307696 0.09134615384615384
1 0.3449519230769231 0.921875 0.04807692307692308 0.07211538461538461
1 0.14182692307692307 0.9903846153846154 0.052884615384615384 0.019230769230769232
1 0.15264423076923078 0.9350961538461539 0.052884615384615384 0.10576923076923077
1 0.2536057692307692 0.8401442307692307 0.057692307692307696 0.0985576923076923
1 0.2692307692307692 0.7728365384615384 0.052884615384615384 0.06971153846153846
1 0.3016826923076923 0.6334134615384616 0.052884615384615384 0.08653846153846154
1 0.36177884615384615 0.8269230769230769 0.0625 0.0985576923076923
1 0.3076923076923077 0.8185096153846154 0.055288461538461536 0.09134615384615384
1 0.9387019230769231 0.9194711538461539 0.057692307692307696 0.10576923076923077
1 0.9447115384615384 0.7247596153846154 0.0625 0.11057692307692307