1 0.13822115384615385 0.23317307692307693 0.046875 0.08413461538461539
1 0.21995192307692307 0.08413461538461539 0.04927884615384615 0.08653846153846154
1 0.18389423076923078 0.3870192307692308 0.057692307692307696 0.10576923076923077
1 0.22115384615384615 0.47596153846153844 0.04807692307692308 0.07932692307692307
1 0.25600961538461536 0.44350961538461536 0.042067307692307696 0.078125
1 0.30408653846153844 0.4014423076923077 0.06129807692307692 0.0985576923076923
1 0.32572115384615385 0.3161057692307692 0.0625 0.0985576923076923
1 0.3557692307692308 0.375 0.055288461538461536 0.09495192307692307
1 0.4074519230769231 0.38341346153846156 0.06850961538461539 0.0673076923076923
1 0.41947115384615385 0.23197115384615385 0.06490384615384616 0.11899038461538461
1 0.4951923076923077 0.25600961538461536 0.04807692307692308 0.06971153846153846
1 0.5180288461538461 0.32572115384615385 0.04447115384615385 0.07572115384615384
1 0.4891826923076923 0.36658653846153844 0.04326923076923077 0.08413461538461539
1 0.3942307692307692 0.49158653846153844 0.04807692307692308 0.07451923076923077
1 0.39302884615384615 0.6514423076923077 0.04927884615384615 0.07932692307692307
1 0.5096153846153846 0.5588942307692307 0.06009615384615385 0.09735576923076923