0 0.12740384615384615 0.9663461538461539 0.16346153846153846 0.0673076923076923
0 0.34975961538461536 0.9435096153846154 0.036057692307692304 0.08413461538461539
0 0.21153846153846154 0.36538461538461536 0.13942307692307693 0.1346153846153846
0 0.35216346153846156 0.39663461538461536 0.03125 0.1971153846153846
1 0.2764423076923077 0.9314903846153846 0.09134615384615384 0.13701923076923078
1 0.234375 0.6129807692307693 0.0673076923076923 0.11778846153846154
0 0.5721153846153846 0.9230769230769231 0.04807692307692308 0.15384615384615385
0 0.6009615384615384 0.39663461538461536 0.07692307692307693 0.1971153846153846
0 0.42788461538461536 0.4891826923076923 0.1201923076923077 0.2956730769230769
0 0.4411057692307692 0.9423076923076923 0.1466346153846154 0.11538461538461539
0 0.7043269230769231 0.9495192307692307 0.09134615384615384 0.10096153846153846
1 0.6911057692307693 0.6983173076923077 0.07692307692307693 0.10817307692307693
1 0.6947115384615384 0.5132211538461539 0.057692307692307696 0.11538461538461539
1 0.8269230769230769 0.45552884615384615 0.09134615384615384 0.14182692307692307