1 0.28846153846153844 0.28365384615384615 0.04326923076923077 0.08653846153846154
1 0.25721153846153844 0.33653846153846156 0.04807692307692308 0.08173076923076923
1 0.22115384615384615 0.29927884615384615 0.04807692307692308 0.07932692307692307
1 0.21754807692307693 0.21754807692307693 0.04326923076923077 0.07932692307692307
1 0.265625 0.22115384615384615 0.04326923076923077 0.07932692307692307
0 0.9050480769230769 0.40384615384615385 0.07692307692307693 0.09375
0 0.84375 0.21153846153846154 0.09134615384615384 0.08173076923076923
0 0.171875 0.6358173076923077 0.09615384615384616 0.15865384615384615
0 0.015625 0.7956730769230769 0.03125 0.13942307692307693
0 0.016826923076923076 0.5588942307692307 0.03365384615384615 0.14182692307692307
1 0.9831730769230769 0.6850961538461539 0.03365384615384615 0.1201923076923077