1 0.38461538461538464 0.2824519230769231 0.10576923076923077 0.0625
1 0.3449519230769231 0.4110576923076923 0.07692307692307693 0.04807692307692308
1 0.1346153846153846 0.265625 0.11057692307692307 0.0625
1 0.9254807692307693 0.3233173076923077 0.10336538461538461 0.06971153846153846
1 0.45552884615384615 0.71875 0.13942307692307693 0.07692307692307693
1 0.5540865384615384 0.7860576923076923 0.05048076923076923 0.0673076923076923
1 0.5012019230769231 0.8918269230769231 0.12259615384615384 0.0625
1 0.3425480769230769 0.8257211538461539 0.11057692307692307 0.052884615384615384
1 0.2824519230769231 0.9086538461538461 0.1346153846153846 0.08653846153846154
1 0.16706730769230768 0.7067307692307693 0.19230769230769232 0.10336538461538461
1 0.7451923076923077 0.8425480769230769 0.07692307692307693 0.04326923076923077