1 0.3161057692307692 0.046875 0.040865384615384616 0.09254807692307693
1 0.34375 0.21514423076923078 0.04567307692307692 0.08413461538461539
1 0.38221153846153844 0.17067307692307693 0.046875 0.07451923076923077
1 0.39783653846153844 0.22956730769230768 0.05048076923076923 0.0733173076923077
1 0.48197115384615385 0.2536057692307692 0.06129807692307692 0.09254807692307693
1 0.48677884615384615 0.30288461538461536 0.054086538461538464 0.07211538461538461
1 0.5600961538461539 0.328125 0.04927884615384615 0.11538461538461539
1 0.4254807692307692 0.38822115384615385 0.04927884615384615 0.1141826923076923
1 0.3112980769230769 0.31490384615384615 0.04326923076923077 0.07692307692307693
1 0.3473557692307692 0.3762019230769231 0.054086538461538464 0.09615384615384616
1 0.3161057692307692 0.5180288461538461 0.06370192307692307 0.11298076923076923
1 0.33413461538461536 0.47115384615384615 0.04326923076923077 0.06850961538461539
1 0.43028846153846156 0.5889423076923077 0.055288461538461536 0.11057692307692307
1 0.4987980769230769 0.6105769230769231 0.04807692307692308 0.07572115384615384
1 0.5168269230769231 0.5168269230769231 0.052884615384615384 0.10817307692307693
1 0.5504807692307693 0.4855769230769231 0.046875 0.07091346153846154