0 0.03365384615384615 0.3401442307692308 0.055288461538461536 0.1466346153846154
0 0.026442307692307692 0.20673076923076922 0.052884615384615384 0.08173076923076923
0 0.04927884615384615 0.125 0.040865384615384616 0.10576923076923077
0 0.08173076923076923 0.19591346153846154 0.04326923076923077 0.10576923076923077
0 0.12980769230769232 0.24278846153846154 0.0673076923076923 0.0673076923076923
0 0.14182692307692307 0.11057692307692307 0.08653846153846154 0.10817307692307693
0 0.0733173076923077 0.33774038461538464 0.028846153846153848 0.1201923076923077
1 0.009615384615384616 0.11177884615384616 0.019230769230769232 0.0889423076923077
1 0.08653846153846154 0.05048076923076923 0.03125 0.0625
1 0.22235576923076922 0.07451923076923077 0.057692307692307696 0.09615384615384616
1 0.21394230769230768 0.24158653846153846 0.04807692307692308 0.04807692307692308
1 0.18389423076923078 0.34375 0.04807692307692308 0.09134615384615384
1 0.12259615384615384 0.38461538461538464 0.038461538461538464 0.09134615384615384
1 0.8245192307692307 0.46274038461538464 0.04326923076923077 0.03125
1 0.7295673076923077 0.4675480769230769 0.036057692307692304 0.021634615384615384
1 0.45552884615384615 0.45552884615384615 0.040865384615384616 0.04567307692307692
1 0.484375 0.3401442307692308 0.04807692307692308 0.10096153846153846
1 0.5913461538461539 0.3449519230769231 0.04807692307692308 0.09134615384615384
1 0.6742788461538461 0.3737980769230769 0.04807692307692308 0.08173076923076923
1 0.7175480769230769 0.3762019230769231 0.036057692307692304 0.08173076923076923
1 0.6514423076923077 0.25600961538461536 0.040865384615384616 0.0673076923076923
0 0.5288461538461539 0.4182692307692308 0.038461538461538464 0.1201923076923077
0 0.7584134615384616 0.140625 0.0673076923076923 0.10096153846153846
1 0.31850961538461536 0.9483173076923077 0.052884615384615384 0.10096153846153846
1 0.37740384615384615 0.8641826923076923 0.04807692307692308 0.06490384615384616
1 0.41346153846153844 0.6826923076923077 0.028846153846153848 0.07692307692307693
1 0.3641826923076923 0.5288461538461539 0.055288461538461536 0.08173076923076923
0 0.3485576923076923 0.7704326923076923 0.06971153846153846 0.10576923076923077
1 0.9206730769230769 0.9855769230769231 0.057692307692307696 0.028846153846153848
1 0.9819711538461539 0.9423076923076923 0.036057692307692304 0.0673076923076923
1 0.8473557692307693 0.9603365384615384 0.040865384615384616 0.07932692307692307
1 0.7824519230769231 0.9831730769230769 0.05048076923076923 0.03365384615384615
1 0.7764423076923077 0.9375 0.0625 0.08653846153846154
1 0.6009615384615384 0.953125 0.04326923076923077 0.07211538461538461
1 0.6141826923076923 0.8786057692307693 0.03125 0.07211538461538461
0 0.7043269230769231 0.9663461538461539 0.0625 0.0673076923076923
0 0.9507211538461539 0.8473557692307693 0.0889423076923077 0.0985576923076923