0 0.46274038461538464 0.2403846153846154 0.09375 0.07692307692307693
0 0.34975961538461536 0.38822115384615385 0.2403846153846154 0.1346153846153846
0 0.05889423076923077 0.34375 0.11778846153846154 0.15865384615384615
0 0.9651442307692307 0.11057692307692307 0.06971153846153846 0.0673076923076923
0 0.8954326923076923 0.05048076923076923 0.13942307692307693 0.0673076923076923
1 0.23557692307692307 0.8930288461538461 0.08173076923076923 0.05048076923076923
1 0.2920673076923077 0.8581730769230769 0.08173076923076923 0.04326923076923077
1 0.24879807692307693 0.8209134615384616 0.07451923076923077 0.052884615384615384
1 0.17427884615384615 0.8653846153846154 0.09134615384615384 0.04326923076923077
1 0.17067307692307693 0.8185096153846154 0.08653846153846154 0.04807692307692308
0 0.9038461538461539 0.7824519230769231 0.08173076923076923 0.07211538461538461
0 0.9326923076923077 0.9939903846153846 0.1346153846153846 0.01201923076923077
0 0.5793269230769231 0.9711538461538461 0.08653846153846154 0.057692307692307696