1 0.36899038461538464 0.4543269230769231 0.06490384615384616 0.14903846153846154
1 0.45913461538461536 0.484375 0.04807692307692308 0.0889423076923077
0 0.6971153846153846 0.5072115384615384 0.0625 0.04326923076923077
0 0.5685096153846154 0.3942307692307692 0.07692307692307693 0.15384615384615385
0 0.8064903846153846 0.47836538461538464 0.09375 0.10096153846153846
0 0.9447115384615384 0.5084134615384616 0.0673076923076923 0.040865384615384616
0 0.9615384615384616 0.4182692307692308 0.07692307692307693 0.09134615384615384
0 0.7319711538461539 0.3076923076923077 0.0673076923076923 0.09615384615384616
0 0.31490384615384615 0.9735576923076923 0.09615384615384616 0.052884615384615384
0 0.9675480769230769 0.8858173076923077 0.06490384615384616 0.16105769230769232
0 0.84375 0.8461538461538461 0.09615384615384616 0.15384615384615385