1 0.5709134615384616 0.02403846153846154 0.03485576923076923 0.04807692307692308
1 0.5264423076923077 0.019230769230769232 0.03485576923076923 0.038461538461538464
1 0.4675480769230769 0.026442307692307692 0.04326923076923077 0.051682692307692304
1 0.3942307692307692 0.02403846153846154 0.038461538461538464 0.04807692307692308
1 0.6430288461538461 0.2536057692307692 0.038461538461538464 0.05889423076923077
1 0.6935096153846154 0.328125 0.046875 0.07091346153846154
1 0.6394230769230769 0.421875 0.04326923076923077 0.0829326923076923
1 0.6706730769230769 0.5444711538461539 0.040865384615384616 0.07692307692307693
1 0.6478365384615384 0.6778846153846154 0.039663461538461536 0.06971153846153846
1 0.5841346153846154 0.5661057692307693 0.057692307692307696 0.09735576923076923
1 0.5829326923076923 0.35096153846153844 0.03245192307692308 0.06850961538461539
1 0.5348557692307693 0.2980769230769231 0.036057692307692304 0.057692307692307696
1 0.5516826923076923 0.46274038461538464 0.03365384615384615 0.06129807692307692
1 0.46153846153846156 0.4411057692307692 0.037259615384615384 0.06610576923076923