0 0.234375 0.28365384615384615 0.0625 0.10096153846153846
1 0.5036057692307693 0.32572115384615385 0.08173076923076923 0.18028846153846154
1 0.6129807692307693 0.3233173076923077 0.055288461538461536 0.10576923076923077
0 0.3557692307692308 0.9567307692307693 0.07692307692307693 0.08653846153846154
0 0.2091346153846154 0.9855769230769231 0.038461538461538464 0.028846153846153848
0 0.04326923076923077 0.8401442307692307 0.0625 0.08173076923076923
0 0.10216346153846154 0.65625 0.04807692307692308 0.08173076923076923
0 0.38100961538461536 0.6502403846153846 0.04326923076923077 0.07211538461538461
0 0.4651442307692308 0.6069711538461539 0.07932692307692307 0.11298076923076923
0 0.6959134615384616 0.8858173076923077 0.03365384615384615 0.13701923076923078
1 0.5997596153846154 0.9543269230769231 0.06490384615384616 0.09134615384615384
1 0.49399038461538464 0.9495192307692307 0.04567307692307692 0.08653846153846154
1 0.41586538461538464 0.9519230769230769 0.014423076923076924 0.09615384615384616
1 0.8329326923076923 0.7848557692307693 0.05048076923076923 0.11298076923076923
1 0.7680288461538461 0.9350961538461539 0.04567307692307692 0.08173076923076923
1 0.7403846153846154 0.8016826923076923 0.055288461538461536 0.11538461538461539
1 0.6322115384615384 0.8016826923076923 0.04807692307692308 0.10096153846153846
1 0.5721153846153846 0.7067307692307693 0.04807692307692308 0.07211538461538461
1 0.5480769230769231 0.8257211538461539 0.057692307692307696 0.0985576923076923
1 0.5024038461538461 0.8389423076923077 0.038461538461538464 0.07932692307692307