0 0.026442307692307692 0.12980769230769232 0.052884615384615384 0.04807692307692308
0 0.06009615384615385 0.35697115384615385 0.07211538461538461 0.03365384615384615
0 0.05889423076923077 0.22596153846153846 0.09615384615384616 0.0673076923076923
0 0.25721153846153844 0.15985576923076922 0.10096153846153846 0.04807692307692308
0 0.2247596153846154 0.24158653846153846 0.052884615384615384 0.028846153846153848
0 0.18870192307692307 0.30649038461538464 0.15625 0.0625
0 0.43028846153846156 0.3137019230769231 0.04326923076923077 0.07451923076923077
0 0.4567307692307692 0.41947115384615385 0.09615384615384616 0.055288461538461536
0 0.5300480769230769 0.34375 0.07211538461538461 0.0673076923076923
0 0.5865384615384616 0.4519230769230769 0.10576923076923077 0.052884615384615384
0 0.6538461538461539 0.46875 0.11538461538461539 0.038461538461538464
0 0.8112980769230769 0.3125 0.15384615384615385 0.057692307692307696
0 0.7223557692307693 0.39783653846153844 0.11778846153846154 0.05048076923076923
0 0.07572115384615384 0.96875 0.15144230769230768 0.0625
0 0.11899038461538461 0.8257211538461539 0.13942307692307693 0.15384615384615385
0 0.30288461538461536 0.9266826923076923 0.16826923076923078 0.1466346153846154