1 0.2548076923076923 0.10336538461538461 0.055288461538461536 0.0985576923076923
1 0.28966346153846156 0.18870192307692307 0.040865384615384616 0.078125
1 0.4026442307692308 0.14903846153846154 0.056490384615384616 0.09014423076923077
1 0.40384615384615385 0.040865384615384616 0.036057692307692304 0.08173076923076923
1 0.546875 0.09735576923076923 0.03125 0.07932692307692307
1 0.6694711538461539 0.12860576923076922 0.04807692307692308 0.09375
1 0.6201923076923077 0.22235576923076922 0.04326923076923077 0.057692307692307696
1 0.5504807692307693 0.21394230769230768 0.027644230769230768 0.07451923076923077
1 0.47596153846153844 0.21634615384615385 0.038461538461538464 0.0625
1 0.43149038461538464 0.26322115384615385 0.03485576923076923 0.0673076923076923
1 0.5673076923076923 0.4050480769230769 0.054086538461538464 0.09495192307692307
1 0.6286057692307693 0.5552884615384616 0.04927884615384615 0.08774038461538461
1 0.5048076923076923 0.5144230769230769 0.038461538461538464 0.07932692307692307
1 0.4483173076923077 0.4699519230769231 0.057692307692307696 0.09014423076923077
1 0.4110576923076923 0.5432692307692307 0.05048076923076923 0.07932692307692307
1 0.3545673076923077 0.6225961538461539 0.04447115384615385 0.0829326923076923
0 0.32572115384615385 0.43149038461538464 0.07211538461538461 0.1346153846153846
0 0.3629807692307692 0.3762019230769231 0.06971153846153846 0.13221153846153846
0 0.5012019230769231 0.17548076923076922 0.07572115384615384 0.09495192307692307
0 0.640625 0.31850961538461536 0.07091346153846154 0.11778846153846154