0 0.53125 0.051682692307692304 0.057692307692307696 0.10336538461538461
0 0.6538461538461539 0.027644230769230768 0.038461538461538464 0.055288461538461536
0 0.5456730769230769 0.20673076923076922 0.040865384615384616 0.05048076923076923
0 0.6213942307692307 0.3016826923076923 0.04807692307692308 0.10336538461538461
1 0.44591346153846156 0.8112980769230769 0.04807692307692308 0.08173076923076923
1 0.3701923076923077 0.7584134615384616 0.05048076923076923 0.08413461538461539
1 0.2668269230769231 0.828125 0.05048076923076923 0.08173076923076923
1 0.3762019230769231 0.9435096153846154 0.04807692307692308 0.08173076923076923
1 0.29086538461538464 0.9903846153846154 0.04326923076923077 0.019230769230769232
1 0.8858173076923077 0.5925480769230769 0.04807692307692308 0.0889423076923077
1 0.7920673076923077 0.7259615384615384 0.06009615384615385 0.1201923076923077
1 0.7223557692307693 0.7512019230769231 0.04326923076923077 0.07932692307692307
1 0.6730769230769231 0.6129807692307693 0.04807692307692308 0.0673076923076923
1 0.7151442307692307 0.6394230769230769 0.06009615384615385 0.07932692307692307
1 0.7560096153846154 0.5072115384615384 0.06009615384615385 0.07692307692307693
1 0.7235576923076923 0.5576923076923077 0.055288461538461536 0.09615384615384616