0 0.7944711538461539 0.06490384615384616 0.04567307692307692 0.12980769230769232
1 0.09375 0.4855769230769231 0.057692307692307696 0.052884615384615384
1 0.1971153846153846 0.4795673076923077 0.04807692307692308 0.040865384615384616
1 0.6814903846153846 0.5096153846153846 0.04567307692307692 0.10096153846153846
1 0.8846153846153846 0.49759615384615385 0.052884615384615384 0.07692307692307693
1 0.9951923076923077 0.5168269230769231 0.009615384615384616 0.08653846153846154
1 0.921875 0.6033653846153846 0.040865384615384616 0.0673076923076923
1 0.8185096153846154 0.6177884615384616 0.038461538461538464 0.0673076923076923
1 0.7235576923076923 0.6201923076923077 0.040865384615384616 0.07932692307692307
1 0.828125 0.7379807692307693 0.038461538461538464 0.10096153846153846
1 0.8725961538461539 0.7319711538461539 0.05048076923076923 0.0889423076923077
1 0.9555288461538461 0.7680288461538461 0.057692307692307696 0.10576923076923077
1 0.9002403846153846 0.8641826923076923 0.04807692307692308 0.07692307692307693
0 0.7836538461538461 0.9483173076923077 0.08653846153846154 0.10336538461538461