0 0.28966346153846156 0.3581730769230769 0.0985576923076923 0.0625
0 0.35096153846153844 0.21875 0.0625 0.11057692307692307
0 0.3401442307692308 0.078125 0.052884615384615384 0.10096153846153846
0 0.25 0.025240384615384616 0.04807692307692308 0.05048076923076923
0 0.11778846153846154 0.04326923076923077 0.0625 0.08653846153846154
0 0.09375 0.25961538461538464 0.09615384615384616 0.1346153846153846
0 0.9651442307692307 0.21514423076923078 0.06971153846153846 0.08413461538461539
0 0.7379807692307693 0.24759615384615385 0.04807692307692308 0.12980769230769232
0 0.6947115384615384 0.078125 0.07211538461538461 0.09375
0 0.2668269230769231 0.9206730769230769 0.07692307692307693 0.15865384615384615
0 0.22115384615384615 0.7860576923076923 0.0625 0.1346153846153846
0 0.37740384615384615 0.8076923076923077 0.04326923076923077 0.125
0 0.8581730769230769 0.8257211538461539 0.07932692307692307 0.09134615384615384
0 0.6237980769230769 0.8665865384615384 0.057692307692307696 0.13701923076923078
0 0.5793269230769231 0.6995192307692307 0.06971153846153846 0.09615384615384616
0 0.6490384615384616 0.5120192307692307 0.08173076923076923 0.09134615384615384