1 0.49158653846153844 0.15144230769230768 0.057692307692307696 0.10576923076923077
1 0.36538461538461536 0.1875 0.04567307692307692 0.07451923076923077
0 0.8737980769230769 0.26802884615384615 0.13701923076923078 0.06009615384615385
1 0.5132211538461539 0.45913461538461536 0.07692307692307693 0.125
1 0.5384615384615384 0.6358173076923077 0.0673076923076923 0.09375
1 0.6610576923076923 0.7019230769230769 0.09615384615384616 0.14903846153846154
1 0.6105769230769231 0.9182692307692307 0.06490384615384616 0.12980769230769232
1 0.016826923076923076 0.6634615384615384 0.03365384615384615 0.1346153846153846
1 0.13942307692307693 0.46634615384615385 0.09375 0.16826923076923078
0 0.3713942307692308 0.5432692307692307 0.04326923076923077 0.08653846153846154
0 0.41225961538461536 0.36899038461538464 0.0625 0.09615384615384616
0 0.2932692307692308 0.34615384615384615 0.07692307692307693 0.09615384615384616
0 0.27403846153846156 0.6334134615384616 0.09375 0.13942307692307693
0 0.29927884615384615 0.9038461538461539 0.10576923076923077 0.19230769230769232
0 0.4050480769230769 0.7692307692307693 0.06490384615384616 0.125
1 0.8497596153846154 0.5348557692307693 0.040865384615384616 0.09134615384615384