0 0.21394230769230768 0.35336538461538464 0.08173076923076923 0.07451923076923077
0 0.16466346153846154 0.171875 0.13942307692307693 0.052884615384615384
0 0.28846153846153844 0.12860576923076922 0.13942307692307693 0.04326923076923077
0 0.2548076923076923 0.06370192307692307 0.10576923076923077 0.08173076923076923
0 0.9855769230769231 0.3329326923076923 0.028846153846153848 0.040865384615384616
0 0.8305288461538461 0.4375 0.05048076923076923 0.02403846153846154
0 0.7427884615384616 0.3713942307692308 0.09375 0.052884615384615384
1 0.2956730769230769 0.46153846153846156 0.11057692307692307 0.02403846153846154
1 0.27403846153846156 0.515625 0.07692307692307693 0.04807692307692308
1 0.36778846153846156 0.5336538461538461 0.10817307692307693 0.052884615384615384
1 0.39903846153846156 0.5673076923076923 0.07211538461538461 0.04807692307692308
0 0.9134615384615384 0.8798076923076923 0.16346153846153846 0.0985576923076923
0 0.5769230769230769 0.9603365384615384 0.15384615384615385 0.07932692307692307
0 0.4987980769230769 0.8209134615384616 0.0985576923076923 0.17067307692307693
0 0.6286057692307693 0.5805288461538461 0.1778846153846154 0.1346153846153846
1 0.6935096153846154 0.8581730769230769 0.09615384615384616 0.0625
1 0.7680288461538461 0.7860576923076923 0.125 0.0673076923076923
1 0.8293269230769231 0.6887019230769231 0.13942307692307693 0.08413461538461539
1 0.5817307692307693 0.7079326923076923 0.11538461538461539 0.057692307692307696