1 0.4206730769230769 0.38341346153846156 0.04447115384615385 0.11778846153846154
1 0.3329326923076923 0.41947115384615385 0.057692307692307696 0.078125
1 0.24879807692307693 0.23918269230769232 0.07091346153846154 0.10336538461538461
1 0.3076923076923077 0.234375 0.06129807692307692 0.09975961538461539
1 0.3245192307692308 0.16105769230769232 0.051682692307692304 0.0829326923076923
1 0.3173076923076923 0.04567307692307692 0.046875 0.0829326923076923
1 0.375 0.16947115384615385 0.046875 0.07572115384615384
1 0.39663461538461536 0.2283653846153846 0.052884615384615384 0.07692307692307693
1 0.43149038461538464 0.16706730769230768 0.06129807692307692 0.09615384615384616
1 0.35096153846153844 0.21995192307692307 0.042067307692307696 0.078125
1 0.4855769230769231 0.2848557692307692 0.04927884615384615 0.07932692307692307
1 0.5576923076923077 0.3245192307692308 0.052884615384615384 0.10817307692307693
1 0.5552884615384616 0.484375 0.04567307692307692 0.0985576923076923
1 0.515625 0.5144230769230769 0.0625 0.09495192307692307
1 0.4987980769230769 0.6081730769230769 0.054086538461538464 0.07692307692307693
1 0.43149038461538464 0.5841346153846154 0.05889423076923077 0.1045673076923077