1 0.3713942307692308 0.4170673076923077 0.04807692307692308 0.0889423076923077
1 0.4651442307692308 0.5504807692307693 0.06009615384615385 0.11899038461538461
1 0.5348557692307693 0.5757211538461539 0.04447115384615385 0.07932692307692307
1 0.5841346153846154 0.4375 0.04927884615384615 0.06610576923076923
1 0.5420673076923077 0.4639423076923077 0.06009615384615385 0.07932692307692307
1 0.5120192307692307 0.24519230769230768 0.039663461538461536 0.07572115384615384
1 0.5012019230769231 0.31971153846153844 0.06009615384615385 0.10096153846153846
1 0.5336538461538461 0.38221153846153844 0.055288461538461536 0.09615384615384616
1 0.45552884615384615 0.13581730769230768 0.05048076923076923 0.0985576923076923
1 0.3401442307692308 0.04567307692307692 0.04567307692307692 0.09134615384615384
1 0.2800480769230769 0.1971153846153846 0.05889423076923077 0.0985576923076923
1 0.33413461538461536 0.1971153846153846 0.057692307692307696 0.0985576923076923
1 0.3737980769230769 0.18870192307692307 0.04807692307692308 0.0829326923076923
1 0.40384615384615385 0.15264423076923078 0.042067307692307696 0.08173076923076923
1 0.42908653846153844 0.20192307692307693 0.04447115384615385 0.07451923076923077