0 0.052884615384615384 0.3269230769230769 0.10576923076923077 0.18269230769230768
0 0.39783653846153844 0.49158653846153844 0.19230769230769232 0.09134615384615384
0 0.23197115384615385 0.32572115384615385 0.22596153846153846 0.09615384615384616
0 0.49759615384615385 0.28365384615384615 0.10096153846153846 0.07692307692307693
0 0.7175480769230769 0.25600961538461536 0.09134615384615384 0.04326923076923077
0 0.6646634615384616 0.39663461538461536 0.16826923076923078 0.10576923076923077
0 0.8918269230769231 0.3894230769230769 0.15144230769230768 0.09375
0 0.8425480769230769 0.234375 0.07451923076923077 0.04567307692307692
0 0.8449519230769231 0.08774038461538461 0.16105769230769232 0.09134615384615384
1 0.9663461538461539 0.6694711538461539 0.0673076923076923 0.040865384615384616
1 0.9242788461538461 0.6983173076923077 0.08173076923076923 0.04326923076923077
1 0.9627403846153846 0.7355769230769231 0.07211538461538461 0.04807692307692308