0 0.9723557692307693 0.16346153846153846 0.055288461538461536 0.07211538461538461
0 0.5829326923076923 0.038461538461538464 0.12740384615384615 0.07692307692307693
0 0.7836538461538461 0.0889423076923077 0.0625 0.03125
0 0.7175480769230769 0.03125 0.08173076923076923 0.04807692307692308
0 0.8629807692307693 0.12620192307692307 0.0673076923076923 0.04807692307692308
0 0.9699519230769231 0.04447115384615385 0.06009615384615385 0.026442307692307692
1 0.8930288461538461 0.19230769230769232 0.0625 0.052884615384615384
1 0.9110576923076923 0.2692307692307692 0.09615384615384616 0.055288461538461536
1 0.796875 0.21875 0.08173076923076923 0.038461538461538464
1 0.8509615384615384 0.0625 0.0625 0.04326923076923077
1 0.7992788461538461 0.010817307692307692 0.07932692307692307 0.021634615384615384
1 0.6682692307692307 0.19230769230769232 0.08173076923076923 0.052884615384615384
1 0.5552884615384616 0.12740384615384615 0.07211538461538461 0.057692307692307696
1 0.4675480769230769 0.8269230769230769 0.10336538461538461 0.057692307692307696
1 0.45552884615384615 0.71875 0.1201923076923077 0.057692307692307696
1 0.7872596153846154 0.9735576923076923 0.10817307692307693 0.052884615384615384
1 0.6274038461538461 0.7331730769230769 0.07211538461538461 0.03125