1 0.13942307692307693 0.2247596153846154 0.05048076923076923 0.07932692307692307
1 0.21754807692307693 0.08413461538461539 0.04807692307692308 0.09014423076923077
1 0.4170673076923077 0.23677884615384615 0.055288461538461536 0.12379807692307693
1 0.4951923076923077 0.2620192307692308 0.04807692307692308 0.08533653846153846
1 0.5192307692307693 0.3329326923076923 0.04807692307692308 0.07692307692307693
1 0.4879807692307692 0.3629807692307692 0.042067307692307696 0.07572115384615384
1 0.41466346153846156 0.3870192307692308 0.06490384615384616 0.07211538461538461
1 0.3245192307692308 0.3125 0.056490384615384616 0.09014423076923077
1 0.30288461538461536 0.3942307692307692 0.052884615384615384 0.09375
1 0.18389423076923078 0.3894230769230769 0.057692307692307696 0.10817307692307693
1 0.21875 0.47475961538461536 0.04567307692307692 0.0889423076923077
1 0.2548076923076923 0.4387019230769231 0.04807692307692308 0.07211538461538461
1 0.3894230769230769 0.4951923076923077 0.04807692307692308 0.078125
1 0.390625 0.6538461538461539 0.051682692307692304 0.07932692307692307
1 0.5096153846153846 0.5637019230769231 0.057692307692307696 0.09254807692307693