1 0.5769230769230769 0.21995192307692307 0.0889423076923077 0.14182692307692307
1 0.6225961538461539 0.5360576923076923 0.06610576923076923 0.12379807692307693
1 0.45072115384615385 0.5060096153846154 0.078125 0.09615384615384616
1 0.3713942307692308 0.6995192307692307 0.09134615384615384 0.125
1 0.25 0.5084134615384616 0.07091346153846154 0.11057692307692307
1 0.30408653846153844 0.8737980769230769 0.06850961538461539 0.11298076923076923
0 0.15625 0.6574519230769231 0.08653846153846154 0.19831730769230768
0 0.46153846153846156 0.21634615384615385 0.12139423076923077 0.09375
0 0.7283653846153846 0.109375 0.16466346153846154 0.21875
0 0.6478365384615384 0.8269230769230769 0.12740384615384615 0.21754807692307693
0 0.46875 0.7475961538461539 0.09014423076923077 0.19230769230769232
0 0.359375 0.45072115384615385 0.0985576923076923 0.16706730769230768