1 0.2091346153846154 0.5372596153846154 0.07211538461538461 0.040865384615384616
1 0.27283653846153844 0.5300480769230769 0.07211538461538461 0.04326923076923077
1 0.2860576923076923 0.49038461538461536 0.07211538461538461 0.04807692307692308
1 0.21634615384615385 0.49399038461538464 0.07451923076923077 0.04807692307692308
1 0.15264423076923078 0.4987980769230769 0.08173076923076923 0.052884615384615384
1 0.5168269230769231 0.15144230769230768 0.03365384615384615 0.038461538461538464
1 0.71875 0.2283653846153846 0.10576923076923077 0.057692307692307696
1 0.7944711538461539 0.1201923076923077 0.10576923076923077 0.0625
1 0.4266826923076923 0.7584134615384616 0.125 0.055288461538461536
1 0.19110576923076922 0.6814903846153846 0.07211538461538461 0.055288461538461536
1 0.1310096153846154 0.828125 0.10336538461538461 0.06009615384615385
0 0.5444711538461539 0.8641826923076923 0.0889423076923077 0.06009615384615385