1 0.2704326923076923 0.21033653846153846 0.06129807692307692 0.10216346153846154
1 0.35096153846153844 0.12620192307692307 0.0625 0.10216346153846154
1 0.46634615384615385 0.057692307692307696 0.04567307692307692 0.07091346153846154
1 0.47716346153846156 0.18629807692307693 0.057692307692307696 0.10576923076923077
1 0.546875 0.12860576923076922 0.051682692307692304 0.09975961538461539
1 0.6045673076923077 0.21514423076923078 0.04326923076923077 0.0625
1 0.4110576923076923 0.31850961538461536 0.03365384615384615 0.06971153846153846
1 0.5144230769230769 0.3016826923076923 0.046875 0.06971153846153846
1 0.3161057692307692 0.31971153846153844 0.04447115384615385 0.07572115384615384
1 0.4206730769230769 0.4338942307692308 0.03365384615384615 0.07572115384615384
1 0.46153846153846156 0.44471153846153844 0.04927884615384615 0.09615384615384616
1 0.4879807692307692 0.5625 0.036057692307692304 0.0733173076923077
1 0.5516826923076923 0.46634615384615385 0.051682692307692304 0.09134615384615384
1 0.6538461538461539 0.47115384615384615 0.052884615384615384 0.0889423076923077
1 0.6826923076923077 0.3389423076923077 0.036057692307692304 0.06971153846153846
1 0.7524038461538461 0.484375 0.04927884615384615 0.07091346153846154
0 0.6442307692307693 0.21514423076923078 0.052884615384615384 0.125
0 0.6129807692307693 0.3918269230769231 0.042067307692307696 0.15264423076923078
0 0.38221153846153844 0.6670673076923077 0.07572115384615384 0.1045673076923077
0 0.22115384615384615 0.14423076923076922 0.08774038461538461 0.09975961538461539