0 0.2776442307692308 0.5564903846153846 0.10817307692307693 0.1466346153846154
0 0.1622596153846154 0.40024038461538464 0.11298076923076923 0.2644230769230769
0 0.41225961538461536 0.16826923076923078 0.11298076923076923 0.2620192307692308
0 0.5084134615384616 0.25961538461538464 0.040865384615384616 0.21153846153846154
1 0.18870192307692307 0.09134615384615384 0.0673076923076923 0.1201923076923077
1 0.3173076923076923 0.4375 0.07451923076923077 0.10576923076923077
1 0.3112980769230769 0.2247596153846154 0.07692307692307693 0.16346153846153846
1 0.4411057692307692 0.4831730769230769 0.08413461538461539 0.10817307692307693
1 0.4891826923076923 0.4026442307692308 0.07211538461538461 0.09134615384615384
1 0.3269230769230769 0.02403846153846154 0.0625 0.04807692307692308
0 0.6322115384615384 0.421875 0.04326923076923077 0.12980769230769232
0 0.02403846153846154 0.6959134615384616 0.04807692307692308 0.06009615384615385
0 0.9867788461538461 0.9014423076923077 0.026442307692307692 0.08653846153846154
0 0.9891826923076923 0.6730769230769231 0.021634615384615384 0.08653846153846154
0 0.8197115384615384 0.8617788461538461 0.07932692307692307 0.16826923076923078
0 0.8149038461538461 0.6622596153846154 0.09615384615384616 0.06490384615384616