1 0.1201923076923077 0.27884615384615385 0.07692307692307693 0.038461538461538464
1 0.078125 0.42427884615384615 0.08653846153846154 0.052884615384615384
1 0.23317307692307693 0.2247596153846154 0.1346153846153846 0.0625
1 0.8545673076923077 0.11057692307692307 0.08413461538461539 0.04326923076923077
1 0.17668269230769232 0.9206730769230769 0.1346153846153846 0.08173076923076923
1 0.21033653846153846 0.7391826923076923 0.11538461538461539 0.0673076923076923
1 0.21394230769230768 0.5745192307692307 0.10576923076923077 0.03365384615384615
1 0.04927884615384615 0.6610576923076923 0.0985576923076923 0.08653846153846154
0 0.2824519230769231 0.6478365384615384 0.15865384615384615 0.10096153846153846
0 0.33052884615384615 0.7860576923076923 0.13701923076923078 0.07211538461538461
0 0.03125 0.7584134615384616 0.0625 0.0985576923076923
0 0.9855769230769231 0.8617788461538461 0.028846153846153848 0.1466346153846154
0 0.90625 0.9831730769230769 0.18269230769230768 0.03365384615384615
0 0.5973557692307693 0.9879807692307693 0.22355769230769232 0.02403846153846154
0 0.7055288461538461 0.9302884615384616 0.09134615384615384 0.038461538461538464
0 0.8653846153846154 0.8894230769230769 0.0985576923076923 0.0625
0 0.46634615384615385 0.8954326923076923 0.0889423076923077 0.0673076923076923
1 0.8028846153846154 0.6923076923076923 0.11057692307692307 0.07451923076923077
1 0.84375 0.8004807692307693 0.0889423076923077 0.06490384615384616
1 0.6334134615384616 0.7512019230769231 0.10817307692307693 0.07211538461538461
1 0.59375 0.8365384615384616 0.12980769230769232 0.052884615384615384
1 0.44471153846153844 0.7692307692307693 0.09134615384615384 0.0673076923076923
1 0.609375 0.6622596153846154 0.13942307692307693 0.07692307692307693