1 0.25 0.5036057692307693 0.08173076923076923 0.1201923076923077
1 0.44591346153846156 0.4987980769230769 0.06009615384615385 0.11298076923076923
1 0.6201923076923077 0.5456730769230769 0.07091346153846154 0.12620192307692307
1 0.5829326923076923 0.21875 0.09375 0.14783653846153846
1 0.37259615384615385 0.6887019230769231 0.0829326923076923 0.140625
1 0.3004807692307692 0.8701923076923077 0.078125 0.11057692307692307
0 0.4519230769230769 0.19831730769230768 0.12139423076923077 0.09495192307692307
0 0.4987980769230769 0.36177884615384615 0.08173076923076923 0.18509615384615385
0 0.7415865384615384 0.18509615384615385 0.12740384615384615 0.2920673076923077
0 0.6454326923076923 0.8040865384615384 0.12860576923076922 0.23076923076923078
0 0.46634615384615385 0.7560096153846154 0.0889423076923077 0.1971153846153846
0 0.15625 0.6466346153846154 0.08413461538461539 0.21634615384615385
1 0.7439903846153846 0.5324519230769231 0.10096153846153846 0.18389423076923078