1 0.5120192307692307 0.21153846153846154 0.04807692307692308 0.08653846153846154
1 0.6394230769230769 0.24759615384615385 0.0625 0.10096153846153846
0 0.6153846153846154 0.054086538461538464 0.052884615384615384 0.10817307692307693
0 0.6838942307692307 0.43028846153846156 0.028846153846153848 0.057692307692307696
0 0.7560096153846154 0.5276442307692307 0.052884615384615384 0.12259615384615384
0 0.5637019230769231 0.4050480769230769 0.0625 0.10576923076923077
0 0.6021634615384616 0.5492788461538461 0.03365384615384615 0.06971153846153846
0 0.640625 0.6322115384615384 0.04326923076923077 0.07211538461538461
0 0.6983173076923077 0.6959134615384616 0.04807692307692308 0.08173076923076923
0 0.6947115384615384 0.8425480769230769 0.08413461538461539 0.15384615384615385
1 0.5336538461538461 0.5132211538461539 0.052884615384615384 0.07211538461538461
1 0.6658653846153846 0.5576923076923077 0.04326923076923077 0.0625
1 0.7259615384615384 0.6141826923076923 0.040865384615384616 0.08173076923076923
1 0.5084134615384616 0.6081730769230769 0.040865384615384616 0.0673076923076923
1 0.5324519230769231 0.7487980769230769 0.05048076923076923 0.08173076923076923
1 0.6009615384615384 0.8713942307692307 0.057692307692307696 0.10576923076923077