1 0.21634615384615385 0.49278846153846156 0.046875 0.09134615384615384
1 0.2608173076923077 0.49278846153846156 0.06850961538461539 0.11538461538461539
1 0.31009615384615385 0.49278846153846156 0.04807692307692308 0.0889423076923077
1 0.35216346153846156 0.49158653846153844 0.054086538461538464 0.08413461538461539
1 0.3076923076923077 0.31850961538461536 0.052884615384615384 0.09254807692307693
1 0.40384615384615385 0.21875 0.0625 0.09615384615384616
1 0.5444711538461539 0.06370192307692307 0.05048076923076923 0.09254807692307693
1 0.5444711538461539 0.234375 0.0673076923076923 0.11658653846153846
1 0.5576923076923077 0.3473557692307692 0.04807692307692308 0.0829326923076923
1 0.5492788461538461 0.40024038461538464 0.055288461538461536 0.08533653846153846
1 0.5420673076923077 0.4879807692307692 0.06610576923076923 0.10096153846153846
1 0.44471153846153844 0.578125 0.06490384615384616 0.11057692307692307
1 0.4254807692307692 0.6466346153846154 0.04567307692307692 0.0673076923076923
1 0.33413461538461536 0.5985576923076923 0.06009615384615385 0.10697115384615384
1 0.39663461538461536 0.7836538461538461 0.056490384615384616 0.09615384615384616
1 0.38822115384615385 0.6045673076923077 0.056490384615384616 0.09975961538461539