0 0.29927884615384615 0.19110576923076922 0.07211538461538461 0.17307692307692307
0 0.4326923076923077 0.03485576923076923 0.04326923076923077 0.06971153846153846
0 0.4519230769230769 0.15504807692307693 0.052884615384615384 0.09615384615384616
0 0.3629807692307692 0.4387019230769231 0.057692307692307696 0.11778846153846154
0 0.24278846153846154 0.5709134615384616 0.07211538461538461 0.036057692307692304
0 0.6057692307692307 0.24759615384615385 0.03365384615384615 0.08173076923076923
0 0.6370192307692307 0.08533653846153846 0.0673076923076923 0.1346153846153846
1 0.8822115384615384 0.09975961538461539 0.07692307692307693 0.1201923076923077
1 0.7451923076923077 0.13822115384615385 0.0625 0.11538461538461539
1 0.703125 0.3125 0.057692307692307696 0.11778846153846154
1 0.8137019230769231 0.32211538461538464 0.0673076923076923 0.11538461538461539
1 0.8978365384615384 0.31971153846153844 0.09134615384615384 0.13942307692307693
1 0.7692307692307693 0.5384615384615384 0.07692307692307693 0.10096153846153846
0 0.6370192307692307 0.48197115384615385 0.06971153846153846 0.1201923076923077
1 0.4831730769230769 0.6286057692307693 0.08653846153846154 0.07932692307692307
1 0.27283653846153844 0.6983173076923077 0.08173076923076923 0.1466346153846154
1 0.4014423076923077 0.7307692307692307 0.06490384615384616 0.11538461538461539
1 0.2980769230769231 0.9170673076923077 0.09615384615384616 0.1658653846153846
0 0.10817307692307693 0.6466346153846154 0.11057692307692307 0.11538461538461539
0 0.14903846153846154 0.7271634615384616 0.10336538461538461 0.125
1 0.9927884615384616 0.9447115384615384 0.014423076923076924 0.10096153846153846
0 0.8617788461538461 0.6466346153846154 0.10817307692307693 0.11538461538461539
0 0.7043269230769231 0.8425480769230769 0.10576923076923077 0.23557692307692307
0 0.8473557692307693 0.8341346153846154 0.0673076923076923 0.19230769230769232
0 0.7884615384615384 0.9411057692307693 0.10096153846153846 0.11778846153846154