0 0.31490384615384615 0.4579326923076923 0.07211538461538461 0.10336538461538461
0 0.38221153846153844 0.484375 0.038461538461538464 0.05048076923076923
0 0.4206730769230769 0.24158653846153846 0.07211538461538461 0.1346153846153846
0 0.25240384615384615 0.3713942307692308 0.08653846153846154 0.17548076923076922
0 0.17427884615384615 0.20673076923076922 0.10096153846153846 0.10096153846153846
1 0.5264423076923077 0.9375 0.02403846153846154 0.125
1 0.7704326923076923 0.84375 0.057692307692307696 0.10096153846153846
1 0.6911057692307693 0.9266826923076923 0.04807692307692308 0.09134615384615384
1 0.7259615384615384 0.7331730769230769 0.038461538461538464 0.0673076923076923
1 0.6298076923076923 0.734375 0.04326923076923077 0.07932692307692307
1 0.6189903846153846 0.6153846153846154 0.038461538461538464 0.07692307692307693
1 0.5757211538461539 0.6141826923076923 0.05048076923076923 0.08653846153846154
1 0.5432692307692307 0.7403846153846154 0.009615384615384616 0.0673076923076923
1 0.5637019230769231 0.859375 0.05048076923076923 0.10576923076923077
1 0.5745192307692307 0.9759615384615384 0.038461538461538464 0.04807692307692308
0 0.8161057692307693 0.8990384615384616 0.07932692307692307 0.0889423076923077