1 0.04447115384615385 0.5012019230769231 0.0889423076923077 0.040865384615384616
1 0.2127403846153846 0.4735576923076923 0.08413461538461539 0.04567307692307692
1 0.16826923076923078 0.43509615384615385 0.07451923076923077 0.04807692307692308
1 0.22716346153846154 0.41947115384615385 0.07211538461538461 0.05048076923076923
1 0.24639423076923078 0.33413461538461536 0.08413461538461539 0.0625
1 0.2764423076923077 0.3293269230769231 0.02403846153846154 0.052884615384615384
1 0.6706730769230769 0.5516826923076923 0.08173076923076923 0.052884615384615384
1 0.6237980769230769 0.47716346153846156 0.0889423076923077 0.04326923076923077
1 0.6875 0.37740384615384615 0.07692307692307693 0.04567307692307692
1 0.8076923076923077 0.484375 0.0889423076923077 0.04326923076923077
1 0.8870192307692307 0.40024038461538464 0.08413461538461539 0.05048076923076923