1 0.35096153846153844 0.3245192307692308 0.07692307692307693 0.057692307692307696
1 0.3641826923076923 0.3798076923076923 0.05048076923076923 0.04326923076923077
1 0.3545673076923077 0.45072115384615385 0.06971153846153846 0.04567307692307692
1 0.2644230769230769 0.49399038461538464 0.08653846153846154 0.052884615384615384
0 0.2403846153846154 0.33533653846153844 0.10576923076923077 0.07211538461538461
0 0.1201923076923077 0.41586538461538464 0.10096153846153846 0.0673076923076923
0 0.3581730769230769 0.5649038461538461 0.0625 0.0625
1 0.9819711538461539 0.35096153846153844 0.036057692307692304 0.04807692307692308
0 0.8473557692307693 0.6418269230769231 0.13701923076923078 0.04807692307692308
0 0.6802884615384616 0.6826923076923077 0.09615384615384616 0.06971153846153846
0 0.49278846153846156 0.6358173076923077 0.09134615384615384 0.036057692307692304