0 0.27283653846153844 0.3088942307692308 0.12980769230769232 0.07451923076923077
0 0.5528846153846154 0.390625 0.10576923076923077 0.04567307692307692
0 0.53125 0.2548076923076923 0.0625 0.08173076923076923
0 0.5336538461538461 0.5168269230769231 0.0673076923076923 0.14423076923076922
0 0.9122596153846154 0.5384615384615384 0.17548076923076922 0.11538461538461539
0 0.9747596153846154 0.36658653846153844 0.05048076923076923 0.08413461538461539
1 0.7572115384615384 0.2824519230769231 0.10576923076923077 0.0673076923076923
1 0.9411057692307693 0.2644230769230769 0.11538461538461539 0.057692307692307696
1 0.9663461538461539 0.14182692307692307 0.0673076923076923 0.08653846153846154
1 0.765625 0.6574519230769231 0.1466346153846154 0.08173076923076923
1 0.22235576923076922 0.7487980769230769 0.10817307692307693 0.052884615384615384