0 0.056490384615384616 0.375 0.11298076923076923 0.04326923076923077
0 0.5360576923076923 0.2620192307692308 0.18509615384615385 0.08173076923076923
0 0.6502403846153846 0.15264423076923078 0.14182692307692307 0.10576923076923077
0 0.8052884615384616 0.027644230769230768 0.22596153846153846 0.055288461538461536
0 0.8846153846153846 0.1778846153846154 0.14423076923076922 0.15384615384615385
0 0.12740384615384615 0.5793269230769231 0.19471153846153846 0.07692307692307693
0 0.06009615384615385 0.7524038461538461 0.1201923076923077 0.11538461538461539
0 0.23557692307692307 0.7836538461538461 0.13942307692307693 0.10817307692307693
0 0.27884615384615385 0.6201923076923077 0.1201923076923077 0.13942307692307693
0 0.5745192307692307 0.9555288461538461 0.15144230769230768 0.0889423076923077
0 0.3918269230769231 0.9242788461538461 0.10576923076923077 0.05048076923076923
0 0.41466346153846156 0.8497596153846154 0.125 0.057692307692307696