1 0.3629807692307692 0.01201923076923077 0.0625 0.02403846153846154
1 0.28966346153846156 0.21875 0.0673076923076923 0.12259615384615384
0 0.6995192307692307 0.052884615384615384 0.057692307692307696 0.10576923076923077
0 0.030048076923076924 0.3786057692307692 0.036057692307692304 0.052884615384615384
0 0.09375 0.38100961538461536 0.0673076923076923 0.10336538461538461
0 0.15865384615384615 0.484375 0.07451923076923077 0.16105769230769232
0 0.23918269230769232 0.6550480769230769 0.08653846153846154 0.07692307692307693
0 0.013221153846153846 0.6225961538461539 0.026442307692307692 0.12980769230769232
0 0.04326923076923077 0.7367788461538461 0.038461538461538464 0.07211538461538461
1 0.6213942307692307 0.5300480769230769 0.07451923076923077 0.12980769230769232
1 0.6790865384615384 0.6430288461538461 0.04807692307692308 0.0673076923076923
1 0.8257211538461539 0.6778846153846154 0.0673076923076923 0.11778846153846154