0 0.056490384615384616 0.38100961538461536 0.07451923076923077 0.04567307692307692
0 0.09615384615384616 0.28725961538461536 0.11057692307692307 0.057692307692307696
0 0.09375 0.15985576923076922 0.07451923076923077 0.04567307692307692
0 0.2247596153846154 0.20072115384615385 0.16346153846153846 0.06490384615384616
0 0.2692307692307692 0.27163461538461536 0.057692307692307696 0.028846153846153848
0 0.28846153846153844 0.3557692307692308 0.0625 0.052884615384615384
1 0.4879807692307692 0.45072115384615385 0.14423076923076922 0.07932692307692307
1 0.3545673076923077 0.6153846153846154 0.06971153846153846 0.0673076923076923
1 0.5252403846153846 0.5817307692307693 0.125 0.07451923076923077
1 0.6105769230769231 0.5144230769230769 0.1201923076923077 0.052884615384615384
1 0.7043269230769231 0.6153846153846154 0.125 0.07692307692307693
1 0.8100961538461539 0.6838942307692307 0.11538461538461539 0.05048076923076923
1 0.8305288461538461 0.47115384615384615 0.14423076923076922 0.0673076923076923
1 0.8569711538461539 0.3858173076923077 0.1346153846153846 0.08653846153846154
1 0.9579326923076923 0.28846153846153844 0.08413461538461539 0.07692307692307693
1 0.7115384615384616 0.7355769230769231 0.10096153846153846 0.052884615384615384
1 0.8004807692307693 0.7331730769230769 0.11538461538461539 0.04807692307692308