1 0.47596153846153844 0.04447115384615385 0.038461538461538464 0.07692307692307693
1 0.5757211538461539 0.054086538461538464 0.04567307692307692 0.07932692307692307
1 0.5673076923076923 0.17307692307692307 0.040865384615384616 0.06971153846153846
1 0.5264423076923077 0.18028846153846154 0.055288461538461536 0.07932692307692307
1 0.4375 0.203125 0.05048076923076923 0.08653846153846154
1 0.3329326923076923 0.2091346153846154 0.04567307692307692 0.09134615384615384
1 0.23557692307692307 0.21875 0.04807692307692308 0.07211538461538461
1 0.30528846153846156 0.078125 0.038461538461538464 0.06490384615384616
1 0.5 0.30288461538461536 0.038461538461538464 0.07211538461538461
0 0.38100961538461536 0.12620192307692307 0.038461538461538464 0.14423076923076922
0 0.5829326923076923 0.3894230769230769 0.03125 0.07692307692307693
0 0.96875 0.6225961538461539 0.0625 0.15384615384615385