1 0.8581730769230769 0.33052884615384615 0.10096153846153846 0.04807692307692308
1 0.8473557692307693 0.39663461538461536 0.0985576923076923 0.0625
1 0.8197115384615384 0.4831730769230769 0.10096153846153846 0.0673076923076923
1 0.1971153846153846 0.90625 0.08173076923076923 0.07211538461538461
0 0.6358173076923077 0.7560096153846154 0.13701923076923078 0.03365384615384615
0 0.8088942307692307 0.7884615384615384 0.12740384615384615 0.05048076923076923
1 0.9591346153846154 0.6117788461538461 0.08173076923076923 0.04567307692307692
1 0.8317307692307693 0.6201923076923077 0.11538461538461539 0.0625
1 0.8978365384615384 0.6875 0.11778846153846154 0.0625
1 0.8076923076923077 0.7487980769230769 0.08173076923076923 0.04326923076923077
1 0.7103365384615384 0.6598557692307693 0.10096153846153846 0.06490384615384616
1 0.5348557692307693 0.8930288461538461 0.11298076923076923 0.05048076923076923
1 0.6850961538461539 0.828125 0.08173076923076923 0.04567307692307692
1 0.5516826923076923 0.8004807692307693 0.11538461538461539 0.055288461538461536
1 0.5516826923076923 0.6923076923076923 0.10096153846153846 0.04807692307692308
1 0.4567307692307692 0.6322115384615384 0.07211538461538461 0.04807692307692308
1 0.5757211538461539 0.6129807692307693 0.0985576923076923 0.04807692307692308