1 0.21995192307692307 0.4855769230769231 0.04927884615384615 0.09014423076923077
1 0.2644230769230769 0.4879807692307692 0.05048076923076923 0.11298076923076923
1 0.3112980769230769 0.48677884615384615 0.04807692307692308 0.07932692307692307
1 0.34975961538461536 0.4891826923076923 0.046875 0.07572115384615384
1 0.31009615384615385 0.3245192307692308 0.052884615384615384 0.09014423076923077
1 0.4050480769230769 0.21394230769230768 0.057692307692307696 0.10096153846153846
1 0.5408653846153846 0.0625 0.04447115384615385 0.08653846153846154
1 0.5456730769230769 0.22956730769230768 0.06850961538461539 0.11177884615384616
1 0.5588942307692307 0.3449519230769231 0.046875 0.07572115384615384
1 0.5516826923076923 0.4098557692307692 0.05048076923076923 0.06610576923076923
1 0.5444711538461539 0.48197115384615385 0.055288461538461536 0.09134615384615384
1 0.4423076923076923 0.578125 0.0625 0.09134615384615384
1 0.4230769230769231 0.6394230769230769 0.04567307692307692 0.08533653846153846
1 0.33413461538461536 0.5949519230769231 0.055288461538461536 0.11177884615384616
1 0.3894230769230769 0.6033653846153846 0.0625 0.0985576923076923
1 0.39302884615384615 0.7788461538461539 0.055288461538461536 0.0889423076923077