1 0.21394230769230768 0.16826923076923078 0.11778846153846154 0.057692307692307696
1 0.23197115384615385 0.22596153846153846 0.09375 0.04807692307692308
1 0.3076923076923077 0.28365384615384615 0.09375 0.0625
1 0.21394230769230768 0.29447115384615385 0.07692307692307693 0.052884615384615384
1 0.11899038461538461 0.33774038461538464 0.06971153846153846 0.04807692307692308
0 0.23317307692307693 0.4098557692307692 0.13942307692307693 0.057692307692307696
0 0.2764423076923077 0.3485576923076923 0.0625 0.07692307692307693
0 0.09254807692307693 0.18509615384615385 0.10096153846153846 0.0673076923076923
0 0.010817307692307692 0.25961538461538464 0.021634615384615384 0.0673076923076923
1 0.9651442307692307 0.04927884615384615 0.0673076923076923 0.03365384615384615
1 0.7836538461538461 0.04447115384615385 0.07211538461538461 0.03365384615384615
1 0.7019230769230769 0.014423076923076924 0.08173076923076923 0.028846153846153848
1 0.9086538461538461 0.9182692307692307 0.10096153846153846 0.05048076923076923