0 0.12740384615384615 0.27884615384615385 0.06009615384615385 0.028846153846153848
0 0.22956730769230768 0.13942307692307693 0.1658653846153846 0.09615384615384616
0 0.33413461538461536 0.04447115384615385 0.10576923076923077 0.057692307692307696
0 0.47836538461538464 0.11658653846153846 0.08413461538461539 0.052884615384615384
0 0.4110576923076923 0.26802884615384615 0.10817307692307693 0.0625
0 0.47475961538461536 0.3894230769230769 0.0625 0.04326923076923077
0 0.2668269230769231 0.4831730769230769 0.12980769230769232 0.052884615384615384
1 0.6478365384615384 0.32091346153846156 0.06009615384615385 0.04567307692307692
0 0.734375 0.43149038461538464 0.15625 0.08653846153846154
1 0.08774038461538461 0.9699519230769231 0.17548076923076922 0.06009615384615385
1 0.09254807692307693 0.8870192307692307 0.16346153846153846 0.05048076923076923
1 0.8112980769230769 0.9855769230769231 0.0985576923076923 0.028846153846153848