0 0.18990384615384615 0.47475961538461536 0.057692307692307696 0.026442307692307692
0 0.19951923076923078 0.37259615384615385 0.0625 0.10336538461538461
0 0.2920673076923077 0.2776442307692308 0.052884615384615384 0.14423076923076922
0 0.4206730769230769 0.3449519230769231 0.07692307692307693 0.0625
1 0.5084134615384616 0.96875 0.06009615384615385 0.0625
1 0.4326923076923077 0.9567307692307693 0.04326923076923077 0.07932692307692307
1 0.40865384615384615 0.8822115384615384 0.04807692307692308 0.07211538461538461
1 0.4387019230769231 0.8545673076923077 0.04326923076923077 0.08173076923076923
1 0.5144230769230769 0.8293269230769231 0.0625 0.057692307692307696
1 0.6057692307692307 0.8966346153846154 0.055288461538461536 0.10096153846153846
1 0.5697115384615384 0.8341346153846154 0.05048076923076923 0.09134615384615384
1 0.6262019230769231 0.8161057692307693 0.05048076923076923 0.11057692307692307
1 0.6670673076923077 0.7716346153846154 0.04567307692307692 0.08173076923076923
1 0.5372596153846154 0.5612980769230769 0.05048076923076923 0.08173076923076923
1 0.4182692307692308 0.6526442307692307 0.0625 0.10336538461538461
1 0.5372596153846154 0.7247596153846154 0.05048076923076923 0.07211538461538461
1 0.9375 0.8762019230769231 0.057692307692307696 0.10336538461538461