1 0.375 0.05048076923076923 0.07572115384615384 0.10096153846153846
1 0.46634615384615385 0.21754807692307693 0.08052884615384616 0.14543269230769232
1 0.5480769230769231 0.3245192307692308 0.07451923076923077 0.13221153846153846
1 0.6418269230769231 0.4182692307692308 0.06370192307692307 0.10697115384615384
1 0.3870192307692308 0.2932692307692308 0.06370192307692307 0.11177884615384616
1 0.3076923076923077 0.15865384615384615 0.055288461538461536 0.10576923076923077
1 0.1935096153846154 0.2776442307692308 0.06610576923076923 0.10576923076923077
1 0.3016826923076923 0.34975961538461536 0.051682692307692304 0.11177884615384616
1 0.18509615384615385 0.453125 0.09134615384615384 0.13822115384615385
1 0.28125 0.5108173076923077 0.078125 0.13822115384615385
1 0.2608173076923077 0.6959134615384616 0.06129807692307692 0.109375
1 0.4014423076923077 0.7139423076923077 0.0829326923076923 0.1346153846153846
1 0.35336538461538464 0.9206730769230769 0.07932692307692307 0.14903846153846154
0 0.5516826923076923 0.0733173076923077 0.1310096153846154 0.14423076923076922
0 0.5913461538461539 0.7391826923076923 0.10336538461538461 0.19831730769230768
0 0.1658653846153846 0.0985576923076923 0.12139423076923077 0.17427884615384615
0 0.17908653846153846 0.7680288461538461 0.11778846153846154 0.23557692307692307
0 0.40384615384615385 0.4254807692307692 0.1045673076923077 0.16466346153846154
0 0.46634615384615385 0.6177884615384616 0.140625 0.19951923076923078
0 0.49038461538461536 0.90625 0.06971153846153846 0.18269230769230768