1 0.7680288461538461 0.37259615384615385 0.06009615384615385 0.08173076923076923
1 0.6995192307692307 0.38341346153846156 0.0673076923076923 0.0889423076923077
1 0.5865384615384616 0.41466346153846156 0.052884615384615384 0.026442307692307692
1 0.7860576923076923 0.9399038461538461 0.052884615384615384 0.1201923076923077
1 0.6346153846153846 0.6995192307692307 0.07692307692307693 0.11538461538461539
1 0.7235576923076923 0.5841346153846154 0.06009615384615385 0.10336538461538461
1 0.8028846153846154 0.5192307692307693 0.07211538461538461 0.1201923076923077
1 0.9074519230769231 0.5588942307692307 0.055288461538461536 0.10576923076923077
0 0.7043269230769231 0.8581730769230769 0.12980769230769232 0.19951923076923078
0 0.8413461538461539 0.7584134615384616 0.09375 0.2548076923076923
0 0.9699519230769231 0.6490384615384616 0.06009615384615385 0.16826923076923078