1 0.18028846153846154 0.02283653846153846 0.07211538461538461 0.04567307692307692
1 0.0673076923076923 0.03485576923076923 0.0673076923076923 0.06971153846153846
1 0.028846153846153848 0.22716346153846154 0.057692307692307696 0.13221153846153846
1 0.13942307692307693 0.1971153846153846 0.08653846153846154 0.125
0 0.41346153846153844 0.10576923076923077 0.10096153846153846 0.21153846153846154
0 0.4110576923076923 0.28125 0.1346153846153846 0.09615384615384616
0 0.3016826923076923 0.12860576923076922 0.125 0.12980769230769232
0 0.2439903846153846 0.25961538461538464 0.12259615384615384 0.13942307692307693
1 0.9591346153846154 0.30528846153846156 0.052884615384615384 0.04807692307692308
1 0.9050480769230769 0.21634615384615385 0.06490384615384616 0.10817307692307693
1 0.07692307692307693 0.375 0.07211538461538461 0.09134615384615384
1 0.015625 0.5384615384615384 0.03125 0.1201923076923077
1 0.11057692307692307 0.5348557692307693 0.0625 0.12259615384615384
1 0.04927884615384615 0.8040865384615384 0.08173076923076923 0.1466346153846154
1 0.14903846153846154 0.9747596153846154 0.11538461538461539 0.05048076923076923
0 0.17908653846153846 0.34134615384615385 0.06971153846153846 0.02403846153846154
0 0.21754807692307693 0.46033653846153844 0.038461538461538464 0.08413461538461539
0 0.18629807692307693 0.7043269230769231 0.07211538461538461 0.12980769230769232
0 0.31490384615384615 0.5673076923076923 0.08653846153846154 0.16346153846153846
0 0.29447115384615385 0.8245192307692307 0.09615384615384616 0.1875
1 0.9747596153846154 0.671875 0.04807692307692308 0.08173076923076923