0 0.3918269230769231 0.37740384615384615 0.12980769230769232 0.07692307692307693
0 0.4675480769230769 0.07692307692307693 0.08413461538461539 0.0625
0 0.34375 0.06129807692307692 0.08653846153846154 0.07211538461538461
0 0.2692307692307692 0.2536057692307692 0.07211538461538461 0.04326923076923077
1 0.8990384615384616 0.5180288461538461 0.08173076923076923 0.021634615384615384
1 0.875 0.45072115384615385 0.07692307692307693 0.04807692307692308
1 0.7764423076923077 0.5072115384615384 0.0673076923076923 0.04326923076923077
1 0.8665865384615384 0.34375 0.08173076923076923 0.04807692307692308
1 0.9783653846153846 0.3125 0.04326923076923077 0.04326923076923077
1 0.8461538461538461 0.24879807692307693 0.08173076923076923 0.04807692307692308
0 0.9399038461538461 0.3858173076923077 0.1201923076923077 0.03125
1 0.4423076923076923 0.7487980769230769 0.10096153846153846 0.038461538461538464
1 0.4483173076923077 0.7043269230769231 0.0889423076923077 0.05048076923076923
1 0.41225961538461536 0.6213942307692307 0.10576923076923077 0.057692307692307696
1 0.3161057692307692 0.6766826923076923 0.07692307692307693 0.04807692307692308
1 0.40384615384615385 0.5360576923076923 0.10096153846153846 0.014423076923076924
0 0.21995192307692307 0.7932692307692307 0.125 0.08653846153846154
0 0.4579326923076923 0.5612980769230769 0.10336538461538461 0.036057692307692304