1 0.30408653846153844 0.021634615384615384 0.06009615384615385 0.04326923076923077
1 0.19831730769230768 0.014423076923076924 0.040865384615384616 0.028846153846153848
1 0.34975961538461536 0.4326923076923077 0.057692307692307696 0.0985576923076923
1 0.2668269230769231 0.3629807692307692 0.052884615384615384 0.08653846153846154
1 0.07211538461538461 0.359375 0.057692307692307696 0.07932692307692307
1 0.016826923076923076 0.43990384615384615 0.03365384615384615 0.07211538461538461
1 0.13822115384615385 0.41586538461538464 0.06009615384615385 0.09615384615384616
1 0.20793269230769232 0.5492788461538461 0.04326923076923077 0.08653846153846154
1 0.3004807692307692 0.5492788461538461 0.052884615384615384 0.09134615384615384
1 0.20072115384615385 0.6598557692307693 0.038461538461538464 0.07211538461538461
1 0.15384615384615385 0.671875 0.05048076923076923 0.08653846153846154
1 0.06490384615384616 0.6971153846153846 0.052884615384615384 0.10096153846153846
1 0.12860576923076922 0.7908653846153846 0.038461538461538464 0.08173076923076923
0 0.010817307692307692 0.6177884615384616 0.021634615384615384 0.13942307692307693
0 0.38221153846153844 0.3870192307692308 0.052884615384615384 0.09615384615384616
0 0.23918269230769232 0.8930288461538461 0.07692307692307693 0.11298076923076923
0 0.8365384615384616 0.34615384615384615 0.04326923076923077 0.052884615384615384