1 0.12980769230769232 0.016826923076923076 0.09134615384615384 0.03365384615384615
1 0.18269230769230768 0.08413461538461539 0.07692307692307693 0.04567307692307692
1 0.1141826923076923 0.18389423076923078 0.07211538461538461 0.04567307692307692
1 0.018028846153846152 0.07572115384615384 0.036057692307692304 0.040865384615384616
0 0.9459134615384616 0.3473557692307692 0.10817307692307693 0.040865384615384616
0 0.49399038461538464 0.8389423076923077 0.05048076923076923 0.038461538461538464
0 0.4831730769230769 0.7620192307692307 0.07211538461538461 0.07211538461538461
0 0.43509615384615385 0.9567307692307693 0.16826923076923078 0.08653846153846154
0 0.34134615384615385 0.6129807692307693 0.11057692307692307 0.04807692307692308
0 0.7175480769230769 0.9194711538461539 0.08653846153846154 0.08653846153846154
0 0.6310096153846154 0.9338942307692307 0.10576923076923077 0.07211538461538461