1 0.5961538461538461 0.11298076923076923 0.0673076923076923 0.038461538461538464
1 0.5216346153846154 0.16947115384615385 0.07692307692307693 0.04326923076923077
1 0.4254807692307692 0.11778846153846154 0.09134615384615384 0.038461538461538464
1 0.30528846153846156 0.15144230769230768 0.07692307692307693 0.05048076923076923
1 0.16947115384615385 0.13581730769230768 0.08173076923076923 0.04807692307692308
1 0.25721153846153844 0.07451923076923077 0.09375 0.052884615384615384
1 0.25961538461538464 0.016826923076923076 0.08173076923076923 0.03365384615384615
1 0.3798076923076923 0.03245192307692308 0.057692307692307696 0.040865384615384616
1 0.4567307692307692 0.05889423076923077 0.06009615384615385 0.03125
1 0.5637019230769231 0.015625 0.055288461538461536 0.03125
1 0.9735576923076923 0.16346153846153846 0.052884615384615384 0.0625
1 0.9699519230769231 0.23798076923076922 0.06009615384615385 0.04807692307692308
1 0.9230769230769231 0.06490384615384616 0.10096153846153846 0.055288461538461536
1 0.8581730769230769 0.09975961538461539 0.09134615384615384 0.052884615384615384
1 0.8581730769230769 0.15504807692307693 0.06971153846153846 0.0673076923076923
1 0.8377403846153846 0.042067307692307696 0.10096153846153846 0.055288461538461536
1 0.7932692307692307 0.013221153846153846 0.07692307692307693 0.026442307692307692
1 0.7427884615384616 0.13341346153846154 0.07692307692307693 0.036057692307692304
1 0.8774038461538461 0.2283653846153846 0.07692307692307693 0.040865384615384616
1 0.9110576923076923 0.2608173076923077 0.07692307692307693 0.04807692307692308
1 0.6754807692307693 0.25240384615384615 0.09134615384615384 0.057692307692307696
0 0.45552884615384615 0.5276442307692307 0.1201923076923077 0.04326923076923077
0 0.5276442307692307 0.6298076923076923 0.15384615384615385 0.07211538461538461
0 0.36538461538461536 0.6009615384615384 0.06971153846153846 0.06971153846153846
0 0.18389423076923078 0.5588942307692307 0.0625 0.026442307692307692
0 0.14903846153846154 0.6454326923076923 0.11057692307692307 0.057692307692307696
0 0.3557692307692308 0.4651442307692308 0.09134615384615384 0.01201923076923077
0 0.09375 0.48197115384615385 0.10576923076923077 0.04567307692307692
0 0.8485576923076923 0.8605769230769231 0.1201923076923077 0.10576923076923077
0 0.9338942307692307 0.6826923076923077 0.09134615384615384 0.0889423076923077
0 0.7259615384615384 0.6706730769230769 0.14423076923076922 0.08653846153846154
0 0.6862980769230769 0.9230769230769231 0.11298076923076923 0.0625