1 0.16105769230769232 0.25 0.07211538461538461 0.12259615384615384
1 0.33774038461538464 0.2932692307692308 0.057692307692307696 0.11538461538461539
1 0.41225961538461536 0.09975961538461539 0.09134615384615384 0.13942307692307693
1 0.5024038461538461 0.28846153846153844 0.014423076923076924 0.11057692307692307
1 0.03125 0.2644230769230769 0.0625 0.19230769230769232
0 0.28365384615384615 0.37740384615384615 0.07211538461538461 0.0625
0 0.31490384615384615 0.06490384615384616 0.09615384615384616 0.12980769230769232
0 0.20673076923076922 0.03365384615384615 0.07211538461538461 0.0673076923076923
0 0.9819711538461539 0.057692307692307696 0.036057692307692304 0.11538461538461539
0 0.7596153846153846 0.09495192307692307 0.10576923076923077 0.18990384615384615
1 0.6514423076923077 0.375 0.0673076923076923 0.0673076923076923
0 0.4855769230769231 0.8317307692307693 0.04807692307692308 0.10576923076923077
1 0.7307692307692307 0.9387019230769231 0.057692307692307696 0.0985576923076923
1 0.6033653846153846 0.9002403846153846 0.038461538461538464 0.07211538461538461
1 0.7487980769230769 0.6875 0.0625 0.11538461538461539