0 0.052884615384615384 0.04927884615384615 0.10576923076923077 0.0985576923076923
0 0.24278846153846154 0.16105769230769232 0.08653846153846154 0.14423076923076922
0 0.010817307692307692 0.20072115384615385 0.021634615384615384 0.11298076923076923
0 0.010817307692307692 0.33774038461538464 0.021634615384615384 0.12259615384615384
0 0.08533653846153846 0.43028846153846156 0.04807692307692308 0.1201923076923077
1 0.8365384615384616 0.009615384615384616 0.04807692307692308 0.019230769230769232
1 0.7680288461538461 0.03245192307692308 0.04567307692307692 0.06490384615384616
1 0.9326923076923077 0.09615384615384616 0.038461538461538464 0.08413461538461539
1 0.9759615384615384 0.09134615384615384 0.04807692307692308 0.08173076923076923
1 0.9098557692307693 0.21033653846153846 0.04567307692307692 0.11298076923076923
1 0.9615384615384616 0.25240384615384615 0.052884615384615384 0.09134615384615384
1 0.9711538461538461 0.4230769230769231 0.057692307692307696 0.10096153846153846
0 0.3485576923076923 0.5697115384615384 0.09134615384615384 0.08173076923076923
0 0.17307692307692307 0.6237980769230769 0.10336538461538461 0.18269230769230768
0 0.3581730769230769 0.7415865384615384 0.057692307692307696 0.11057692307692307
0 0.5072115384615384 0.7536057692307693 0.04326923076923077 0.12740384615384615
0 0.7091346153846154 0.6778846153846154 0.07211538461538461 0.0889423076923077
0 0.6983173076923077 0.7560096153846154 0.0673076923076923 0.0889423076923077