0 0.06850961538461539 0.3088942307692308 0.08173076923076923 0.0673076923076923
0 0.08774038461538461 0.19110576923076922 0.13701923076923078 0.052884615384615384
0 0.019230769230769232 0.07692307692307693 0.038461538461538464 0.07211538461538461
0 0.10697115384615384 0.037259615384615384 0.1201923076923077 0.057692307692307696
0 0.4987980769230769 0.23557692307692307 0.12980769230769232 0.0625
0 0.5528846153846154 0.12740384615384615 0.1201923076923077 0.057692307692307696
0 0.5745192307692307 0.014423076923076924 0.09615384615384616 0.028846153846153848
1 0.054086538461538464 0.6959134615384616 0.10817307692307693 0.040865384615384616
1 0.17427884615384615 0.8040865384615384 0.07692307692307693 0.040865384615384616
0 0.4338942307692308 0.9134615384615384 0.06971153846153846 0.07692307692307693
0 0.41947115384615385 0.8028846153846154 0.040865384615384616 0.0625
0 0.5120192307692307 0.8846153846153846 0.1201923076923077 0.04807692307692308
0 0.44591346153846156 0.8509615384615384 0.09375 0.04326923076923077
0 0.5264423076923077 0.7920673076923077 0.11778846153846154 0.09134615384615384