1 0.5504807692307693 0.1778846153846154 0.02403846153846154 0.03365384615384615
1 0.07692307692307693 0.8509615384615384 0.09134615384615384 0.04807692307692308
1 0.025240384615384616 0.7307692307692307 0.05048076923076923 0.038461538461538464
1 0.08052884615384616 0.6526442307692307 0.08173076923076923 0.04567307692307692
1 0.16105769230769232 0.5949519230769231 0.07692307692307693 0.03365384615384615
1 0.13581730769230768 0.7235576923076923 0.10096153846153846 0.052884615384615384
1 0.27163461538461536 0.8846153846153846 0.07211538461538461 0.03365384615384615
1 0.15745192307692307 0.9314903846153846 0.09134615384615384 0.052884615384615384
1 0.2704326923076923 0.7860576923076923 0.06490384615384616 0.038461538461538464
1 0.25721153846153844 0.6875 0.0673076923076923 0.04326923076923077
1 0.28725961538461536 0.515625 0.0625 0.03365384615384615
1 0.42788461538461536 0.44711538461538464 0.0673076923076923 0.038461538461538464
1 0.41947115384615385 0.5456730769230769 0.09134615384615384 0.04567307692307692
1 0.41586538461538464 0.6466346153846154 0.09615384615384616 0.04326923076923077
1 0.3918269230769231 0.7355769230769231 0.07932692307692307 0.04807692307692308
1 0.3870192307692308 0.7776442307692307 0.06971153846153846 0.03365384615384615
1 0.5072115384615384 0.7139423076923077 0.0625 0.04326923076923077
0 0.3401442307692308 0.5901442307692307 0.13942307692307693 0.038461538461538464
0 0.17067307692307693 0.5600961538461539 0.15384615384615385 0.04807692307692308
0 0.10697115384615384 0.9711538461538461 0.09375 0.057692307692307696
0 0.6490384615384616 0.6274038461538461 0.11538461538461539 0.07451923076923077
0 0.5805288461538461 0.7716346153846154 0.08413461538461539 0.04807692307692308