0 0.11778846153846154 0.08533653846153846 0.07451923076923077 0.08653846153846154
0 0.1658653846153846 0.2704326923076923 0.038461538461538464 0.06009615384615385
0 0.08653846153846154 0.2956730769230769 0.057692307692307696 0.08653846153846154
0 0.23197115384615385 0.3245192307692308 0.036057692307692304 0.028846153846153848
0 0.6658653846153846 0.2932692307692308 0.07692307692307693 0.08653846153846154
0 0.6021634615384616 0.37259615384615385 0.06971153846153846 0.0673076923076923
0 0.6682692307692307 0.4675480769230769 0.038461538461538464 0.125
0 0.7391826923076923 0.5024038461538461 0.055288461538461536 0.13701923076923078
0 0.6610576923076923 0.71875 0.0625 0.16346153846153846
0 0.5528846153846154 0.7355769230769231 0.038461538461538464 0.13221153846153846
0 0.5108173076923077 0.5480769230769231 0.06009615384615385 0.16105769230769232
0 0.4074519230769231 0.6153846153846154 0.052884615384615384 0.1201923076923077