1 0.5865384615384616 0.2704326923076923 0.052884615384615384 0.09134615384615384
1 0.6634615384615384 0.21875 0.04567307692307692 0.07692307692307693
1 0.7632211538461539 0.28725961538461536 0.04567307692307692 0.07211538461538461
1 0.6550480769230769 0.3713942307692308 0.040865384615384616 0.016826923076923076
1 0.019230769230769232 0.47836538461538464 0.038461538461538464 0.10576923076923077
1 0.06009615384615385 0.4891826923076923 0.0673076923076923 0.0673076923076923
1 0.1466346153846154 0.3870192307692308 0.04326923076923077 0.014423076923076924
1 0.17067307692307693 0.4362980769230769 0.04807692307692308 0.07692307692307693
1 0.13942307692307693 0.46153846153846156 0.04807692307692308 0.07211538461538461
1 0.04326923076923077 0.5973557692307693 0.04807692307692308 0.07692307692307693
1 0.04326923076923077 0.7596153846153846 0.05048076923076923 0.07932692307692307
1 0.16105769230769232 0.6658653846153846 0.057692307692307696 0.10096153846153846