1 0.0985576923076923 0.33533653846153844 0.038461538461538464 0.026442307692307692
1 0.10817307692307693 0.27524038461538464 0.038461538461538464 0.0625
1 0.06009615384615385 0.11057692307692307 0.052884615384615384 0.09615384615384616
1 0.08173076923076923 0.016826923076923076 0.052884615384615384 0.03365384615384615
0 0.021634615384615384 0.23798076923076922 0.04326923076923077 0.11057692307692307
0 0.028846153846153848 0.03245192307692308 0.052884615384615384 0.06490384615384616
1 0.6466346153846154 0.018028846153846152 0.04326923076923077 0.036057692307692304
1 0.7548076923076923 0.015625 0.052884615384615384 0.03125
1 0.8497596153846154 0.02403846153846154 0.05048076923076923 0.04807692307692308
1 0.5853365384615384 0.07932692307692307 0.038461538461538464 0.0673076923076923
0 0.47836538461538464 0.18389423076923078 0.07211538461538461 0.11538461538461539
0 0.07091346153846154 0.44471153846153844 0.07692307692307693 0.11538461538461539
0 0.203125 0.42427884615384615 0.052884615384615384 0.1346153846153846
0 0.31009615384615385 0.38461538461538464 0.057692307692307696 0.07211538461538461
1 0.4110576923076923 0.5216346153846154 0.057692307692307696 0.15384615384615385
1 0.5144230769230769 0.5252403846153846 0.04567307692307692 0.08173076923076923