0 0.16346153846153846 0.057692307692307696 0.10336538461538461 0.0985576923076923
0 0.3245192307692308 0.014423076923076924 0.11057692307692307 0.028846153846153848
0 0.4639423076923077 0.016826923076923076 0.10096153846153846 0.03365384615384615
0 0.5576923076923077 0.0985576923076923 0.13221153846153846 0.04807692307692308
0 0.5024038461538461 0.23076923076923078 0.09134615384615384 0.0625
0 0.28365384615384615 0.2548076923076923 0.1346153846153846 0.09615384615384616
0 0.0733173076923077 0.22355769230769232 0.08653846153846154 0.07451923076923077
1 0.9579326923076923 0.0829326923076923 0.08413461538461539 0.055288461538461536
1 0.04326923076923077 0.6778846153846154 0.08653846153846154 0.057692307692307696
1 0.20793269230769232 0.6069711538461539 0.11057692307692307 0.06009615384615385
1 0.7932692307692307 0.8942307692307693 0.11057692307692307 0.0673076923076923
1 0.8040865384615384 0.7884615384615384 0.09134615384615384 0.055288461538461536