1 0.41346153846153844 0.43990384615384615 0.08653846153846154 0.019230769230769232
0 0.96875 0.40865384615384615 0.0625 0.08173076923076923
0 0.6454326923076923 0.12980769230769232 0.19471153846153846 0.13942307692307693
0 0.7055288461538461 0.30408653846153844 0.20192307692307693 0.09615384615384616
1 0.9230769230769231 0.15264423076923078 0.11778846153846154 0.0673076923076923
1 0.9447115384615384 0.3269230769230769 0.11057692307692307 0.0625
1 0.7584134615384616 0.4050480769230769 0.16346153846153846 0.07692307692307693
0 0.3870192307692308 0.8209134615384616 0.09134615384615384 0.11538461538461539
0 0.15625 0.5420673076923077 0.1875 0.10817307692307693
0 0.14423076923076922 0.9290865384615384 0.17307692307692307 0.09375
1 0.09615384615384616 0.8365384615384616 0.10096153846153846 0.07692307692307693
1 0.055288461538461536 0.6682692307692307 0.11057692307692307 0.07211538461538461
1 0.38822115384615385 0.703125 0.15144230769230768 0.08653846153846154
1 0.6334134615384616 0.6021634615384616 0.125 0.055288461538461536
1 0.8689903846153846 0.5252403846153846 0.07211538461538461 0.055288461538461536
1 0.9290865384615384 0.671875 0.10336538461538461 0.06009615384615385