1 0.20072115384615385 0.29927884615384615 0.0625 0.13942307692307693
1 0.04447115384615385 0.14543269230769232 0.055288461538461536 0.10576923076923077
0 0.01201923076923077 0.32211538461538464 0.02403846153846154 0.21153846153846154
0 0.12980769230769232 0.23557692307692307 0.10096153846153846 0.16826923076923078
1 0.5697115384615384 0.1778846153846154 0.04326923076923077 0.07692307692307693
1 0.7560096153846154 0.21394230769230768 0.06009615384615385 0.10096153846153846
1 0.6947115384615384 0.039663461538461536 0.0625 0.07932692307692307
1 0.02403846153846154 0.5576923076923077 0.04567307692307692 0.08653846153846154
1 0.07692307692307693 0.8341346153846154 0.052884615384615384 0.09615384615384616
1 0.21514423076923078 0.9759615384615384 0.04567307692307692 0.04807692307692308
1 0.21514423076923078 0.8245192307692307 0.0625 0.11298076923076923
1 0.22716346153846154 0.7055288461538461 0.052884615384615384 0.08173076923076923
1 0.22355769230769232 0.6466346153846154 0.04567307692307692 0.0673076923076923
1 0.21754807692307693 0.5721153846153846 0.057692307692307696 0.09134615384615384
1 0.11538461538461539 0.4735576923076923 0.0625 0.08653846153846154
1 0.018028846153846152 0.4675480769230769 0.036057692307692304 0.07932692307692307
1 0.055288461538461536 0.46274038461538464 0.057692307692307696 0.06971153846153846
1 0.5480769230769231 0.8990384615384616 0.04326923076923077 0.07692307692307693
1 0.734375 0.9350961538461539 0.06009615384615385 0.10096153846153846
1 0.6742788461538461 0.7439903846153846 0.0625 0.11298076923076923