1 0.27163461538461536 0.2091346153846154 0.06009615384615385 0.0889423076923077
1 0.35216346153846156 0.12379807692307693 0.06129807692307692 0.09735576923076923
1 0.4699519230769231 0.06490384615384616 0.038461538461538464 0.07692307692307693
1 0.5480769230769231 0.12980769230769232 0.056490384615384616 0.08774038461538461
1 0.6081730769230769 0.2127403846153846 0.04567307692307692 0.0733173076923077
1 0.6862980769230769 0.33774038461538464 0.04326923076923077 0.08173076923076923
1 0.5180288461538461 0.30528846153846156 0.03485576923076923 0.06971153846153846
1 0.4807692307692308 0.18509615384615385 0.06129807692307692 0.09254807692307693
1 0.41346153846153844 0.3137019230769231 0.038461538461538464 0.07692307692307693
1 0.3173076923076923 0.31850961538461536 0.04326923076923077 0.07451923076923077
1 0.421875 0.4326923076923077 0.03485576923076923 0.07211538461538461
1 0.46634615384615385 0.4411057692307692 0.051682692307692304 0.0889423076923077
1 0.5528846153846154 0.46634615384615385 0.04326923076923077 0.09134615384615384
1 0.65625 0.4675480769230769 0.054086538461538464 0.0889423076923077
1 0.7536057692307693 0.4795673076923077 0.042067307692307696 0.06129807692307692
1 0.49038461538461536 0.5637019230769231 0.04567307692307692 0.07572115384615384
0 0.22355769230769232 0.15625 0.09375 0.07932692307692307
0 0.6442307692307693 0.21153846153846154 0.040865384615384616 0.14423076923076922
0 0.6117788461538461 0.38341346153846156 0.028846153846153848 0.13581730769230768
0 0.38341346153846156 0.6658653846153846 0.07091346153846154 0.11298076923076923