1 0.5252403846153846 0.07572115384615384 0.14423076923076922 0.0985576923076923
1 0.5540865384615384 0.22115384615384615 0.1346153846153846 0.0673076923076923
1 0.5228365384615384 0.42427884615384615 0.125 0.08173076923076923
1 0.6622596153846154 0.4567307692307692 0.10336538461538461 0.0625
1 0.8209134615384616 0.34375 0.09375 0.0625
1 0.6334134615384616 0.3269230769230769 0.10576923076923077 0.06009615384615385
1 0.8016826923076923 0.21634615384615385 0.13942307692307693 0.0625
1 0.7235576923076923 0.07692307692307693 0.1201923076923077 0.09615384615384616
0 0.07572115384615384 0.7572115384615384 0.15144230769230768 0.10096153846153846
0 0.3245192307692308 0.7283653846153846 0.1875 0.10096153846153846
0 0.20673076923076922 0.6298076923076923 0.1201923076923077 0.04326923076923077
0 0.5012019230769231 0.8125 0.09615384615384616 0.07692307692307693