1 0.2692307692307692 0.21033653846153846 0.05048076923076923 0.10216346153846154
1 0.3485576923076923 0.12379807692307693 0.05048076923076923 0.09495192307692307
1 0.46875 0.0625 0.036057692307692304 0.06370192307692307
1 0.4795673076923077 0.18509615384615385 0.052884615384615384 0.09615384615384616
1 0.5480769230769231 0.1201923076923077 0.054086538461538464 0.09495192307692307
1 0.6045673076923077 0.21514423076923078 0.039663461538461536 0.0733173076923077
1 0.5168269230769231 0.30528846153846156 0.04326923076923077 0.06610576923076923
1 0.41225961538461536 0.3173076923076923 0.04807692307692308 0.06971153846153846
1 0.3173076923076923 0.32211538461538464 0.039663461538461536 0.08653846153846154
1 0.4230769230769231 0.4375 0.042067307692307696 0.08533653846153846
1 0.4675480769230769 0.4362980769230769 0.05048076923076923 0.08653846153846154
1 0.49278846153846156 0.5600961538461539 0.04447115384615385 0.09014423076923077
1 0.5528846153846154 0.46634615384615385 0.04326923076923077 0.09735576923076923
1 0.6586538461538461 0.4699519230769231 0.052884615384615384 0.08413461538461539
1 0.6875 0.33774038461538464 0.04326923076923077 0.06971153846153846
1 0.7524038461538461 0.4795673076923077 0.04447115384615385 0.08173076923076923
0 0.6117788461538461 0.3858173076923077 0.03485576923076923 0.13341346153846154
0 0.6418269230769231 0.2127403846153846 0.04447115384615385 0.12860576923076922
0 0.21995192307692307 0.14903846153846154 0.07692307692307693 0.08774038461538461
0 0.38221153846153844 0.6574519230769231 0.07932692307692307 0.09254807692307693