1 0.4182692307692308 0.14423076923076922 0.0625 0.12740384615384615
1 0.6310096153846154 0.21514423076923078 0.06009615384615385 0.10817307692307693
1 0.6899038461538461 0.3088942307692308 0.04326923076923077 0.07692307692307693
1 0.7163461538461539 0.18629807692307693 0.052884615384615384 0.10096153846153846
1 0.7644230769230769 0.17908653846153846 0.052884615384615384 0.08173076923076923
1 0.7728365384615384 0.0625 0.04807692307692308 0.08173076923076923
1 0.6682692307692307 0.05889423076923077 0.04807692307692308 0.08653846153846154
1 0.8665865384615384 0.0625 0.04807692307692308 0.08653846153846154
0 0.8016826923076923 0.4098557692307692 0.09134615384615384 0.14423076923076922
0 0.5865384615384616 0.13221153846153846 0.014423076923076924 0.15865384615384615
0 0.018028846153846152 0.7668269230769231 0.036057692307692304 0.10096153846153846