0 0.15985576923076922 0.4050480769230769 0.055288461538461536 0.026442307692307692
0 0.013221153846153846 0.29086538461538464 0.026442307692307692 0.04807692307692308
0 0.25240384615384615 0.33052884615384615 0.09134615384615384 0.04807692307692308
0 0.47716346153846156 0.1778846153846154 0.0985576923076923 0.07211538461538461
0 0.016826923076923076 0.6706730769230769 0.03365384615384615 0.0673076923076923
0 0.5024038461538461 0.9002403846153846 0.1201923076923077 0.04807692307692308
0 0.46153846153846156 0.9819711538461539 0.0673076923076923 0.036057692307692304
0 0.59375 0.9735576923076923 0.07211538461538461 0.052884615384615384
0 0.5072115384615384 0.78125 0.08653846153846154 0.0625
0 0.7932692307692307 0.7944711538461539 0.10817307692307693 0.0985576923076923
0 0.7836538461538461 0.9242788461538461 0.09615384615384616 0.04326923076923077
0 0.8629807692307693 0.9903846153846154 0.1346153846153846 0.019230769230769232