1 0.515625 0.16826923076923078 0.06490384615384616 0.04326923076923077
1 0.5324519230769231 0.036057692307692304 0.03125 0.057692307692307696
1 0.3173076923076923 0.026442307692307692 0.11057692307692307 0.052884615384615384
0 0.765625 0.17908653846153846 0.1201923076923077 0.0625
1 0.3137019230769231 0.5144230769230769 0.17067307692307693 0.09134615384615384
1 0.4879807692307692 0.6875 0.11538461538461539 0.08653846153846154
1 0.44711538461538464 0.8209134615384616 0.10576923076923077 0.052884615384615384
1 0.3641826923076923 0.7596153846153846 0.10096153846153846 0.052884615384615384
1 0.265625 0.8497596153846154 0.12980769230769232 0.07692307692307693
1 0.16466346153846154 0.9302884615384616 0.10096153846153846 0.06009615384615385
1 0.14903846153846154 0.7127403846153846 0.125 0.07211538461538461
1 0.11778846153846154 0.6201923076923077 0.125 0.07692307692307693
1 0.026442307692307692 0.53125 0.052884615384615384 0.07692307692307693
0 0.8689903846153846 0.6237980769230769 0.13221153846153846 0.04807692307692308