0 0.039663461538461536 0.53125 0.07932692307692307 0.052884615384615384
0 0.037259615384615384 0.39663461538461536 0.07451923076923077 0.08653846153846154
0 0.48197115384615385 0.10216346153846154 0.026442307692307692 0.07451923076923077
0 0.78125 0.23197115384615385 0.11538461538461539 0.07692307692307693
0 0.7608173076923077 0.3641826923076923 0.1346153846153846 0.052884615384615384
0 0.7019230769230769 0.4723557692307692 0.11298076923076923 0.057692307692307696
1 0.02283653846153846 0.6814903846153846 0.04567307692307692 0.03125
1 0.042067307692307696 0.859375 0.08173076923076923 0.040865384615384616
1 0.18870192307692307 0.8473557692307693 0.08173076923076923 0.04326923076923077
1 0.09615384615384616 0.7836538461538461 0.10096153846153846 0.055288461538461536
1 0.09014423076923077 0.71875 0.07692307692307693 0.040865384615384616