1 0.4651442307692308 0.09615384615384616 0.037259615384615384 0.06610576923076923
1 0.5649038461538461 0.055288461538461536 0.037259615384615384 0.054086538461538464
1 0.6358173076923077 0.14302884615384615 0.04567307692307692 0.08052884615384616
1 0.6923076923076923 0.22596153846153846 0.038461538461538464 0.08533653846153846
1 0.5204326923076923 0.1875 0.03125 0.06971153846153846
1 0.4723557692307692 0.2512019230769231 0.03485576923076923 0.06850961538461539
1 0.5709134615384616 0.3016826923076923 0.036057692307692304 0.05048076923076923
1 0.6334134615384616 0.33052884615384615 0.038461538461538464 0.06850961538461539
1 0.6706730769230769 0.46274038461538464 0.051682692307692304 0.0985576923076923
1 0.5901442307692307 0.5240384615384616 0.05889423076923077 0.09615384615384616
1 0.5420673076923077 0.38461538461538464 0.03365384615384615 0.06490384615384616
1 0.47716346153846156 0.4326923076923077 0.03365384615384615 0.07211538461538461
1 0.515625 0.5144230769230769 0.04807692307692308 0.08052884615384616
1 0.6550480769230769 0.609375 0.051682692307692304 0.08533653846153846