1 0.5252403846153846 0.12620192307692307 0.0673076923076923 0.1201923076923077
1 0.3161057692307692 0.28365384615384615 0.052884615384615384 0.10096153846153846
1 0.7427884615384616 0.06009615384615385 0.04807692307692308 0.08173076923076923
0 0.24278846153846154 0.7536057692307693 0.09134615384615384 0.11057692307692307
1 0.6706730769230769 0.5432692307692307 0.09134615384615384 0.15865384615384615
1 0.7884615384615384 0.5504807692307693 0.0673076923076923 0.15865384615384615
1 0.8978365384615384 0.5216346153846154 0.0673076923076923 0.09615384615384616
1 0.9266826923076923 0.6670673076923077 0.04326923076923077 0.11538461538461539
1 0.9855769230769231 0.6730769230769231 0.028846153846153848 0.16826923076923078
1 0.8413461538461539 0.7067307692307693 0.10096153846153846 0.125
1 0.7451923076923077 0.6766826923076923 0.06009615384615385 0.07692307692307693
1 0.7295673076923077 0.8461538461538461 0.04326923076923077 0.10096153846153846
1 0.8125 0.9038461538461539 0.057692307692307696 0.09615384615384616
1 0.8701923076923077 0.9747596153846154 0.0625 0.05048076923076923
1 0.9411057692307693 0.9134615384615384 0.08173076923076923 0.13221153846153846
1 0.9939903846153846 0.9326923076923077 0.01201923076923077 0.10096153846153846