1 0.052884615384615384 0.3269230769230769 0.04807692307692308 0.02403846153846154
1 0.1346153846153846 0.2824519230769231 0.04807692307692308 0.07692307692307693
0 0.9723557692307693 0.19951923076923078 0.055288461538461536 0.1778846153846154
1 0.7548076923076923 0.2824519230769231 0.08173076923076923 0.10096153846153846
1 0.8088942307692307 0.08173076923076923 0.0625 0.11538461538461539
1 0.6346153846153846 0.2536057692307692 0.07211538461538461 0.14423076923076922
1 0.6875 0.0625 0.0625 0.11298076923076923
1 0.5552884615384616 0.028846153846153848 0.09134615384615384 0.057692307692307696
0 0.10697115384615384 0.6466346153846154 0.0673076923076923 0.10576923076923077
0 0.8233173076923077 0.9194711538461539 0.1346153846153846 0.13942307692307693
0 0.8461538461538461 0.6322115384615384 0.07692307692307693 0.10576923076923077
0 0.7980769230769231 0.4795673076923077 0.11057692307692307 0.12740384615384615
0 0.7572115384615384 0.3942307692307692 0.1201923076923077 0.11057692307692307
0 0.9050480769230769 0.4723557692307692 0.10096153846153846 0.15865384615384615
0 0.8930288461538461 0.359375 0.10817307692307693 0.040865384615384616
1 0.6225961538461539 0.8221153846153846 0.0673076923076923 0.10096153846153846
1 0.5096153846153846 0.7740384615384616 0.07692307692307693 0.1201923076923077
1 0.43509615384615385 0.5192307692307693 0.07211538461538461 0.15384615384615385
1 0.5625 0.5961538461538461 0.07451923076923077 0.10817307692307693
1 0.6814903846153846 0.6201923076923077 0.06971153846153846 0.10817307692307693
1 0.6370192307692307 0.41346153846153844 0.08653846153846154 0.14903846153846154
1 0.5072115384615384 0.38822115384615385 0.07692307692307693 0.0985576923076923