0 0.27283653846153844 0.4735576923076923 0.0625 0.15144230769230768
0 0.2692307692307692 0.05889423076923077 0.07211538461538461 0.11778846153846154
0 0.24639423076923078 0.20552884615384615 0.0673076923076923 0.08653846153846154
0 0.16706730769230768 0.12139423076923077 0.04326923076923077 0.13221153846153846
0 0.04567307692307692 0.12980769230769232 0.07451923076923077 0.0889423076923077
0 0.0625 0.41346153846153844 0.09134615384615384 0.11057692307692307
0 0.1935096153846154 0.39783653846153844 0.052884615384615384 0.10817307692307693
1 0.6670673076923077 0.26322115384615385 0.0625 0.11538461538461539
1 0.734375 0.19230769230769232 0.0625 0.10576923076923077
1 0.027644230769230768 0.7848557692307693 0.055288461538461536 0.11298076923076923
1 0.1935096153846154 0.7872596153846154 0.0673076923076923 0.09134615384615384
1 0.04567307692307692 0.9567307692307693 0.057692307692307696 0.08653846153846154
1 0.1814903846153846 0.9651442307692307 0.055288461538461536 0.06971153846153846