1 0.6057692307692307 0.27884615384615385 0.10576923076923077 0.0625
1 0.5072115384615384 0.22355769230769232 0.08173076923076923 0.04326923076923077
1 0.4675480769230769 0.07211538461538461 0.10576923076923077 0.052884615384615384
1 0.9278846153846154 0.5060096153846154 0.125 0.09134615384615384
1 0.7536057692307693 0.5540865384615384 0.11298076923076923 0.03125
0 0.8004807692307693 0.22956730769230768 0.21634615384615385 0.12740384615384615
0 0.8798076923076923 0.40865384615384615 0.19230769230769232 0.09134615384615384
0 0.1622596153846154 0.8762019230769231 0.17548076923076922 0.10576923076923077
0 0.35096153846153844 0.9555288461538461 0.1778846153846154 0.0889423076923077
0 0.039663461538461536 0.9399038461538461 0.07932692307692307 0.07692307692307693
1 0.6105769230769231 0.96875 0.09615384615384616 0.0625
1 0.5288461538461539 0.8810096153846154 0.1466346153846154 0.07692307692307693
1 0.4254807692307692 0.8040865384615384 0.1201923076923077 0.07692307692307693
1 0.7728365384615384 0.7247596153846154 0.1201923076923077 0.0673076923076923