0 0.30408653846153844 0.04326923076923077 0.08413461538461539 0.08653846153846154
0 0.4206730769230769 0.06490384615384616 0.06971153846153846 0.10817307692307693
0 0.38341346153846156 0.2247596153846154 0.038461538461538464 0.08413461538461539
0 0.41346153846153844 0.4362980769230769 0.07211538461538461 0.06490384615384616
0 0.2860576923076923 0.3317307692307692 0.08653846153846154 0.16346153846153846
1 0.6346153846153846 0.3293269230769231 0.038461538461538464 0.07692307692307693
1 0.49158653846153844 0.3701923076923077 0.04567307692307692 0.08653846153846154
1 0.6887019230769231 0.21634615384615385 0.0625 0.1346153846153846
1 0.3701923076923077 0.4987980769230769 0.04807692307692308 0.06009615384615385
1 0.8605769230769231 0.6033653846153846 0.06009615384615385 0.125
1 0.9699519230769231 0.6646634615384616 0.06009615384615385 0.1466346153846154
1 0.9314903846153846 0.8870192307692307 0.0625 0.10576923076923077
0 0.5877403846153846 0.6201923076923077 0.125 0.2932692307692308