1 0.8004807692307693 0.3641826923076923 0.1201923076923077 0.0625
1 0.796875 0.2620192307692308 0.09134615384615384 0.04326923076923077
1 0.25600961538461536 0.7692307692307693 0.08653846153846154 0.057692307692307696
1 0.8653846153846154 0.7295673076923077 0.10096153846153846 0.0625
1 0.5456730769230769 0.6911057692307693 0.09375 0.06971153846153846
1 0.6081730769230769 0.8209134615384616 0.07692307692307693 0.057692307692307696
1 0.8317307692307693 0.8197115384615384 0.07692307692307693 0.04807692307692308
1 0.484375 0.9675480769230769 0.07692307692307693 0.04326923076923077
0 0.7668269230769231 0.7103365384615384 0.125 0.057692307692307696
0 0.65625 0.9206730769230769 0.1346153846153846 0.0673076923076923
0 0.6971153846153846 0.9747596153846154 0.14903846153846154 0.05048076923076923