0 0.6923076923076923 0.25600961538461536 0.04807692307692308 0.11538461538461539
0 0.5240384615384616 0.25 0.028846153846153848 0.09134615384615384
1 0.0625 0.515625 0.057692307692307696 0.03125
1 0.11177884615384616 0.5901442307692307 0.040865384615384616 0.08173076923076923
1 0.203125 0.5889423076923077 0.04326923076923077 0.06971153846153846
1 0.3076923076923077 0.578125 0.04326923076923077 0.0673076923076923
1 0.21634615384615385 0.7055288461538461 0.040865384615384616 0.07451923076923077
1 0.25961538461538464 0.7103365384615384 0.052884615384615384 0.08173076923076923
1 0.3425480769230769 0.7355769230769231 0.04807692307692308 0.07692307692307693
1 0.2824519230769231 0.8341346153846154 0.04807692307692308 0.0673076923076923
1 0.4495192307692308 0.7439903846153846 0.04807692307692308 0.08173076923076923
1 0.4795673076923077 0.6153846153846154 0.04326923076923077 0.07451923076923077
1 0.40384615384615385 0.5120192307692307 0.03365384615384615 0.02403846153846154
0 0.4074519230769231 0.6610576923076923 0.03125 0.13701923076923078
0 0.4326923076923077 0.5276442307692307 0.052884615384615384 0.055288461538461536
0 0.17548076923076922 0.9375 0.08173076923076923 0.10096153846153846