1 0.6177884615384616 0.2512019230769231 0.10576923076923077 0.17067307692307693
1 0.4375 0.07692307692307693 0.08653846153846154 0.11538461538461539
1 0.30408653846153844 0.11778846153846154 0.052884615384615384 0.10576923076923077
1 0.36538461538461536 0.20072115384615385 0.052884615384615384 0.10096153846153846
1 0.27524038461538464 0.29927884615384615 0.07692307692307693 0.12980769230769232
1 0.19471153846153846 0.40024038461538464 0.06009615384615385 0.10096153846153846
1 0.41225961538461536 0.41586538461538464 0.07211538461538461 0.125
1 0.5048076923076923 0.44711538461538464 0.07692307692307693 0.125
1 0.7596153846153846 0.04807692307692308 0.057692307692307696 0.09615384615384616
1 0.9038461538461539 0.02403846153846154 0.04326923076923077 0.04807692307692308
1 0.48197115384615385 0.6682692307692307 0.06971153846153846 0.11538461538461539
1 0.4254807692307692 0.7788461538461539 0.052884615384615384 0.0889423076923077
1 0.27403846153846156 0.8161057692307693 0.0673076923076923 0.11057692307692307