0 0.3557692307692308 0.6117788461538461 0.06490384615384616 0.15384615384615385
0 0.39783653846153844 0.4855769230769231 0.06009615384615385 0.09615384615384616
0 0.3269230769230769 0.41346153846153844 0.04567307692307692 0.10336538461538461
0 0.17668269230769232 0.5504807692307693 0.0625 0.10096153846153846
0 0.20432692307692307 0.35216346153846156 0.10096153846153846 0.10096153846153846
0 0.296875 0.49038461538461536 0.05048076923076923 0.11778846153846154
0 0.9423076923076923 0.6947115384615384 0.052884615384615384 0.08653846153846154
0 0.8786057692307693 0.3894230769230769 0.07932692307692307 0.14903846153846154
0 0.8269230769230769 0.6009615384615384 0.03125 0.0625
0 0.8846153846153846 0.5348557692307693 0.04807692307692308 0.08173076923076923
0 0.7896634615384616 0.6802884615384616 0.04807692307692308 0.0673076923076923
1 0.7235576923076923 0.7079326923076923 0.052884615384615384 0.06009615384615385
1 0.6466346153846154 0.7091346153846154 0.052884615384615384 0.057692307692307696
1 0.6971153846153846 0.6141826923076923 0.038461538461538464 0.08173076923076923
1 0.8533653846153846 0.6682692307692307 0.04326923076923077 0.0625
1 0.9170673076923077 0.6165865384615384 0.04567307692307692 0.07932692307692307
1 0.7235576923076923 0.4855769230769231 0.052884615384615384 0.08173076923076923
1 0.7884615384615384 0.359375 0.057692307692307696 0.10096153846153846
1 0.5528846153846154 0.9266826923076923 0.06009615384615385 0.11778846153846154
1 0.6586538461538461 0.9266826923076923 0.04567307692307692 0.08653846153846154