1 0.4579326923076923 0.3737980769230769 0.021634615384615384 0.05048076923076923
1 0.40384615384615385 0.12740384615384615 0.0673076923076923 0.04326923076923077
1 0.3918269230769231 0.23197115384615385 0.06971153846153846 0.04807692307692308
1 0.3870192307692308 0.3269230769230769 0.08653846153846154 0.038461538461538464
1 0.27163461538461536 0.22115384615384615 0.08653846153846154 0.04326923076923077
1 0.27283653846153844 0.17668269230769232 0.08653846153846154 0.05048076923076923
1 0.14903846153846154 0.15144230769230768 0.09134615384615384 0.04326923076923077
1 0.24278846153846154 0.09134615384615384 0.09615384615384616 0.04326923076923077
1 0.23918269230769232 0.006009615384615385 0.08413461538461539 0.01201923076923077
0 0.3233173076923077 0.03245192307692308 0.1346153846153846 0.03365384615384615
0 0.051682692307692304 0.2620192307692308 0.09134615384615384 0.07932692307692307
0 0.9735576923076923 0.038461538461538464 0.052884615384615384 0.038461538461538464
0 0.9038461538461539 0.08413461538461539 0.15144230769230768 0.057692307692307696
1 0.4026442307692308 0.9447115384615384 0.12980769230769232 0.0625
1 0.39302884615384615 0.8401442307692307 0.09134615384615384 0.052884615384615384
0 0.8161057692307693 0.7091346153846154 0.1201923076923077 0.0673076923076923