0 0.5865384615384616 0.4014423076923077 0.04567307692307692 0.12379807692307693
0 0.5048076923076923 0.21394230769230768 0.057692307692307696 0.15625
0 0.4735576923076923 0.36658653846153844 0.057692307692307696 0.10336538461538461
0 0.4543269230769231 0.45913461538461536 0.055288461538461536 0.08653846153846154
0 0.390625 0.3629807692307692 0.025240384615384616 0.12379807692307693
0 0.5144230769230769 0.5769230769230769 0.0733173076923077 0.13942307692307693
1 0.5576923076923077 0.24759615384615385 0.05048076923076923 0.08173076923076923
1 0.2764423076923077 0.23677884615384615 0.052884615384615384 0.08173076923076923
1 0.3401442307692308 0.3581730769230769 0.038461538461538464 0.06971153846153846
1 0.38341346153846156 0.24759615384615385 0.055288461538461536 0.07211538461538461
1 0.35216346153846156 0.5240384615384616 0.05048076923076923 0.08413461538461539
1 0.42427884615384615 0.6081730769230769 0.06009615384615385 0.09735576923076923
1 0.5348557692307693 0.3317307692307692 0.038461538461538464 0.06370192307692307