1 0.42788461538461536 0.41947115384615385 0.04326923076923077 0.040865384615384616
0 0.9182692307692307 0.3942307692307692 0.04326923076923077 0.09134615384615384
1 0.03365384615384615 0.8377403846153846 0.0673076923076923 0.12259615384615384
1 0.20432692307692307 0.8485576923076923 0.057692307692307696 0.11538461538461539
1 0.7427884615384616 0.9567307692307693 0.07211538461538461 0.08653846153846154
1 0.6009615384615384 0.8076923076923077 0.052884615384615384 0.1201923076923077
1 0.5084134615384616 0.9507211538461539 0.06009615384615385 0.0985576923076923
1 0.8389423076923077 0.7524038461538461 0.08413461538461539 0.12740384615384615
1 0.7319711538461539 0.5817307692307693 0.052884615384615384 0.1201923076923077
1 0.6394230769230769 0.578125 0.0625 0.125
1 0.9663461538461539 0.8894230769230769 0.0673076923076923 0.13942307692307693