0 0.046875 0.15144230769230768 0.04807692307692308 0.1201923076923077
0 0.14783653846153846 0.07211538461538461 0.07211538461538461 0.14423076923076922
0 0.12620192307692307 0.24278846153846154 0.0625 0.07211538461538461
0 0.07091346153846154 0.4326923076923077 0.04326923076923077 0.09615384615384616
0 0.15625 0.48197115384615385 0.057692307692307696 0.07451923076923077
0 0.7175480769230769 0.11057692307692307 0.10817307692307693 0.16346153846153846
0 0.8329326923076923 0.27524038461538464 0.11298076923076923 0.2644230769230769
0 0.5829326923076923 0.44711538461538464 0.11298076923076923 0.14423076923076922
1 0.6778846153846154 0.23798076923076922 0.07451923076923077 0.10576923076923077
1 0.6826923076923077 0.44350961538461536 0.07692307692307693 0.15144230769230768
1 0.5576923076923077 0.19110576923076922 0.07692307692307693 0.10817307692307693
1 0.53125 0.27163461538461536 0.02403846153846154 0.09134615384615384
1 0.016826923076923076 0.6466346153846154 0.03365384615384615 0.10576923076923077
1 0.12620192307692307 0.5889423076923077 0.052884615384615384 0.11057692307692307
1 0.20432692307692307 0.7223557692307693 0.04326923076923077 0.08173076923076923
1 0.2704326923076923 0.7596153846153846 0.04807692307692308 0.08653846153846154
1 0.10336538461538461 0.8329326923076923 0.04567307692307692 0.09134615384615384
1 0.05889423076923077 0.8245192307692307 0.04567307692307692 0.09134615384615384
1 0.12379807692307693 0.9483173076923077 0.052884615384615384 0.10336538461538461
1 0.07932692307692307 0.96875 0.0673076923076923 0.0625