1 0.5588942307692307 0.04807692307692308 0.037259615384615384 0.06850961538461539
1 0.6286057692307693 0.12980769230769232 0.04326923076923077 0.08173076923076923
1 0.6862980769230769 0.22115384615384615 0.04567307692307692 0.09254807692307693
1 0.6286057692307693 0.32572115384615385 0.05048076923076923 0.0829326923076923
1 0.5661057692307693 0.296875 0.037259615384615384 0.06009615384615385
1 0.5168269230769231 0.16706730769230768 0.03485576923076923 0.06370192307692307
1 0.46033653846153844 0.08533653846153846 0.042067307692307696 0.0625
1 0.46033653846153844 0.24759615384615385 0.03365384615384615 0.06850961538461539
1 0.5300480769230769 0.3762019230769231 0.038461538461538464 0.055288461538461536
1 0.46875 0.4254807692307692 0.039663461538461536 0.06129807692307692
1 0.5084134615384616 0.5096153846153846 0.051682692307692304 0.08774038461538461
1 0.578125 0.5108173076923077 0.056490384615384616 0.09495192307692307
1 0.6622596153846154 0.45913461538461536 0.04326923076923077 0.07692307692307693
1 0.6442307692307693 0.6057692307692307 0.051682692307692304 0.0829326923076923