1 0.01201923076923077 0.08653846153846154 0.02403846153846154 0.052884615384615384
1 0.30288461538461536 0.04807692307692308 0.0985576923076923 0.07211538461538461
1 0.26322115384615385 0.17548076923076922 0.09375 0.0625
1 0.026442307692307692 0.17427884615384615 0.052884615384615384 0.04567307692307692
1 0.35697115384615385 0.3233173076923077 0.08173076923076923 0.04326923076923077
0 0.08413461538461539 0.07091346153846154 0.125 0.057692307692307696
0 0.1814903846153846 0.2824519230769231 0.15384615384615385 0.05048076923076923
0 0.15144230769230768 0.33533653846153844 0.14423076923076922 0.05048076923076923
1 0.703125 0.484375 0.07451923076923077 0.036057692307692304
1 0.6274038461538461 0.4375 0.052884615384615384 0.038461538461538464
1 0.5384615384615384 0.49158653846153844 0.04807692307692308 0.028846153846153848
1 0.5072115384615384 0.38822115384615385 0.038461538461538464 0.036057692307692304
1 0.5853365384615384 0.32091346153846156 0.08413461538461539 0.04567307692307692
1 0.6706730769230769 0.2608173076923077 0.07211538461538461 0.04326923076923077
1 0.7740384615384616 0.32211538461538464 0.08653846153846154 0.038461538461538464
1 0.9086538461538461 0.2860576923076923 0.07211538461538461 0.04807692307692308
1 0.9555288461538461 0.36899038461538464 0.0889423076923077 0.055288461538461536
1 0.9579326923076923 0.4387019230769231 0.08413461538461539 0.040865384615384616
1 0.8786057692307693 0.4795673076923077 0.0625 0.038461538461538464
1 0.16826923076923078 0.5793269230769231 0.09615384615384616 0.019230769230769232
1 0.07572115384615384 0.6310096153846154 0.10336538461538461 0.057692307692307696
1 0.01201923076923077 0.7415865384615384 0.02403846153846154 0.03125
1 0.06490384615384616 0.7007211538461539 0.09134615384615384 0.04807692307692308
0 0.6057692307692307 0.6478365384615384 0.0673076923076923 0.08173076923076923