1 0.23798076923076922 0.25961538461538464 0.15144230769230768 0.08653846153846154
1 0.4543269230769231 0.12139423076923077 0.125 0.0625
0 0.4579326923076923 0.3762019230769231 0.3004807692307692 0.13701923076923078
0 0.0829326923076923 0.41346153846153844 0.1658653846153846 0.10096153846153846
0 0.04807692307692308 0.5216346153846154 0.09615384615384616 0.04807692307692308
0 0.5276442307692307 0.5588942307692307 0.16105769230769232 0.07932692307692307
1 0.7548076923076923 0.32572115384615385 0.07211538461538461 0.04326923076923077
1 0.6586538461538461 0.3798076923076923 0.10096153846153846 0.0673076923076923
1 0.7956730769230769 0.17307692307692307 0.10576923076923077 0.052884615384615384
1 0.22716346153846154 0.6826923076923077 0.07692307692307693 0.05048076923076923
1 0.6334134615384616 0.8269230769230769 0.05048076923076923 0.0625