1 0.6262019230769231 0.23557692307692307 0.026442307692307692 0.07692307692307693
1 0.6045673076923077 0.1814903846153846 0.04807692307692308 0.07692307692307693
1 0.5685096153846154 0.21514423076923078 0.04326923076923077 0.07211538461538461
1 0.6141826923076923 0.2980769230769231 0.04807692307692308 0.08413461538461539
1 0.5673076923076923 0.30528846153846156 0.04807692307692308 0.07692307692307693
0 0.7896634615384616 0.08653846153846154 0.06490384615384616 0.12740384615384615
1 0.5625 0.6971153846153846 0.0625 0.10096153846153846
1 0.5649038461538461 0.8918269230769231 0.06009615384615385 0.0985576923076923
0 0.9495192307692307 0.5360576923076923 0.09615384615384616 0.052884615384615384
0 0.96875 0.734375 0.0625 0.11778846153846154
0 0.8473557692307693 0.828125 0.0625 0.09134615384615384
0 0.7247596153846154 0.7067307692307693 0.057692307692307696 0.10576923076923077
0 0.6658653846153846 0.5709134615384616 0.052884615384615384 0.12259615384615384