1 0.4699519230769231 0.23918269230769232 0.039663461538461536 0.07211538461538461
1 0.5661057692307693 0.20192307692307693 0.04447115384615385 0.057692307692307696
1 0.6262019230769231 0.2800480769230769 0.038461538461538464 0.07451923076923077
1 0.6814903846153846 0.3581730769230769 0.04326923076923077 0.07572115384615384
1 0.6298076923076923 0.4543269230769231 0.037259615384615384 0.09254807692307693
1 0.6634615384615384 0.5745192307692307 0.05048076923076923 0.07692307692307693
1 0.6478365384615384 0.7103365384615384 0.04927884615384615 0.0829326923076923
1 0.5865384615384616 0.6225961538461539 0.052884615384615384 0.09375
1 0.5216346153846154 0.6201923076923077 0.046875 0.08052884615384616
1 0.4855769230769231 0.5432692307692307 0.03245192307692308 0.06370192307692307
1 0.5444711538461539 0.5 0.040865384615384616 0.057692307692307696
1 0.5709134615384616 0.4230769230769231 0.03125 0.06009615384615385
1 0.5252403846153846 0.31490384615384615 0.037259615384615384 0.055288461538461536
1 0.47836538461538464 0.38461538461538464 0.039663461538461536 0.06009615384615385