1 0.18389423076923078 0.3894230769230769 0.0625 0.10697115384615384
1 0.14302884615384615 0.2283653846153846 0.04807692307692308 0.078125
1 0.21995192307692307 0.08173076923076923 0.04567307692307692 0.07451923076923077
1 0.41947115384615385 0.234375 0.0625 0.11177884615384616
1 0.49399038461538464 0.25721153846153844 0.04447115384615385 0.07932692307692307
1 0.5204326923076923 0.3293269230769231 0.04807692307692308 0.07932692307692307
1 0.4891826923076923 0.36177884615384615 0.039663461538461536 0.08173076923076923
1 0.4170673076923077 0.3870192307692308 0.06490384615384616 0.06971153846153846
1 0.328125 0.3125 0.0625 0.10216346153846154
1 0.3016826923076923 0.40865384615384615 0.06370192307692307 0.10576923076923077
1 0.359375 0.3870192307692308 0.057692307692307696 0.10817307692307693
1 0.25841346153846156 0.4387019230769231 0.04567307692307692 0.08052884615384616
1 0.22355769230769232 0.47115384615384615 0.051682692307692304 0.08173076923076923
1 0.39302884615384615 0.49759615384615385 0.04447115384615385 0.09134615384615384
1 0.5120192307692307 0.5637019230769231 0.05889423076923077 0.1045673076923077
1 0.3954326923076923 0.6526442307692307 0.052884615384615384 0.08413461538461539