1 0.4963942307692308 0.4230769230769231 0.06490384615384616 0.057692307692307696
1 0.07932692307692307 0.4735576923076923 0.10336538461538461 0.057692307692307696
1 0.3401442307692308 0.3401442307692308 0.10096153846153846 0.052884615384615384
1 0.36658653846153844 0.19951923076923078 0.0889423076923077 0.07692307692307693
1 0.2439903846153846 0.09495192307692307 0.1201923076923077 0.10576923076923077
1 0.1346153846153846 0.18990384615384615 0.0985576923076923 0.07692307692307693
1 0.014423076923076924 0.22956730769230768 0.028846153846153848 0.06009615384615385
1 0.040865384615384616 0.09254807692307693 0.08173076923076923 0.07451923076923077
1 0.19110576923076922 0.3088942307692308 0.11057692307692307 0.0673076923076923
1 0.8028846153846154 0.09735576923076923 0.0985576923076923 0.057692307692307696
1 0.7259615384615384 0.20552884615384615 0.11538461538461539 0.06971153846153846
0 0.3088942307692308 0.9146634615384616 0.21153846153846154 0.08173076923076923
1 0.4182692307692308 0.8076923076923077 0.12259615384615384 0.0673076923076923
1 0.359375 0.6887019230769231 0.14423076923076922 0.09615384615384616
1 0.1310096153846154 0.7403846153846154 0.12740384615384615 0.07692307692307693