1 0.13942307692307693 0.22716346153846154 0.04807692307692308 0.07451923076923077
1 0.21995192307692307 0.08413461538461539 0.04927884615384615 0.08173076923076923
1 0.41947115384615385 0.22956730769230768 0.06009615384615385 0.10576923076923077
1 0.4951923076923077 0.25721153846153844 0.05048076923076923 0.0733173076923077
1 0.5180288461538461 0.328125 0.05048076923076923 0.0829326923076923
1 0.48677884615384615 0.3581730769230769 0.04447115384615385 0.07932692307692307
1 0.41586538461538464 0.3858173076923077 0.06490384615384616 0.06850961538461539
1 0.32572115384615385 0.32211538461538464 0.06610576923076923 0.109375
1 0.3581730769230769 0.38341346153846156 0.056490384615384616 0.09735576923076923
1 0.30408653846153844 0.39663461538461536 0.06129807692307692 0.09615384615384616
1 0.25841346153846156 0.4387019230769231 0.04447115384615385 0.07572115384615384
1 0.22115384615384615 0.47115384615384615 0.05048076923076923 0.08413461538461539
1 0.18509615384615385 0.3870192307692308 0.057692307692307696 0.10576923076923077
1 0.3918269230769231 0.4951923076923077 0.04326923076923077 0.08533653846153846
1 0.5120192307692307 0.5600961538461539 0.06490384615384616 0.09375
1 0.39302884615384615 0.6550480769230769 0.04326923076923077 0.07932692307692307