0 0.1875 0.4483173076923077 0.14423076923076922 0.040865384615384616
0 0.3942307692307692 0.4375 0.10096153846153846 0.04807692307692308
0 0.3125 0.4050480769230769 0.12740384615384615 0.04807692307692308
0 0.25 0.2860576923076923 0.10576923076923077 0.06971153846153846
0 0.12740384615384615 0.41225961538461536 0.12980769230769232 0.03365384615384615
0 0.4206730769230769 0.31009615384615385 0.057692307692307696 0.10096153846153846
0 0.4579326923076923 0.09975961538461539 0.016826923076923076 0.08413461538461539
0 0.6262019230769231 0.17067307692307693 0.0673076923076923 0.0889423076923077
0 0.040865384615384616 0.953125 0.08173076923076923 0.09375
0 0.19230769230769232 0.9927884615384616 0.11057692307692307 0.014423076923076924
0 0.3317307692307692 0.9891826923076923 0.10096153846153846 0.021634615384615384
0 0.40384615384615385 0.9158653846153846 0.09134615384615384 0.04807692307692308
0 0.3701923076923077 0.7836538461538461 0.09134615384615384 0.0625
0 0.15144230769230768 0.7596153846153846 0.1346153846153846 0.09615384615384616
0 0.5793269230769231 0.8401442307692307 0.12740384615384615 0.08653846153846154
0 0.5480769230769231 0.9747596153846154 0.12980769230769232 0.05048076923076923