1 0.014423076923076924 0.47596153846153844 0.028846153846153848 0.09134615384615384
1 0.05048076923076923 0.4735576923076923 0.05048076923076923 0.11298076923076923
1 0.09735576923076923 0.47475961538461536 0.04807692307692308 0.07932692307692307
1 0.13581730769230768 0.4723557692307692 0.04807692307692308 0.07692307692307693
1 0.09615384615384616 0.6370192307692307 0.052884615384615384 0.09134615384615384
1 0.18990384615384615 0.7427884615384616 0.057692307692307696 0.09134615384615384
1 0.3317307692307692 0.7319711538461539 0.0673076923076923 0.11057692307692307
1 0.3449519230769231 0.6165865384615384 0.04807692307692308 0.07692307692307693
1 0.33774038461538464 0.5516826923076923 0.05048076923076923 0.0673076923076923
1 0.33052884615384615 0.4795673076923077 0.055288461538461536 0.09134615384615384
1 0.2283653846153846 0.38341346153846156 0.0625 0.09134615384615384
1 0.2091346153846154 0.32211538461538464 0.04567307692307692 0.08653846153846154
1 0.1201923076923077 0.36658653846153844 0.055288461538461536 0.11057692307692307
1 0.17548076923076922 0.3581730769230769 0.0625 0.0985576923076923
1 0.17908653846153846 0.18269230769230768 0.055288461538461536 0.0889423076923077
0 0.6189903846153846 0.6141826923076923 0.040865384615384616 0.12980769230769232
0 0.6189903846153846 0.7271634615384616 0.07692307692307693 0.07211538461538461