0 0.8533653846153846 0.28125 0.10576923076923077 0.0673076923076923
0 0.8557692307692307 0.3737980769230769 0.09134615384615384 0.06971153846153846
0 0.4206730769230769 0.5697115384615384 0.057692307692307696 0.14903846153846154
0 0.375 0.765625 0.1466346153846154 0.18990384615384615
0 0.18990384615384615 0.6838942307692307 0.14903846153846154 0.11538461538461539
1 0.265625 0.59375 0.11538461538461539 0.0673076923076923
1 0.4338942307692308 0.875 0.03125 0.07211538461538461
1 0.22235576923076922 0.9242788461538461 0.1201923076923077 0.04326923076923077
1 0.23557692307692307 0.7944711538461539 0.09375 0.0625
1 0.06971153846153846 0.8581730769230769 0.13942307692307693 0.0625
0 0.9014423076923077 0.5973557692307693 0.18269230769230768 0.07451923076923077
0 0.9146634615384616 0.9519230769230769 0.08413461538461539 0.09615384615384616
0 0.6334134615384616 0.8629807692307693 0.22115384615384615 0.125
0 0.5504807692307693 0.6838942307692307 0.17307692307692307 0.17307692307692307