0 0.0625 0.12259615384615384 0.125 0.0625
1 0.9423076923076923 0.007211538461538462 0.11538461538461539 0.014423076923076924
0 0.05048076923076923 0.7572115384615384 0.10096153846153846 0.057692307692307696
0 0.20673076923076922 0.9399038461538461 0.15865384615384615 0.07211538461538461
0 0.45072115384615385 0.9435096153846154 0.19471153846153846 0.10576923076923077
0 0.39302884615384615 0.75 0.125 0.0673076923076923
0 0.31490384615384615 0.5973557692307693 0.15384615384615385 0.10576923076923077
0 0.5300480769230769 0.5793269230769231 0.036057692307692304 0.0673076923076923
1 0.6995192307692307 0.5480769230769231 0.07692307692307693 0.04326923076923077
1 0.6634615384615384 0.734375 0.10096153846153846 0.06009615384615385
1 0.8545673076923077 0.6742788461538461 0.11298076923076923 0.0625