1 0.5084134615384616 0.30649038461538464 0.021634615384615384 0.05048076923076923
1 0.8966346153846154 0.48677884615384615 0.08413461538461539 0.04807692307692308
1 0.9819711538461539 0.8052884615384616 0.036057692307692304 0.04807692307692308
1 0.9170673076923077 0.8557692307692307 0.057692307692307696 0.04326923076923077
1 0.9254807692307693 0.9254807692307693 0.07451923076923077 0.028846153846153848
1 0.9230769230769231 0.9903846153846154 0.0625 0.019230769230769232
1 0.734375 0.9086538461538461 0.09615384615384616 0.052884615384615384
1 0.5841346153846154 0.8473557692307693 0.08653846153846154 0.04807692307692308
1 0.625 0.9711538461538461 0.07932692307692307 0.038461538461538464
0 0.9579326923076923 0.9675480769230769 0.08413461538461539 0.06490384615384616
0 0.8209134615384616 0.8353365384615384 0.11778846153846154 0.07211538461538461