1 0.08653846153846154 0.35216346153846156 0.08173076923076923 0.07211538461538461
1 0.19110576923076922 0.4639423076923077 0.07932692307692307 0.04567307692307692
0 0.7103365384615384 0.4735576923076923 0.06490384615384616 0.08173076923076923
0 0.7872596153846154 0.2091346153846154 0.08173076923076923 0.07692307692307693
0 0.9471153846153846 0.25 0.10576923076923077 0.0673076923076923
0 0.22716346153846154 0.8389423076923077 0.12980769230769232 0.0625
0 0.28125 0.7307692307692307 0.1201923076923077 0.057692307692307696
0 0.30288461538461536 0.5961538461538461 0.09615384615384616 0.07211538461538461
0 0.7163461538461539 0.7572115384615384 0.07692307692307693 0.09615384615384616
0 0.8497596153846154 0.8930288461538461 0.15865384615384615 0.08173076923076923
0 0.9122596153846154 0.6862980769230769 0.11538461538461539 0.057692307692307696
0 0.8473557692307693 0.6201923076923077 0.11057692307692307 0.055288461538461536
0 0.8221153846153846 0.5564903846153846 0.125 0.055288461538461536