1 0.07091346153846154 0.10336538461538461 0.057692307692307696 0.10576923076923077
1 0.02283653846153846 0.1971153846153846 0.04567307692307692 0.10576923076923077
1 0.04927884615384615 0.23076923076923078 0.057692307692307696 0.09615384615384616
1 0.028846153846153848 0.29086538461538464 0.055288461538461536 0.09615384615384616
1 0.018028846153846152 0.3629807692307692 0.036057692307692304 0.08173076923076923
1 0.125 0.2764423076923077 0.038461538461538464 0.08173076923076923
1 0.171875 0.28365384615384615 0.04567307692307692 0.08173076923076923
1 0.1875 0.056490384615384616 0.057692307692307696 0.11298076923076923
1 0.26802884615384615 0.17548076923076922 0.04807692307692308 0.08173076923076923
1 0.3389423076923077 0.21875 0.04326923076923077 0.09615384615384616
1 0.19110576923076922 0.40865384615384615 0.055288461538461536 0.11057692307692307
1 0.140625 0.45072115384615385 0.052884615384615384 0.11538461538461539
1 0.1346153846153846 0.5889423076923077 0.057692307692307696 0.057692307692307696
0 0.9435096153846154 0.008413461538461538 0.09375 0.016826923076923076
0 0.41586538461538464 0.7319711538461539 0.057692307692307696 0.15384615384615385
0 0.33052884615384615 0.6598557692307693 0.05048076923076923 0.08413461538461539
1 0.7199519230769231 0.6298076923076923 0.040865384615384616 0.02403846153846154
1 0.7644230769230769 0.6322115384615384 0.04807692307692308 0.028846153846153848