1 0.2956730769230769 0.3425480769230769 0.08653846153846154 0.05048076923076923
1 0.7283653846153846 0.3293269230769231 0.17307692307692307 0.0889423076923077
1 0.7572115384615384 0.4807692307692308 0.14903846153846154 0.07692307692307693
1 0.9411057692307693 0.40865384615384615 0.11778846153846154 0.08653846153846154
1 0.5432692307692307 0.4855769230769231 0.11057692307692307 0.0673076923076923
1 0.19471153846153846 0.6947115384615384 0.12259615384615384 0.07211538461538461
1 0.15144230769230768 0.5324519230769231 0.11538461538461539 0.026442307692307692
1 0.17908653846153846 0.828125 0.19230769230769232 0.07211538461538461
0 0.04927884615384615 0.5697115384615384 0.0985576923076923 0.07211538461538461
0 0.40024038461538464 0.5540865384615384 0.17548076923076922 0.06971153846153846
0 0.43149038461538464 0.6466346153846154 0.11298076923076923 0.07211538461538461
0 0.9495192307692307 0.7536057692307693 0.10096153846153846 0.13221153846153846
0 0.9110576923076923 0.5721153846153846 0.1778846153846154 0.09134615384615384
0 0.5588942307692307 0.6081730769230769 0.14182692307692307 0.08653846153846154
1 0.7271634615384616 0.7271634615384616 0.13942307692307693 0.0625
1 0.6826923076923077 0.5564903846153846 0.125 0.07451923076923077