1 0.41346153846153844 0.08173076923076923 0.052884615384615384 0.0625
1 0.38461538461538464 0.08774038461538461 0.07211538461538461 0.052884615384615384
1 0.359375 0.16105769230769232 0.11538461538461539 0.04807692307692308
1 0.29927884615384615 0.026442307692307692 0.11538461538461539 0.04807692307692308
1 0.0985576923076923 0.03125 0.11057692307692307 0.055288461538461536
1 0.07692307692307693 0.09975961538461539 0.07692307692307693 0.04807692307692308
1 0.17067307692307693 0.11778846153846154 0.10817307692307693 0.052884615384615384
1 0.20192307692307693 0.15144230769230768 0.07211538461538461 0.04807692307692308
1 0.8774038461538461 0.046875 0.10576923076923077 0.057692307692307696
1 0.7884615384615384 0.08413461538461539 0.07932692307692307 0.04807692307692308
1 0.8209134615384616 0.11899038461538461 0.07692307692307693 0.04326923076923077
1 0.8629807692307693 0.16706730769230768 0.0985576923076923 0.0625
1 0.9483173076923077 0.18870192307692307 0.0985576923076923 0.0625
1 0.8894230769230769 0.21875 0.09615384615384616 0.055288461538461536
1 0.8810096153846154 0.2704326923076923 0.0673076923076923 0.0673076923076923
1 0.9855769230769231 0.2824519230769231 0.028846153846153848 0.06490384615384616
1 0.9867788461538461 0.3581730769230769 0.026442307692307692 0.04807692307692308
1 0.9387019230769231 0.38100961538461536 0.07692307692307693 0.04326923076923077
1 0.8978365384615384 0.35216346153846156 0.08413461538461539 0.04326923076923077
1 0.7728365384615384 0.25721153846153844 0.07451923076923077 0.04807692307692308
1 0.6129807692307693 0.25600961538461536 0.07932692307692307 0.04807692307692308
1 0.7055288461538461 0.37259615384615385 0.09615384615384616 0.06009615384615385
0 0.38461538461538464 0.5673076923076923 0.11057692307692307 0.0673076923076923
0 0.8653846153846154 0.6526442307692307 0.125 0.04807692307692308
0 0.7764423076923077 0.7283653846153846 0.0673076923076923 0.0673076923076923
0 0.9326923076923077 0.7560096153846154 0.1346153846153846 0.06971153846153846
0 0.7247596153846154 0.6201923076923077 0.0985576923076923 0.057692307692307696
0 0.6502403846153846 0.5757211538461539 0.15384615384615385 0.09615384615384616
0 0.5877403846153846 0.6814903846153846 0.11778846153846154 0.05048076923076923
0 0.5132211538461539 0.7572115384615384 0.1466346153846154 0.0625