1 0.21634615384615385 0.49278846153846156 0.0625 0.03365384615384615
1 0.16706730769230768 0.35697115384615385 0.057692307692307696 0.13942307692307693
1 0.04567307692307692 0.3762019230769231 0.07211538461538461 0.12980769230769232
1 0.296875 0.28125 0.08173076923076923 0.14423076923076922
1 0.21754807692307693 0.14182692307692307 0.0673076923076923 0.125
1 0.08533653846153846 0.16105769230769232 0.0889423076923077 0.1466346153846154
0 0.5853365384615384 0.4675480769230769 0.08413461538461539 0.08413461538461539
1 0.32091346153846156 0.6766826923076923 0.055288461538461536 0.13221153846153846
0 0.17548076923076922 0.9483173076923077 0.1201923076923077 0.10336538461538461
0 0.16826923076923078 0.6983173076923077 0.07692307692307693 0.11057692307692307
0 0.10336538461538461 0.5685096153846154 0.09615384615384616 0.11778846153846154
0 0.20673076923076922 0.5637019230769231 0.11057692307692307 0.10817307692307693
0 0.7992788461538461 0.921875 0.07692307692307693 0.1346153846153846