0 0.46634615384615385 0.0829326923076923 0.04807692307692308 0.1658653846153846
0 0.4375 0.6153846153846154 0.07572115384615384 0.19951923076923078
0 0.6117788461538461 0.5228365384615384 0.12259615384615384 0.2956730769230769
0 0.5961538461538461 0.06370192307692307 0.1466346153846154 0.12620192307692307
0 0.3329326923076923 0.056490384615384616 0.09254807692307693 0.11298076923076923
1 0.8725961538461539 0.5144230769230769 0.0673076923076923 0.12980769230769232
1 0.3473557692307692 0.3137019230769231 0.078125 0.10817307692307693
1 0.7331730769230769 0.33052884615384615 0.09495192307692307 0.14423076923076922
1 0.34375 0.4987980769230769 0.05889423076923077 0.11538461538461539
1 0.21153846153846154 0.5564903846153846 0.09254807692307693 0.14182692307692307
1 0.27524038461538464 0.7920673076923077 0.07091346153846154 0.1502403846153846
1 0.7572115384615384 0.9387019230769231 0.11778846153846154 0.12139423076923077