0 0.2608173076923077 0.22235576923076922 0.13701923076923078 0.040865384615384616
1 0.5396634615384616 0.046875 0.08653846153846154 0.04807692307692308
1 0.4831730769230769 0.16466346153846154 0.10576923076923077 0.0625
1 0.35216346153846156 0.2091346153846154 0.04567307692307692 0.0625
1 0.4807692307692308 0.2548076923076923 0.0889423076923077 0.0673076923076923
1 0.4326923076923077 0.34375 0.08173076923076923 0.04326923076923077
1 0.40384615384615385 0.39783653846153844 0.08173076923076923 0.04326923076923077
1 0.5348557692307693 0.32572115384615385 0.11538461538461539 0.04807692307692308
1 0.6225961538461539 0.3557692307692308 0.07211538461538461 0.055288461538461536
1 0.5709134615384616 0.14302884615384615 0.08413461538461539 0.04807692307692308
1 0.6189903846153846 0.16466346153846154 0.07211538461538461 0.052884615384615384
1 0.6983173076923077 0.1875 0.10336538461538461 0.06971153846153846
1 0.7067307692307693 0.2403846153846154 0.08653846153846154 0.057692307692307696
1 0.6959134615384616 0.3016826923076923 0.09615384615384616 0.0673076923076923
1 0.734375 0.37740384615384615 0.10096153846153846 0.057692307692307696
1 0.7548076923076923 0.47596153846153844 0.08413461538461539 0.04807692307692308
1 0.24278846153846154 0.5480769230769231 0.10576923076923077 0.038461538461538464
0 0.30288461538461536 0.6911057692307693 0.052884615384615384 0.15144230769230768
0 0.1201923076923077 0.5733173076923077 0.16826923076923078 0.0889423076923077
0 0.34615384615384615 0.6586538461538461 0.03365384615384615 0.052884615384615384
0 0.5444711538461539 0.6153846153846154 0.16346153846153846 0.07211538461538461
0 0.6923076923076923 0.7223557692307693 0.10096153846153846 0.057692307692307696
0 0.6117788461538461 0.8341346153846154 0.19230769230769232 0.09134615384615384
0 0.8221153846153846 0.5997596153846154 0.125 0.04326923076923077