0 0.03245192307692308 0.33533653846153844 0.057692307692307696 0.125
0 0.1658653846153846 0.04567307692307692 0.09134615384615384 0.09134615384615384
0 0.24278846153846154 0.41947115384615385 0.04807692307692308 0.15384615384615385
0 0.2956730769230769 0.39903846153846156 0.04807692307692308 0.15625
1 0.14302884615384615 0.25841346153846156 0.055288461538461536 0.11057692307692307
1 0.057692307692307696 0.2247596153846154 0.057692307692307696 0.09375
1 0.13581730769230768 0.5072115384615384 0.05048076923076923 0.08653846153846154
1 0.018028846153846152 0.5492788461538461 0.036057692307692304 0.0985576923076923
0 0.9074519230769231 0.23677884615384615 0.04807692307692308 0.13942307692307693
0 0.7896634615384616 0.21394230769230768 0.07211538461538461 0.09134615384615384
1 0.47596153846153844 0.9098557692307693 0.038461538461538464 0.07211538461538461
0 0.8653846153846154 0.7487980769230769 0.0673076923076923 0.125