1 0.4230769230769231 0.054086538461538464 0.0985576923076923 0.057692307692307696
1 0.3858173076923077 0.15865384615384615 0.0673076923076923 0.0673076923076923
1 0.41586538461538464 0.2512019230769231 0.11538461538461539 0.08653846153846154
1 0.3545673076923077 0.34975961538461536 0.09375 0.0625
1 0.2956730769230769 0.21634615384615385 0.08653846153846154 0.0625
1 0.2283653846153846 0.08173076923076923 0.15384615384615385 0.04326923076923077
1 0.8401442307692307 0.23197115384615385 0.10576923076923077 0.0625
1 0.8028846153846154 0.1045673076923077 0.08653846153846154 0.040865384615384616
1 0.5901442307692307 0.24879807692307693 0.1201923076923077 0.0625
0 0.4567307692307692 0.6177884615384616 0.04326923076923077 0.08653846153846154
1 0.6875 0.6598557692307693 0.07211538461538461 0.04326923076923077
1 0.7944711538461539 0.7139423076923077 0.12259615384615384 0.0673076923076923
1 0.6466346153846154 0.5072115384615384 0.10576923076923077 0.052884615384615384