1 0.9603365384615384 0.2403846153846154 0.07692307692307693 0.04326923076923077
1 0.8677884615384616 0.18629807692307693 0.07211538461538461 0.04326923076923077
1 0.8894230769230769 0.12620192307692307 0.06490384615384616 0.028846153846153848
1 0.9819711538461539 0.08173076923076923 0.036057692307692304 0.028846153846153848
1 0.9314903846153846 0.03245192307692308 0.0625 0.03365384615384615
1 0.6875 0.14423076923076922 0.09615384615384616 0.052884615384615384
1 0.7391826923076923 0.21995192307692307 0.08413461538461539 0.04326923076923077
1 0.5997596153846154 0.203125 0.07692307692307693 0.04567307692307692
1 0.7007211538461539 0.07572115384615384 0.0889423076923077 0.04326923076923077
1 0.2980769230769231 0.6201923076923077 0.0625 0.057692307692307696
1 0.16346153846153846 0.8641826923076923 0.08173076923076923 0.03365384615384615