1 0.15384615384615385 0.9483173076923077 0.04326923076923077 0.10096153846153846
1 0.3629807692307692 0.9627403846153846 0.052884615384615384 0.07451923076923077
1 0.4026442307692308 0.8509615384615384 0.040865384615384616 0.0673076923076923
1 0.2980769230769231 0.8449519230769231 0.038461538461538464 0.06490384615384616
1 0.20072115384615385 0.8377403846153846 0.04326923076923077 0.07211538461538461
1 0.43028846153846156 0.6971153846153846 0.038461538461538464 0.09134615384615384
1 0.3485576923076923 0.7199519230769231 0.04807692307692308 0.0889423076923077
1 0.3088942307692308 0.7259615384615384 0.038461538461538464 0.0673076923076923
1 0.3762019230769231 0.59375 0.04326923076923077 0.07211538461538461
0 0.1045673076923077 0.9807692307692307 0.07932692307692307 0.038461538461538464
0 0.2692307692307692 0.5108173076923077 0.07211538461538461 0.08413461538461539
1 0.9459134615384616 0.8125 0.06009615384615385 0.09615384615384616
1 0.9939903846153846 0.6382211538461539 0.01201923076923077 0.07451923076923077
1 0.9110576923076923 0.6646634615384616 0.04326923076923077 0.08653846153846154
1 0.8209134615384616 0.6322115384615384 0.04807692307692308 0.09134615384615384
0 0.8185096153846154 0.921875 0.07692307692307693 0.11538461538461539
0 0.9495192307692307 0.5913461538461539 0.07211538461538461 0.08653846153846154