1 0.11177884615384616 0.43509615384615385 0.040865384615384616 0.028846153846153848
1 0.7403846153846154 0.4266826923076923 0.057692307692307696 0.04567307692307692
1 0.7908653846153846 0.03485576923076923 0.057692307692307696 0.06971153846153846
1 0.6574519230769231 0.2800480769230769 0.052884615384615384 0.10096153846153846
1 0.5216346153846154 0.30649038461538464 0.0673076923076923 0.0889423076923077
1 0.5168269230769231 0.0733173076923077 0.057692307692307696 0.0985576923076923
1 0.6262019230769231 0.1310096153846154 0.0673076923076923 0.11057692307692307
1 0.28365384615384615 0.96875 0.04807692307692308 0.0625
0 0.6538461538461539 0.9435096153846154 0.11057692307692307 0.11298076923076923
0 0.7211538461538461 0.6237980769230769 0.04807692307692308 0.08173076923076923
0 0.6826923076923077 0.7872596153846154 0.06971153846153846 0.1346153846153846
0 0.8016826923076923 0.8389423076923077 0.09134615384615384 0.15865384615384615
0 0.8221153846153846 0.5288461538461539 0.10096153846153846 0.15865384615384615
1 0.5745192307692307 0.734375 0.0625 0.11538461538461539
1 0.6165865384615384 0.5600961538461539 0.057692307692307696 0.11778846153846154
1 0.5132211538461539 0.5504807692307693 0.05048076923076923 0.11538461538461539