0 0.1502403846153846 0.1466346153846154 0.13942307692307693 0.07211538461538461
0 0.2644230769230769 0.3076923076923077 0.1201923076923077 0.055288461538461536
0 0.23076923076923078 0.234375 0.10576923076923077 0.052884615384615384
0 0.016826923076923076 0.21875 0.03365384615384615 0.057692307692307696
0 0.96875 0.4230769230769231 0.0625 0.11538461538461539
0 0.8533653846153846 0.3125 0.2548076923076923 0.10576923076923077
0 0.6009615384615384 0.5240384615384616 0.28846153846153844 0.04807692307692308
0 0.40625 0.3870192307692308 0.09615384615384616 0.0625
1 0.8858173076923077 0.45913461538461536 0.10576923076923077 0.052884615384615384
1 0.6862980769230769 0.4639423076923077 0.12980769230769232 0.07211538461538461
1 0.5432692307692307 0.3293269230769231 0.10576923076923077 0.057692307692307696
1 0.45913461538461536 0.4735576923076923 0.125 0.057692307692307696
0 0.8665865384615384 0.9819711538461539 0.25240384615384615 0.036057692307692304
0 0.7043269230769231 0.8521634615384616 0.15625 0.10576923076923077
0 0.47836538461538464 0.8653846153846154 0.12980769230769232 0.18269230769230768