1 0.6826923076923077 0.3245192307692308 0.0625 0.11057692307692307
0 0.44350961538461536 0.5024038461538461 0.08413461538461539 0.10576923076923077
0 0.6334134615384616 0.7524038461538461 0.0985576923076923 0.17307692307692307
0 0.8629807692307693 0.49278846153846156 0.11538461538461539 0.08653846153846154
1 0.39663461538461536 0.7560096153846154 0.06490384615384616 0.1346153846153846
1 0.7307692307692307 0.9867788461538461 0.0625 0.026442307692307692
1 0.5805288461538461 0.953125 0.07932692307692307 0.09375
1 0.49158653846153844 0.8653846153846154 0.08173076923076923 0.13942307692307693
1 0.6586538461538461 0.8990384615384616 0.0625 0.11057692307692307
1 0.7391826923076923 0.8389423076923077 0.0673076923076923 0.08653846153846154
1 0.84375 0.8990384615384616 0.07211538461538461 0.11057692307692307
1 0.8533653846153846 0.7331730769230769 0.07692307692307693 0.14903846153846154
1 0.7524038461538461 0.6706730769230769 0.07692307692307693 0.14182692307692307
1 0.7800480769230769 0.49759615384615385 0.055288461538461536 0.09615384615384616
1 0.6370192307692307 0.49278846153846156 0.08173076923076923 0.08653846153846154