1 0.47475961538461536 0.04326923076923077 0.06971153846153846 0.052884615384615384
1 0.4699519230769231 0.14903846153846154 0.06009615384615385 0.052884615384615384
1 0.4735576923076923 0.24278846153846154 0.0673076923076923 0.04326923076923077
1 0.5360576923076923 0.9182692307692307 0.09375 0.03365384615384615
1 0.6033653846153846 0.9759615384615384 0.08173076923076923 0.038461538461538464
1 0.7764423076923077 0.9783653846153846 0.07211538461538461 0.04326923076923077
1 0.7548076923076923 0.9194711538461539 0.06490384615384616 0.028846153846153848
1 0.6478365384615384 0.875 0.0625 0.028846153846153848
1 0.5673076923076923 0.8221153846153846 0.052884615384615384 0.03365384615384615
1 0.7127403846153846 0.8257211538461539 0.0625 0.03365384615384615
1 0.9543269230769231 0.9375 0.09134615384615384 0.052884615384615384
1 0.9050480769230769 0.9951923076923077 0.08413461538461539 0.009615384615384616
1 0.9435096153846154 0.8689903846153846 0.0889423076923077 0.04326923076923077