1 0.39663461538461536 0.21875 0.04326923076923077 0.09615384615384616
1 0.3870192307692308 0.3004807692307692 0.0625 0.09615384615384616
1 0.35096153846153844 0.24158653846153846 0.057692307692307696 0.10576923076923077
1 0.3004807692307692 0.23197115384615385 0.0673076923076923 0.0673076923076923
1 0.28966346153846156 0.3858173076923077 0.06490384615384616 0.11057692307692307
1 0.21394230769230768 0.3605769230769231 0.04567307692307692 0.0673076923076923
1 0.18990384615384615 0.2848557692307692 0.04807692307692308 0.07692307692307693
1 0.22115384615384615 0.25961538461538464 0.04807692307692308 0.07211538461538461
1 0.3173076923076923 0.12379807692307693 0.04807692307692308 0.07692307692307693
1 0.19951923076923078 0.055288461538461536 0.057692307692307696 0.10096153846153846
1 0.8653846153846154 0.46033653846153844 0.0625 0.10576923076923077
1 0.8461538461538461 0.5036057692307693 0.057692307692307696 0.06971153846153846
1 0.75 0.3954326923076923 0.057692307692307696 0.10576923076923077
1 0.6814903846153846 0.36899038461538464 0.052884615384615384 0.0673076923076923
1 0.6298076923076923 0.4963942307692308 0.057692307692307696 0.08413461538461539
1 0.6658653846153846 0.46634615384615385 0.052884615384615384 0.11057692307692307
1 0.8329326923076923 0.8725961538461539 0.04807692307692308 0.08413461538461539
1 0.7572115384615384 0.9206730769230769 0.04326923076923077 0.08173076923076923
1 0.6574519230769231 0.8521634615384616 0.04807692307692308 0.08653846153846154
1 0.7644230769230769 0.7379807692307693 0.04567307692307692 0.08653846153846154
1 0.6826923076923077 0.6586538461538461 0.04326923076923077 0.08413461538461539