0 0.5048076923076923 0.17067307692307693 0.027644230769230768 0.06971153846153846
0 0.5793269230769231 0.25961538461538464 0.046875 0.11778846153846154
0 0.42427884615384615 0.2824519230769231 0.036057692307692304 0.0673076923076923
0 0.46153846153846156 0.36658653846153844 0.037259615384615384 0.07211538461538461
0 0.5192307692307693 0.4375 0.04567307692307692 0.08413461538461539
1 0.3545673076923077 0.48677884615384615 0.04567307692307692 0.09134615384615384
1 0.3293269230769231 0.34615384615384615 0.040865384615384616 0.06971153846153846
1 0.27524038461538464 0.23677884615384615 0.04447115384615385 0.09134615384615384
1 0.4206730769230769 0.6117788461538461 0.055288461538461536 0.11538461538461539
1 0.48677884615384615 0.2956730769230769 0.03485576923076923 0.06490384615384616
1 0.5516826923076923 0.3473557692307692 0.04807692307692308 0.0829326923076923
0 0.3894230769230769 0.15384615384615385 0.07091346153846154 0.10697115384615384
1 0.3581730769230769 0.25600961538461536 0.04927884615384615 0.0625
0 0.5096153846153846 0.5865384615384616 0.0889423076923077 0.14543269230769232