1 0.08173076923076923 0.24158653846153846 0.07211538461538461 0.14423076923076922
1 0.2668269230769231 0.32211538461538464 0.06490384615384616 0.10576923076923077
1 0.34615384615384615 0.34375 0.0673076923076923 0.07211538461538461
1 0.34975961538461536 0.18269230769230768 0.06009615384615385 0.15384615384615385
0 0.18269230769230768 0.3581730769230769 0.07211538461538461 0.04326923076923077
0 0.052884615384615384 0.038461538461538464 0.10576923076923077 0.07692307692307693
0 0.22235576923076922 0.036057692307692304 0.11778846153846154 0.07211538461538461
0 0.6165865384615384 0.359375 0.07932692307692307 0.040865384615384616
0 0.10697115384615384 0.7536057692307693 0.11778846153846154 0.27403846153846156
0 0.26802884615384615 0.6442307692307693 0.07211538461538461 0.21634615384615385
0 0.15384615384615385 0.5096153846153846 0.1466346153846154 0.19230769230769232
1 0.3473557692307692 0.9483173076923077 0.06490384615384616 0.10336538461538461
1 0.3581730769230769 0.7608173076923077 0.04326923076923077 0.12740384615384615
1 0.5661057692307693 0.9038461538461539 0.0673076923076923 0.14903846153846154
1 0.7199519230769231 0.9206730769230769 0.08413461538461539 0.12980769230769232
1 0.6778846153846154 0.5024038461538461 0.0889423076923077 0.17307692307692307
1 0.5228365384615384 0.4723557692307692 0.08173076923076923 0.14903846153846154
1 0.3942307692307692 0.6778846153846154 0.028846153846153848 0.10576923076923077
1 0.3918269230769231 0.890625 0.02403846153846154 0.10336538461538461
1 0.47596153846153844 0.9747596153846154 0.052884615384615384 0.05048076923076923
1 0.5168269230769231 0.7043269230769231 0.07692307692307693 0.1466346153846154