1 0.9951923076923077 0.31971153846153844 0.009615384615384616 0.08653846153846154
1 0.9362980769230769 0.40865384615384615 0.0625 0.0889423076923077
1 0.8221153846153846 0.46153846153846156 0.038461538461538464 0.052884615384615384
1 0.8112980769230769 0.3545673076923077 0.057692307692307696 0.0985576923076923
1 0.7415865384615384 0.4110576923076923 0.04807692307692308 0.09615384615384616
1 0.6814903846153846 0.33052884615384615 0.036057692307692304 0.07211538461538461
1 0.7728365384615384 0.23918269230769232 0.03365384615384615 0.06490384615384616
1 0.875 0.21754807692307693 0.03365384615384615 0.0673076923076923
1 0.9699519230769231 0.21394230769230768 0.036057692307692304 0.07451923076923077
1 0.8629807692307693 0.0985576923076923 0.038461538461538464 0.07692307692307693
1 0.8197115384615384 0.09735576923076923 0.057692307692307696 0.09134615384615384
1 0.7331730769230769 0.078125 0.04567307692307692 0.0889423076923077
1 0.6262019230769231 0.078125 0.04807692307692308 0.09615384615384616
1 0.6009615384615384 0.2127403846153846 0.03365384615384615 0.055288461538461536
1 0.5324519230769231 0.07211538461538461 0.03365384615384615 0.0625
0 0.6418269230769231 0.33052884615384615 0.055288461538461536 0.12980769230769232
0 0.6706730769230769 0.15865384615384615 0.03365384615384615 0.1346153846153846
1 0.009615384615384616 0.9435096153846154 0.019230769230769232 0.11298076923076923
1 0.04807692307692308 0.9591346153846154 0.04807692307692308 0.08173076923076923
1 0.11658653846153846 0.9471153846153846 0.052884615384615384 0.07692307692307693
1 0.15985576923076922 0.8521634615384616 0.04807692307692308 0.06971153846153846
0 0.23197115384615385 0.9483173076923077 0.06009615384615385 0.10336538461538461
0 0.16947115384615385 0.9891826923076923 0.07932692307692307 0.021634615384615384
0 0.020432692307692308 0.8245192307692307 0.040865384615384616 0.10096153846153846
0 0.0829326923076923 0.7055288461538461 0.0673076923076923 0.10096153846153846