1 0.3737980769230769 0.26802884615384615 0.07692307692307693 0.13221153846153846
1 0.25600961538461536 0.2932692307692308 0.06490384615384616 0.11658653846153846
1 0.17668269230769232 0.5552884615384616 0.10336538461538461 0.16826923076923078
1 0.31009615384615385 0.4879807692307692 0.06129807692307692 0.11298076923076923
1 0.43028846153846156 0.46875 0.07211538461538461 0.13221153846153846
1 0.3894230769230769 0.6646634615384616 0.09014423076923077 0.15384615384615385
1 0.25721153846153844 0.6959134615384616 0.06490384615384616 0.1310096153846154
1 0.359375 0.8834134615384616 0.10096153846153846 0.1466346153846154
0 0.5841346153846154 0.16706730769230768 0.1201923076923077 0.1622596153846154
0 0.8028846153846154 0.41225961538461536 0.09735576923076923 0.24639423076923078
0 0.5913461538461539 0.4483173076923077 0.07692307692307693 0.11057692307692307
0 0.65625 0.6033653846153846 0.09735576923076923 0.16826923076923078
0 0.6514423076923077 0.796875 0.09495192307692307 0.17668269230769232
0 0.5528846153846154 0.5925480769230769 0.11177884615384616 0.12860576923076922
0 0.5132211538461539 0.703125 0.11658653846153846 0.12379807692307693