0 0.4483173076923077 0.03485576923076923 0.06009615384615385 0.06971153846153846
1 0.3125 0.1310096153846154 0.08413461538461539 0.1201923076923077
1 0.9759615384615384 0.28846153846153844 0.04807692307692308 0.11538461538461539
1 0.8581730769230769 0.9771634615384616 0.08173076923076923 0.04567307692307692
1 0.9699519230769231 0.9519230769230769 0.06009615384615385 0.09615384615384616
1 0.796875 0.8173076923076923 0.0625 0.1201923076923077
1 0.9206730769230769 0.78125 0.0625 0.14903846153846154
1 0.9699519230769231 0.5877403846153846 0.06009615384615385 0.11778846153846154
1 0.8449519230769231 0.6021634615384616 0.08653846153846154 0.13942307692307693
0 0.6334134615384616 0.8173076923076923 0.0625 0.1201923076923077
0 0.6790865384615384 0.6850961538461539 0.11057692307692307 0.1346153846153846
0 0.7175480769230769 0.578125 0.10576923076923077 0.13221153846153846
0 0.5769230769230769 0.6670673076923077 0.08413461538461539 0.18509615384615385
0 0.5817307692307693 0.5168269230769231 0.11057692307692307 0.11538461538461539