1 0.4338942307692308 0.21514423076923078 0.08173076923076923 0.14903846153846154
1 0.5012019230769231 0.04447115384615385 0.07451923076923077 0.0889423076923077
1 0.3401442307692308 0.026442307692307692 0.06009615384615385 0.052884615384615384
1 0.22596153846153846 0.2644230769230769 0.052884615384615384 0.11057692307692307
0 0.9110576923076923 0.16105769230769232 0.07932692307692307 0.12740384615384615
1 0.4831730769230769 0.8641826923076923 0.05048076923076923 0.07692307692307693
1 0.29447115384615385 0.90625 0.057692307692307696 0.09615384615384616
1 0.3581730769230769 0.7127403846153846 0.06490384615384616 0.11057692307692307
1 0.5625 0.8305288461538461 0.04807692307692308 0.15144230769230768
1 0.921875 0.8088942307692307 0.0625 0.1201923076923077
1 0.9362980769230769 0.6310096153846154 0.057692307692307696 0.1201923076923077
1 0.984375 0.3605769230769231 0.03125 0.08173076923076923
0 0.6610576923076923 0.6081730769230769 0.13701923076923078 0.3076923076923077
0 0.6971153846153846 0.9519230769230769 0.10096153846153846 0.09615384615384616
0 0.84375 0.5180288461538461 0.08173076923076923 0.20673076923076922