1 0.7620192307692307 0.01201923076923077 0.04807692307692308 0.02403846153846154
1 0.7848557692307693 0.052884615384615384 0.04326923076923077 0.07211538461538461
1 0.7536057692307693 0.08052884615384616 0.040865384615384616 0.07211538461538461
1 0.6802884615384616 0.10576923076923077 0.07211538461538461 0.0625
1 0.5889423076923077 0.04326923076923077 0.057692307692307696 0.08653846153846154
1 0.453125 0.1141826923076923 0.07692307692307693 0.10336538461538461
1 0.4807692307692308 0.17427884615384615 0.04807692307692308 0.05048076923076923
1 0.5204326923076923 0.15745192307692307 0.040865384615384616 0.08413461538461539
1 0.5673076923076923 0.12259615384615384 0.06009615384615385 0.09134615384615384
1 0.6225961538461539 0.1045673076923077 0.057692307692307696 0.08653846153846154
1 0.6574519230769231 0.18870192307692307 0.04567307692307692 0.021634615384615384
1 0.234375 0.4074519230769231 0.038461538461538464 0.057692307692307696
1 0.2848557692307692 0.48197115384615385 0.04807692307692308 0.07211538461538461
1 0.23076923076923078 0.5757211538461539 0.04326923076923077 0.08173076923076923
1 0.2620192307692308 0.6983173076923077 0.040865384615384616 0.07692307692307693
1 0.23918269230769232 0.8317307692307693 0.038461538461538464 0.06971153846153846
1 0.17548076923076922 0.7199519230769231 0.057692307692307696 0.09615384615384616
1 0.17427884615384615 0.5048076923076923 0.03365384615384615 0.0673076923076923
1 0.12620192307692307 0.4519230769230769 0.036057692307692304 0.057692307692307696
1 0.14302884615384615 0.6165865384615384 0.03365384615384615 0.0625
1 0.052884615384615384 0.5949519230769231 0.038461538461538464 0.0673076923076923
0 0.9014423076923077 0.4567307692307692 0.14903846153846154 0.17307692307692307
0 0.7055288461538461 0.5600961538461539 0.18990384615384615 0.1466346153846154
0 0.4723557692307692 0.38341346153846156 0.12740384615384615 0.22355769230769232
0 0.7872596153846154 0.7451923076923077 0.11538461538461539 0.14903846153846154
1 0.8774038461538461 0.6694711538461539 0.0673076923076923 0.11538461538461539
1 0.6646634615384616 0.23076923076923078 0.07932692307692307 0.0625
1 0.7463942307692307 0.3449519230769231 0.06490384615384616 0.09375
1 0.5961538461538461 0.453125 0.07211538461538461 0.125
1 0.4495192307692308 0.6346153846153846 0.0625 0.09615384615384616
1 0.546875 0.7127403846153846 0.04326923076923077 0.1201923076923077
1 0.6766826923076923 0.6995192307692307 0.0625 0.09375
1 0.6129807692307693 0.8737980769230769 0.0625 0.15865384615384615