1 0.16947115384615385 0.0673076923076923 0.11538461538461539 0.0625
1 0.3786057692307692 0.2091346153846154 0.07932692307692307 0.08653846153846154
1 0.43509615384615385 0.30649038461538464 0.13942307692307693 0.0673076923076923
1 0.35216346153846156 0.046875 0.026442307692307692 0.06490384615384616
1 0.7163461538461539 0.06009615384615385 0.14423076923076922 0.07692307692307693
1 0.9302884615384616 0.026442307692307692 0.13942307692307693 0.052884615384615384
0 0.6274038461538461 0.125 0.20192307692307693 0.14182692307692307
0 0.7451923076923077 0.2608173076923077 0.1971153846153846 0.09134615384615384
0 0.9182692307692307 0.15144230769230768 0.16346153846153846 0.09134615384615384
1 0.042067307692307696 0.7536057692307693 0.08413461538461539 0.055288461538461536
1 0.11658653846153846 0.6045673076923077 0.16826923076923078 0.08173076923076923
1 0.22716346153846154 0.7127403846153846 0.10576923076923077 0.057692307692307696
1 0.3269230769230769 0.6442307692307693 0.02403846153846154 0.0625
1 0.27403846153846156 0.5456730769230769 0.125 0.08173076923076923
1 0.08533653846153846 0.44711538461538464 0.13701923076923078 0.057692307692307696
1 0.6141826923076923 0.6045673076923077 0.08173076923076923 0.04326923076923077
1 0.6911057692307693 0.6526442307692307 0.07692307692307693 0.040865384615384616
1 0.7572115384615384 0.6418269230769231 0.07692307692307693 0.04567307692307692
1 0.8028846153846154 0.7259615384615384 0.07932692307692307 0.04567307692307692
1 0.7632211538461539 0.7596153846153846 0.07692307692307693 0.04807692307692308