1 0.46153846153846156 0.14182692307692307 0.052884615384615384 0.09134615384615384
1 0.46274038461538464 0.037259615384615384 0.036057692307692304 0.07451923076923077
1 0.32091346153846156 0.09014423076923077 0.03125 0.07932692307692307
1 0.19831730769230768 0.12139423076923077 0.04807692307692308 0.09375
1 0.24759615384615385 0.21514423076923078 0.04326923076923077 0.057692307692307696
1 0.3173076923076923 0.20673076923076922 0.028846153846153848 0.07451923076923077
1 0.3918269230769231 0.2091346153846154 0.038461538461538464 0.0625
1 0.4362980769230769 0.25600961538461536 0.03365384615384615 0.0673076923076923
1 0.3004807692307692 0.39783653846153844 0.052884615384615384 0.09615384615384616
1 0.23918269230769232 0.5480769230769231 0.04807692307692308 0.08653846153846154
1 0.3629807692307692 0.5072115384615384 0.038461538461538464 0.07932692307692307
1 0.41947115384615385 0.46274038461538464 0.057692307692307696 0.09134615384615384
1 0.4567307692307692 0.5360576923076923 0.05048076923076923 0.07932692307692307
0 0.47836538461538464 0.36899038461538464 0.019230769230769232 0.13221153846153846
0 0.36658653846153844 0.16826923076923078 0.07692307692307693 0.09615384615384616
0 0.22716346153846154 0.3112980769230769 0.07211538461538461 0.11778846153846154
0 0.84375 0.046875 0.052884615384615384 0.09375
0 0.8161057692307693 0.1346153846153846 0.09134615384615384 0.07211538461538461
0 0.8569711538461539 0.2283653846153846 0.036057692307692304 0.0985576923076923
0 0.9338942307692307 0.11658653846153846 0.057692307692307696 0.0673076923076923
0 0.953125 0.24158653846153846 0.09134615384615384 0.09615384615384616
0 0.8870192307692307 0.15144230769230768 0.04326923076923077 0.11538461538461539
1 0.9855769230769231 0.026442307692307692 0.028846153846153848 0.052884615384615384
1 0.8076923076923077 0.24278846153846154 0.04326923076923077 0.08173076923076923
1 0.10576923076923077 0.7367788461538461 0.04807692307692308 0.08653846153846154
1 0.12620192307692307 0.828125 0.038461538461538464 0.057692307692307696
1 0.30649038461538464 0.9867788461538461 0.04567307692307692 0.026442307692307692
1 0.38822115384615385 0.7331730769230769 0.052884615384615384 0.07692307692307693
1 0.2848557692307692 0.7463942307692307 0.052884615384615384 0.07451923076923077
1 0.32572115384615385 0.8509615384615384 0.038461538461538464 0.0625
0 0.078125 0.890625 0.038461538461538464 0.10576923076923077
0 0.15865384615384615 0.7079326923076923 0.04807692307692308 0.13701923076923078
0 0.19230769230769232 0.8605769230769231 0.052884615384615384 0.10336538461538461
0 0.21033653846153846 0.9495192307692307 0.07211538461538461 0.0889423076923077
0 0.27163461538461536 0.8617788461538461 0.028846153846153848 0.1201923076923077
0 0.7007211538461539 0.875 0.08173076923076923 0.0673076923076923
0 0.7692307692307693 0.6802884615384616 0.07692307692307693 0.07692307692307693