1 0.4567307692307692 0.6237980769230769 0.04326923076923077 0.10336538461538461
1 0.46033653846153844 0.43149038461538464 0.036057692307692304 0.10336538461538461
0 0.8461538461538461 0.6466346153846154 0.04807692307692308 0.0625
0 0.7680288461538461 0.5841346153846154 0.0625 0.07211538461538461
0 0.9663461538461539 0.6526442307692307 0.0625 0.05048076923076923
0 0.9519230769230769 0.38341346153846156 0.09615384615384616 0.10817307692307693
0 0.8233173076923077 0.3942307692307692 0.04326923076923077 0.09615384615384616
0 0.7379807692307693 0.3137019230769231 0.057692307692307696 0.1346153846153846
1 0.5144230769230769 0.9771634615384616 0.04326923076923077 0.04567307692307692
1 0.49399038461538464 0.8629807692307693 0.03125 0.08173076923076923
1 0.5060096153846154 0.7247596153846154 0.04807692307692308 0.08173076923076923
1 0.5697115384615384 0.8461538461538461 0.057692307692307696 0.09134615384615384
1 0.6033653846153846 0.9459134615384616 0.028846153846153848 0.0625
1 0.6923076923076923 0.9627403846153846 0.036057692307692304 0.0673076923076923
1 0.6694711538461539 0.8088942307692307 0.04326923076923077 0.0673076923076923