1 0.5841346153846154 0.32211538461538464 0.04326923076923077 0.06971153846153846
1 0.5348557692307693 0.25 0.04567307692307692 0.08173076923076923
1 0.5889423076923077 0.16346153846153846 0.038461538461538464 0.07211538461538461
1 0.5576923076923077 0.038461538461538464 0.038461538461538464 0.07211538461538461
1 0.6442307692307693 0.030048076923076924 0.052884615384615384 0.06009615384615385
1 0.6790865384615384 0.1201923076923077 0.038461538461538464 0.06971153846153846
1 0.6454326923076923 0.22716346153846154 0.03125 0.0673076923076923
1 0.6923076923076923 0.2824519230769231 0.03125 0.0625
1 0.765625 0.14302884615384615 0.03365384615384615 0.0673076923076923
0 0.09615384615384616 0.9579326923076923 0.08653846153846154 0.08413461538461539
0 0.07211538461538461 0.7788461538461539 0.0625 0.07211538461538461
0 0.6754807692307693 0.8617788461538461 0.09615384615384616 0.24519230769230768
0 0.5072115384615384 0.7007211538461539 0.11057692307692307 0.16826923076923078
0 0.7175480769230769 0.5372596153846154 0.0625 0.21153846153846154
0 0.5228365384615384 0.4831730769230769 0.16105769230769232 0.15384615384615385