1 0.16947115384615385 0.6887019230769231 0.10096153846153846 0.0625
1 0.08533653846153846 0.7692307692307693 0.10096153846153846 0.0625
1 0.026442307692307692 0.8834134615384616 0.052884615384615384 0.04567307692307692
1 0.14543269230769232 0.8954326923076923 0.10576923076923077 0.057692307692307696
1 0.08774038461538461 0.9651442307692307 0.10096153846153846 0.052884615384615384
1 0.2776442307692308 0.8293269230769231 0.06971153846153846 0.03365384615384615
1 0.2608173076923077 0.9326923076923077 0.06971153846153846 0.04807692307692308
1 0.27884615384615385 0.734375 0.07692307692307693 0.04326923076923077
1 0.39302884615384615 0.8389423076923077 0.07692307692307693 0.03365384615384615
1 0.40384615384615385 0.8798076923076923 0.09615384615384616 0.04807692307692308
1 0.49759615384615385 0.9050480769230769 0.02403846153846154 0.036057692307692304
1 0.4254807692307692 0.9699519230769231 0.09134615384615384 0.052884615384615384
0 0.10336538461538461 0.6394230769230769 0.10096153846153846 0.08653846153846154