0 0.4338942307692308 0.42427884615384615 0.11538461538461539 0.0673076923076923
0 0.5432692307692307 0.36899038461538464 0.12980769230769232 0.0673076923076923
1 0.7848557692307693 0.10817307692307693 0.0985576923076923 0.06009615384615385
1 0.9362980769230769 0.06370192307692307 0.08653846153846154 0.052884615384615384
1 0.9375 0.34134615384615385 0.11778846153846154 0.06490384615384616
1 0.9134615384615384 0.41947115384615385 0.07692307692307693 0.04326923076923077
1 0.8389423076923077 0.4423076923076923 0.07211538461538461 0.04807692307692308
1 0.8088942307692307 0.41346153846153844 0.07932692307692307 0.04326923076923077
1 0.7872596153846154 0.33653846153846156 0.0673076923076923 0.06490384615384616
1 0.6971153846153846 0.3173076923076923 0.038461538461538464 0.04326923076923077
1 0.8521634615384616 0.24879807692307693 0.10817307692307693 0.0673076923076923
1 0.7896634615384616 0.28125 0.10576923076923077 0.052884615384615384
1 0.7716346153846154 0.22716346153846154 0.09134615384615384 0.057692307692307696
1 0.7319711538461539 0.1814903846153846 0.07932692307692307 0.04807692307692308
1 0.7091346153846154 0.1466346153846154 0.0625 0.04807692307692308
1 0.6622596153846154 0.6935096153846154 0.03125 0.04567307692307692
1 0.9086538461538461 0.6237980769230769 0.09615384615384616 0.05048076923076923