1 0.2932692307692308 0.21153846153846154 0.057692307692307696 0.11778846153846154
1 0.35096153846153844 0.1935096153846154 0.04807692307692308 0.09375
1 0.40865384615384615 0.11778846153846154 0.0625 0.09375
1 0.41947115384615385 0.21153846153846154 0.052884615384615384 0.07692307692307693
1 0.46274038461538464 0.30649038461538464 0.04807692307692308 0.06971153846153846
0 0.5348557692307693 0.19230769230769232 0.06009615384615385 0.13942307692307693
0 0.4735576923076923 0.14903846153846154 0.07932692307692307 0.0625
0 0.31009615384615385 0.3329326923076923 0.0673076923076923 0.10096153846153846
0 0.38461538461538464 0.4206730769230769 0.0673076923076923 0.038461538461538464
1 0.7740384615384616 0.20552884615384615 0.052884615384615384 0.08653846153846154
1 0.3317307692307692 0.6682692307692307 0.04807692307692308 0.07211538461538461
1 0.3317307692307692 0.9086538461538461 0.04807692307692308 0.08653846153846154
1 0.20432692307692307 0.9471153846153846 0.0625 0.10576923076923077
1 0.47836538461538464 0.9783653846153846 0.038461538461538464 0.04326923076923077
1 0.24519230769230768 0.6274038461538461 0.057692307692307696 0.10096153846153846
0 0.3557692307692308 0.4795673076923077 0.09134615384615384 0.07932692307692307
0 0.2283653846153846 0.7391826923076923 0.052884615384615384 0.13221153846153846
0 0.43990384615384615 0.8305288461538461 0.04326923076923077 0.13942307692307693
0 0.49278846153846156 0.8004807692307693 0.052884615384615384 0.13942307692307693
1 0.8088942307692307 0.5552884615384616 0.04807692307692308 0.09375
1 0.7259615384615384 0.47836538461538464 0.04807692307692308 0.07692307692307693
1 0.6105769230769231 0.5240384615384616 0.02403846153846154 0.10576923076923077
1 0.7632211538461539 0.6658653846153846 0.038461538461538464 0.07211538461538461
1 0.6646634615384616 0.6598557692307693 0.036057692307692304 0.0673076923076923
1 0.6141826923076923 0.7788461538461539 0.03125 0.08653846153846154
1 0.6538461538461539 0.7728365384615384 0.04326923076923077 0.0673076923076923
0 0.8581730769230769 0.5024038461538461 0.06971153846153846 0.09134615384615384
0 0.6850961538461539 0.9795673076923077 0.07211538461538461 0.040865384615384616