0 0.14182692307692307 0.31850961538461536 0.1346153846153846 0.06009615384615385
0 0.2704326923076923 0.25721153846153844 0.125 0.038461538461538464
0 0.30528846153846156 0.18629807692307693 0.13701923076923078 0.055288461538461536
1 0.2608173076923077 0.44471153846153844 0.11778846153846154 0.04326923076923077
1 0.2956730769230769 0.36658653846153844 0.07692307692307693 0.036057692307692304
1 0.11057692307692307 0.3557692307692308 0.10096153846153846 0.014423076923076924
1 0.039663461538461536 0.36177884615384615 0.07932692307692307 0.026442307692307692
1 0.046875 0.39903846153846156 0.07692307692307693 0.04807692307692308
1 0.10576923076923077 0.4206730769230769 0.07692307692307693 0.052884615384615384
1 0.04567307692307692 0.4543269230769231 0.09134615384615384 0.0625
1 0.09735576923076923 0.375 0.07692307692307693 0.04326923076923077
1 0.1622596153846154 0.5096153846153846 0.07932692307692307 0.04807692307692308
1 0.20192307692307693 0.5817307692307693 0.10817307692307693 0.052884615384615384
1 0.36177884615384615 0.5793269230769231 0.0985576923076923 0.04567307692307692
1 0.38100961538461536 0.5384615384615384 0.07451923076923077 0.0625
0 0.4795673076923077 0.7163461538461539 0.12259615384615384 0.14423076923076922
0 0.5 0.5192307692307693 0.16346153846153846 0.14423076923076922
0 0.7548076923076923 0.5889423076923077 0.19471153846153846 0.07692307692307693
0 0.7956730769230769 0.49278846153846156 0.1875 0.0673076923076923
0 0.671875 0.7620192307692307 0.15384615384615385 0.11538461538461539
0 0.8629807692307693 0.7932692307692307 0.13942307692307693 0.10817307692307693
0 0.9230769230769231 0.6298076923076923 0.15384615384615385 0.13942307692307693