1 0.10817307692307693 0.6262019230769231 0.10576923076923077 0.0625
1 0.2692307692307692 0.6670673076923077 0.07692307692307693 0.04807692307692308
1 0.41586538461538464 0.5901442307692307 0.07451923076923077 0.04567307692307692
1 0.26322115384615385 0.390625 0.11057692307692307 0.0625
1 0.2403846153846154 0.3161057692307692 0.07932692307692307 0.04326923076923077
1 0.16826923076923078 0.28966346153846156 0.07932692307692307 0.04807692307692308
1 0.13581730769230768 0.32091346153846156 0.08173076923076923 0.038461538461538464
1 0.11057692307692307 0.39302884615384615 0.06971153846153846 0.06490384615384616
1 0.18509615384615385 0.48197115384615385 0.10096153846153846 0.0625
1 0.0889423076923077 0.5084134615384616 0.10576923076923077 0.0625
1 0.11057692307692307 0.45072115384615385 0.10817307692307693 0.057692307692307696
1 0.05889423076923077 0.5516826923076923 0.08173076923076923 0.04567307692307692
1 0.03365384615384615 0.5865384615384616 0.0673076923076923 0.052884615384615384
1 0.02283653846153846 0.41586538461538464 0.04567307692307692 0.04326923076923077
1 0.9266826923076923 0.6237980769230769 0.10096153846153846 0.07211538461538461
1 0.7319711538461539 0.6298076923076923 0.10576923076923077 0.057692307692307696
1 0.75 0.7524038461538461 0.10576923076923077 0.03365384615384615
0 0.4110576923076923 0.9387019230769231 0.15384615384615385 0.12259615384615384
1 0.014423076923076924 0.8052884615384616 0.028846153846153848 0.0673076923076923
1 0.11538461538461539 0.8689903846153846 0.13221153846153846 0.052884615384615384
1 0.19230769230769232 0.9627403846153846 0.10336538461538461 0.07211538461538461
1 0.37740384615384615 0.8185096153846154 0.11538461538461539 0.057692307692307696
0 0.7211538461538461 0.8305288461538461 0.1201923076923077 0.0625
0 0.9735576923076923 0.9230769230769231 0.052884615384615384 0.057692307692307696