0 0.07091346153846154 0.4951923076923077 0.0673076923076923 0.0889423076923077
0 0.08653846153846154 0.4182692307692308 0.07211538461538461 0.09134615384615384
0 0.7716346153846154 0.5673076923076923 0.057692307692307696 0.13942307692307693
0 0.8305288461538461 0.45552884615384615 0.0673076923076923 0.11298076923076923
0 0.2536057692307692 0.9519230769230769 0.06971153846153846 0.09615384615384616
0 0.1875 0.8425480769230769 0.038461538461538464 0.125
0 0.11658653846153846 0.8076923076923077 0.055288461538461536 0.13701923076923078
1 0.3161057692307692 0.9014423076923077 0.016826923076923076 0.13942307692307693
1 0.42427884615384615 0.9122596153846154 0.0673076923076923 0.1201923076923077
1 0.6298076923076923 0.9459134615384616 0.0673076923076923 0.10817307692307693
1 0.35336538461538464 0.7475961538461539 0.0625 0.13942307692307693
0 0.5408653846153846 0.8713942307692307 0.10817307692307693 0.14903846153846154