1 0.09975961538461539 0.17307692307692307 0.10096153846153846 0.04326923076923077
1 0.030048076923076924 0.25240384615384615 0.06009615384615385 0.052884615384615384
1 0.03245192307692308 0.4495192307692308 0.06490384615384616 0.04807692307692308
1 0.07211538461538461 0.38221153846153844 0.10096153846153846 0.052884615384615384
1 0.10336538461538461 0.5108173076923077 0.07692307692307693 0.038461538461538464
1 0.1971153846153846 0.421875 0.0673076923076923 0.040865384615384616
1 0.2283653846153846 0.5841346153846154 0.08653846153846154 0.028846153846153848
1 0.203125 0.3173076923076923 0.06490384615384616 0.038461538461538464
1 0.21033653846153846 0.21995192307692307 0.07211538461538461 0.04326923076923077
1 0.35336538461538464 0.5588942307692307 0.09615384615384616 0.04807692307692308
1 0.35096153846153844 0.4543269230769231 0.09134615384615384 0.04567307692307692
1 0.328125 0.36778846153846156 0.0889423076923077 0.04807692307692308
1 0.32211538461538464 0.328125 0.0673076923076923 0.038461538461538464
1 0.4543269230769231 0.3954326923076923 0.07211538461538461 0.04326923076923077
0 0.04447115384615385 0.12379807692307693 0.08413461538461539 0.07932692307692307
0 0.09975961538461539 0.5420673076923077 0.12980769230769232 0.04326923076923077
0 0.27524038461538464 0.5180288461538461 0.14182692307692307 0.03125
0 0.515625 0.28846153846153844 0.04567307692307692 0.07211538461538461
0 0.23798076923076922 0.859375 0.10576923076923077 0.07451923076923077
0 0.22115384615384615 0.9831730769230769 0.11538461538461539 0.03365384615384615
0 0.5576923076923077 0.8365384615384616 0.038461538461538464 0.04807692307692308
0 0.6778846153846154 0.7920673076923077 0.07692307692307693 0.07692307692307693
0 0.8713942307692307 0.8641826923076923 0.0673076923076923 0.08173076923076923