0 0.4567307692307692 0.34134615384615385 0.125 0.125
0 0.27524038461538464 0.40024038461538464 0.15384615384615385 0.10576923076923077
0 0.07572115384615384 0.4206730769230769 0.14903846153846154 0.11778846153846154
0 0.18028846153846154 0.21875 0.20673076923076922 0.07451923076923077
0 0.1502403846153846 0.11658653846153846 0.23076923076923078 0.052884615384615384
0 0.4423076923076923 0.14783653846153846 0.15384615384615385 0.14182692307692307
0 0.042067307692307696 0.2620192307692308 0.08413461538461539 0.1346153846153846
0 0.8882211538461539 0.46875 0.12259615384615384 0.0625
0 0.71875 0.39783653846153844 0.10096153846153846 0.05048076923076923
0 0.9603365384615384 0.38100961538461536 0.07451923076923077 0.05048076923076923
0 0.9747596153846154 0.3076923076923077 0.05048076923076923 0.0625
0 0.5841346153846154 0.4375 0.12980769230769232 0.09615384615384616
1 0.1875 0.5204326923076923 0.08173076923076923 0.040865384615384616
1 0.12620192307692307 0.6201923076923077 0.07692307692307693 0.040865384615384616
1 0.025240384615384616 0.5180288461538461 0.05048076923076923 0.036057692307692304