1 0.4891826923076923 0.09134615384615384 0.0673076923076923 0.11538461538461539
1 0.20793269230769232 0.47716346153846156 0.04807692307692308 0.09134615384615384
0 0.7788461538461539 0.3762019230769231 0.1201923076923077 0.10817307692307693
0 0.578125 0.6490384615384616 0.040865384615384616 0.25
0 0.7548076923076923 0.6634615384615384 0.0625 0.1346153846153846
0 0.7007211538461539 0.8137019230769231 0.0985576923076923 0.16826923076923078
0 0.71875 0.9579326923076923 0.08653846153846154 0.08413461538461539
0 0.8100961538461539 0.8257211538461539 0.10096153846153846 0.12980769230769232
0 0.84375 0.9278846153846154 0.11057692307692307 0.14423076923076922
1 0.9759615384615384 0.5072115384615384 0.04807692307692308 0.1201923076923077
1 0.9242788461538461 0.6899038461538461 0.0625 0.11538461538461539
1 0.9651442307692307 0.9026442307692307 0.06971153846153846 0.1658653846153846