0 0.15625 0.33052884615384615 0.11538461538461539 0.0673076923076923
1 0.7932692307692307 0.4050480769230769 0.10576923076923077 0.0625
1 0.6322115384615384 0.44591346153846156 0.07692307692307693 0.04807692307692308
1 0.640625 0.16826923076923078 0.10336538461538461 0.0625
1 0.6610576923076923 0.09495192307692307 0.07932692307692307 0.04326923076923077
1 0.7331730769230769 0.06850961538461539 0.07932692307692307 0.04807692307692308
1 0.765625 0.09975961538461539 0.08173076923076923 0.038461538461538464
1 0.7908653846153846 0.171875 0.06971153846153846 0.06490384615384616
1 0.7163461538461539 0.2608173076923077 0.10096153846153846 0.0625
1 0.8125 0.28725961538461536 0.10576923076923077 0.0625
1 0.7908653846153846 0.22956730769230768 0.10817307692307693 0.057692307692307696
1 0.8425480769230769 0.33052884615384615 0.08173076923076923 0.04567307692307692
1 0.875 0.36538461538461536 0.08173076923076923 0.052884615384615384
1 0.9014423076923077 0.19591346153846154 0.09134615384615384 0.04326923076923077
1 0.9567307692307693 0.07692307692307693 0.08653846153846154 0.057692307692307696
1 0.16706730769230768 0.7608173076923077 0.0889423076923077 0.04807692307692308
1 0.3004807692307692 0.6670673076923077 0.1201923076923077 0.06009615384615385
1 0.32572115384615385 0.5973557692307693 0.07932692307692307 0.04326923076923077
1 0.1875 0.5480769230769231 0.0673076923076923 0.04807692307692308
1 0.21394230769230768 0.5901442307692307 0.07932692307692307 0.06009615384615385
1 0.016826923076923076 0.6201923076923077 0.03365384615384615 0.038461538461538464
1 0.06971153846153846 0.6310096153846154 0.10096153846153846 0.06009615384615385
1 0.13221153846153846 0.5985576923076923 0.09615384615384616 0.055288461538461536
0 0.7127403846153846 0.9483173076923077 0.14182692307692307 0.07692307692307693
0 0.9314903846153846 0.8798076923076923 0.13701923076923078 0.08653846153846154