1 0.078125 0.02283653846153846 0.09375 0.04567307692307692
1 0.6538461538461539 0.4699519230769231 0.20192307692307693 0.10576923076923077
1 0.49278846153846156 0.5853365384615384 0.10576923076923077 0.026442307692307692
1 0.6887019230769231 0.09254807692307693 0.12740384615384615 0.07211538461538461
1 0.5012019230769231 0.07932692307692307 0.12259615384615384 0.07211538461538461
0 0.9194711538461539 0.20432692307692307 0.16105769230769232 0.07211538461538461
0 0.9399038461538461 0.328125 0.1201923076923077 0.13221153846153846
0 0.9459134615384616 0.06009615384615385 0.10817307692307693 0.08653846153846154
0 0.5288461538461539 0.3425480769230769 0.1778846153846154 0.11298076923076923
0 0.4699519230769231 0.17548076923076922 0.06009615384615385 0.07211538461538461
1 0.3942307692307692 0.6923076923076923 0.09134615384615384 0.0625
0 0.9483173076923077 0.9603365384615384 0.10336538461538461 0.06009615384615385