1 0.5829326923076923 0.21754807692307693 0.08653846153846154 0.1778846153846154
1 0.625 0.5480769230769231 0.07932692307692307 0.11057692307692307
1 0.44591346153846156 0.5108173076923077 0.05889423076923077 0.109375
1 0.3762019230769231 0.6959134615384616 0.08173076923076923 0.12740384615384615
1 0.25 0.5036057692307693 0.0673076923076923 0.1346153846153846
1 0.30408653846153844 0.8774038461538461 0.07211538461538461 0.12379807692307693
0 0.46274038461538464 0.22596153846153846 0.1201923076923077 0.12860576923076922
0 0.5408653846153846 0.44350961538461536 0.06009615384615385 0.078125
0 0.7427884615384616 0.44471153846153844 0.11298076923076923 0.18870192307692307
0 0.16346153846153846 0.6538461538461539 0.08173076923076923 0.18990384615384615
0 0.4675480769230769 0.7439903846153846 0.09375 0.19951923076923078
0 0.6346153846153846 0.8209134615384616 0.13822115384615385 0.20793269230769232