1 0.7944711538461539 0.9795673076923077 0.10336538461538461 0.040865384615384616
1 0.7632211538461539 0.8786057692307693 0.0985576923076923 0.052884615384615384
1 0.6959134615384616 0.8161057692307693 0.08653846153846154 0.03365384615384615
1 0.6526442307692307 0.9350961538461539 0.0673076923076923 0.04326923076923077
1 0.5625 0.8112980769230769 0.07211538461538461 0.04807692307692308
1 0.6021634615384616 0.6850961538461539 0.10336538461538461 0.04326923076923077
1 0.7572115384615384 0.7127403846153846 0.04807692307692308 0.04807692307692308
1 0.8798076923076923 0.7163461538461539 0.06971153846153846 0.038461538461538464
1 0.8858173076923077 0.7860576923076923 0.09615384615384616 0.04326923076923077
1 0.9543269230769231 0.5793269230769231 0.09134615384615384 0.04807692307692308
1 0.8485576923076923 0.6045673076923077 0.09615384615384616 0.05048076923076923
1 0.6814903846153846 0.5576923076923077 0.0673076923076923 0.03365384615384615
1 0.6009615384615384 0.5673076923076923 0.0673076923076923 0.05048076923076923
0 0.578125 0.9038461538461539 0.07211538461538461 0.07932692307692307
0 0.9206730769230769 0.8966346153846154 0.1201923076923077 0.06490384615384616
0 0.9447115384615384 0.6346153846153846 0.11057692307692307 0.052884615384615384
0 0.7127403846153846 0.6526442307692307 0.1201923076923077 0.0625
1 0.9519230769230769 0.9591346153846154 0.08173076923076923 0.04326923076923077