0 0.8509615384615384 0.4831730769230769 0.10096153846153846 0.11057692307692307
0 0.9423076923076923 0.28846153846153844 0.11538461538461539 0.17307692307692307
0 0.7175480769230769 0.11778846153846154 0.11298076923076923 0.23557692307692307
0 0.8665865384615384 0.05048076923076923 0.0985576923076923 0.10096153846153846
0 0.5685096153846154 0.21394230769230768 0.13701923076923078 0.21634615384615385
1 0.6298076923076923 0.5012019230769231 0.08173076923076923 0.07451923076923077
1 0.734375 0.47115384615384615 0.06971153846153846 0.1346153846153846
1 0.8040865384615384 0.38461538461538464 0.04807692307692308 0.09615384615384616
1 0.9290865384615384 0.06490384615384616 0.0625 0.10576923076923077
1 0.6586538461538461 0.2956730769230769 0.0625 0.1201923076923077
1 0.5180288461538461 0.04807692307692308 0.036057692307692304 0.09615384615384616
0 0.3016826923076923 0.8605769230769231 0.057692307692307696 0.14423076923076922
0 0.25721153846153844 0.6875 0.07211538461538461 0.11538461538461539
0 0.9903846153846154 0.8701923076923077 0.019230769230769232 0.15384615384615385
0 0.9735576923076923 0.7139423076923077 0.052884615384615384 0.07692307692307693
0 0.9086538461538461 0.8040865384615384 0.052884615384615384 0.12980769230769232
0 0.8822115384615384 0.6658653846153846 0.06971153846153846 0.10336538461538461
0 0.8341346153846154 0.5973557692307693 0.09615384615384616 0.11778846153846154
0 0.9375 0.5552884615384616 0.04326923076923077 0.03365384615384615