1 0.30528846153846156 0.5961538461538461 0.07932692307692307 0.04326923076923077
1 0.10576923076923077 0.6225961538461539 0.09615384615384616 0.04807692307692308
1 0.9879807692307693 0.26802884615384615 0.02403846153846154 0.05048076923076923
1 0.9026442307692307 0.3786057692307692 0.08173076923076923 0.04807692307692308
1 0.8245192307692307 0.29447115384615385 0.08173076923076923 0.04326923076923077
1 0.3894230769230769 0.9747596153846154 0.08173076923076923 0.04807692307692308
1 0.4411057692307692 0.8509615384615384 0.07451923076923077 0.0625
1 0.4699519230769231 0.6766826923076923 0.016826923076923076 0.04567307692307692
1 0.4387019230769231 0.7608173076923077 0.07932692307692307 0.06971153846153846
1 0.3701923076923077 0.8762019230769231 0.07211538461538461 0.04807692307692308
1 0.3125 0.8509615384615384 0.07692307692307693 0.055288461538461536
1 0.22355769230769232 0.8293269230769231 0.10576923076923077 0.06009615384615385
1 0.2247596153846154 0.7776442307692307 0.07932692307692307 0.057692307692307696
1 0.23317307692307693 0.7151442307692307 0.09615384615384616 0.057692307692307696
1 0.30528846153846156 0.6682692307692307 0.08173076923076923 0.038461538461538464
1 0.19230769230769232 0.6598557692307693 0.10576923076923077 0.021634615384615384
1 0.39903846153846156 0.6923076923076923 0.11057692307692307 0.04807692307692308