1 0.4987980769230769 0.33653846153846156 0.04326923076923077 0.06971153846153846
1 0.31009615384615385 0.30288461538461536 0.057692307692307696 0.10576923076923077
1 0.37259615384615385 0.4543269230769231 0.0625 0.028846153846153848
1 0.4375 0.7932692307692307 0.04807692307692308 0.09134615384615384
1 0.39302884615384615 0.7932692307692307 0.0673076923076923 0.11538461538461539
1 0.34375 0.7932692307692307 0.04807692307692308 0.0889423076923077
1 0.3016826923076923 0.7920673076923077 0.052884615384615384 0.08413461538461539
1 0.34615384615384615 0.6189903846153846 0.052884615384615384 0.09134615384615384
1 0.25 0.5192307692307693 0.0625 0.09615384615384616
1 0.109375 0.5348557692307693 0.0673076923076923 0.11538461538461539
1 0.09615384615384616 0.6478365384615384 0.04807692307692308 0.08173076923076923
1 0.1045673076923077 0.7007211538461539 0.055288461538461536 0.08653846153846154
1 0.11177884615384616 0.7884615384615384 0.0673076923076923 0.10096153846153846
1 0.2091346153846154 0.8786057692307693 0.06490384615384616 0.11057692307692307
1 0.2283653846153846 0.9471153846153846 0.04567307692307692 0.0673076923076923
1 0.31971153846153844 0.8990384615384616 0.06009615384615385 0.10576923076923077
1 0.265625 0.9050480769230769 0.057692307692307696 0.10096153846153846
1 0.9747596153846154 0.7055288461538461 0.04326923076923077 0.0889423076923077
1 0.875 0.7692307692307693 0.04567307692307692 0.07692307692307693
1 0.9795673076923077 0.8882211538461539 0.040865384615384616 0.0889423076923077
1 0.8978365384615384 0.9627403846153846 0.05048076923076923 0.07451923076923077