1 0.09134615384615384 0.40024038461538464 0.0985576923076923 0.057692307692307696
1 0.03245192307692308 0.3173076923076923 0.06490384615384616 0.052884615384615384
1 0.028846153846153848 0.12259615384615384 0.057692307692307696 0.057692307692307696
1 0.09975961538461539 0.06490384615384616 0.07211538461538461 0.038461538461538464
1 0.07451923076923077 0.18870192307692307 0.09615384615384616 0.057692307692307696
1 0.20793269230769232 0.25841346153846156 0.08653846153846154 0.04326923076923077
1 0.20793269230769232 0.35096153846153844 0.09134615384615384 0.052884615384615384
1 0.31850961538461536 0.2512019230769231 0.07211538461538461 0.038461538461538464
1 0.33052884615384615 0.20432692307692307 0.08653846153846154 0.05048076923076923
1 0.3557692307692308 0.11538461538461539 0.10096153846153846 0.052884615384615384
1 0.35697115384615385 0.019230769230769232 0.08413461538461539 0.038461538461538464
1 0.4495192307692308 0.17908653846153846 0.08173076923076923 0.038461538461538464
0 0.2764423076923077 0.056490384615384616 0.13942307692307693 0.03365384615384615
0 0.10336538461538461 0.027644230769230768 0.13221153846153846 0.04326923076923077
0 0.046875 0.44711538461538464 0.09375 0.08173076923076923
0 0.5168269230769231 0.28846153846153844 0.04326923076923077 0.07692307692307693
0 0.5516826923076923 0.16826923076923078 0.026442307692307692 0.04807692307692308
0 0.5841346153846154 0.030048076923076924 0.09134615384615384 0.06009615384615385
0 0.875 0.01201923076923077 0.08653846153846154 0.02403846153846154
0 0.7211538461538461 0.19831730769230768 0.052884615384615384 0.03125
0 0.6862980769230769 0.34615384615384615 0.11057692307692307 0.06009615384615385
0 0.875 0.2860576923076923 0.08173076923076923 0.057692307692307696
0 0.04927884615384615 0.7115384615384616 0.0985576923076923 0.0673076923076923
1 0.6646634615384616 0.9098557692307693 0.13942307692307693 0.0673076923076923
1 0.5745192307692307 0.7680288461538461 0.07211538461538461 0.0985576923076923