1 0.35096153846153844 0.12740384615384615 0.055288461538461536 0.09014423076923077
1 0.4675480769230769 0.0673076923076923 0.04567307692307692 0.08052884615384616
1 0.4795673076923077 0.18870192307692307 0.07451923076923077 0.109375
1 0.5420673076923077 0.12379807692307693 0.055288461538461536 0.09975961538461539
1 0.6069711538461539 0.21394230769230768 0.04567307692307692 0.07091346153846154
1 0.6862980769230769 0.3401442307692308 0.037259615384615384 0.07572115384615384
1 0.7536057692307693 0.4855769230769231 0.04326923076923077 0.078125
1 0.6586538461538461 0.4735576923076923 0.055288461538461536 0.09014423076923077
1 0.5552884615384616 0.46634615384615385 0.055288461538461536 0.08413461538461539
1 0.49278846153846156 0.5625 0.046875 0.06850961538461539
1 0.46875 0.4411057692307692 0.05048076923076923 0.08173076923076923
1 0.42788461538461536 0.4387019230769231 0.039663461538461536 0.07572115384615384
1 0.4110576923076923 0.3173076923076923 0.037259615384615384 0.06971153846153846
1 0.31490384615384615 0.3173076923076923 0.04567307692307692 0.078125
1 0.5192307692307693 0.31009615384615385 0.04807692307692308 0.078125
1 0.27163461538461536 0.20552884615384615 0.057692307692307696 0.08774038461538461
0 0.6442307692307693 0.2127403846153846 0.06129807692307692 0.12860576923076922
0 0.38100961538461536 0.6586538461538461 0.0829326923076923 0.10096153846153846
0 0.22596153846153846 0.15504807692307693 0.0889423076923077 0.06610576923076923
0 0.6081730769230769 0.3798076923076923 0.05048076923076923 0.13701923076923078