1 0.2668269230769231 0.21754807692307693 0.04567307692307692 0.07932692307692307
1 0.3473557692307692 0.13341346153846154 0.04807692307692308 0.08774038461538461
1 0.46033653846153844 0.06850961538461539 0.036057692307692304 0.07211538461538461
1 0.5456730769230769 0.12740384615384615 0.04447115384615385 0.09014423076923077
1 0.6057692307692307 0.20793269230769232 0.03125 0.06971153846153846
1 0.47475961538461536 0.18629807692307693 0.054086538461538464 0.09375
1 0.41225961538461536 0.3233173076923077 0.03365384615384615 0.06370192307692307
1 0.31490384615384615 0.33533653846153844 0.038461538461538464 0.07692307692307693
1 0.5192307692307693 0.3076923076923077 0.042067307692307696 0.06490384615384616
1 0.6862980769230769 0.3317307692307692 0.042067307692307696 0.07451923076923077
1 0.4254807692307692 0.43990384615384615 0.04567307692307692 0.06370192307692307
1 0.46875 0.4423076923076923 0.05048076923076923 0.07932692307692307
1 0.5540865384615384 0.4579326923076923 0.04807692307692308 0.08533653846153846
1 0.6586538461538461 0.46153846153846156 0.04807692307692308 0.08774038461538461
1 0.7536057692307693 0.4735576923076923 0.037259615384615384 0.07091346153846154
1 0.4951923076923077 0.5673076923076923 0.04326923076923077 0.07211538461538461
0 0.6129807692307693 0.3858173076923077 0.036057692307692304 0.140625
0 0.6394230769230769 0.20673076923076922 0.046875 0.13221153846153846
0 0.22115384615384615 0.16826923076923078 0.07692307692307693 0.08173076923076923
0 0.390625 0.6706730769230769 0.07211538461538461 0.09495192307692307