1 0.3605769230769231 0.29447115384615385 0.0733173076923077 0.13221153846153846
1 0.21875 0.27163461538461536 0.07572115384615384 0.125
1 0.20432692307692307 0.48197115384615385 0.08052884615384616 0.15264423076923078
1 0.28365384615384615 0.47836538461538464 0.06370192307692307 0.11899038461538461
1 0.3942307692307692 0.47475961538461536 0.0625 0.12259615384615384
1 0.3329326923076923 0.7439903846153846 0.0829326923076923 0.1466346153846154
1 0.2512019230769231 0.78125 0.0673076923076923 0.1201923076923077
1 0.4326923076923077 0.9447115384615384 0.11538461538461539 0.11057692307692307
0 0.4375 0.08413461538461539 0.12139423076923077 0.13341346153846154
0 0.5805288461538461 0.19471153846153846 0.08413461538461539 0.13341346153846154
0 0.4639423076923077 0.2403846153846154 0.06971153846153846 0.10817307692307693
0 0.5012019230769231 0.40024038461538464 0.038461538461538464 0.08413461538461539
0 0.4699519230769231 0.6442307692307693 0.07211538461538461 0.1310096153846154
0 0.5985576923076923 0.5072115384615384 0.08533653846153846 0.1622596153846154
0 0.578125 0.7644230769230769 0.09615384615384616 0.1875