1 0.4831730769230769 0.33653846153846156 0.0673076923076923 0.10576923076923077
1 0.6117788461538461 0.6694711538461539 0.06370192307692307 0.13822115384615385
1 0.41225961538461536 0.25721153846153844 0.08052884615384616 0.11658653846153846
1 0.31009615384615385 0.1935096153846154 0.07572115384615384 0.12379807692307693
1 0.33413461538461536 0.4411057692307692 0.052884615384615384 0.12259615384615384
1 0.18269230769230768 0.6826923076923077 0.07692307692307693 0.1141826923076923
1 0.27163461538461536 0.7980769230769231 0.06009615384615385 0.10336538461538461
1 0.35096153846153844 0.8629807692307693 0.07091346153846154 0.11899038461538461
1 0.45552884615384615 0.8233173076923077 0.055288461538461536 0.10576923076923077
0 0.640625 0.4543269230769231 0.15144230769230768 0.16706730769230768
0 0.5168269230769231 0.21514423076923078 0.10216346153846154 0.16706730769230768
0 0.25240384615384615 0.5240384615384616 0.12860576923076922 0.19951923076923078
0 0.3894230769230769 0.6237980769230769 0.09375 0.2536057692307692
0 0.5408653846153846 0.7331730769230769 0.10216346153846154 0.16826923076923078