0 0.421875 0.07692307692307693 0.07451923076923077 0.14423076923076922
0 0.3629807692307692 0.2091346153846154 0.08653846153846154 0.08173076923076923
0 0.4495192307692308 0.28365384615384615 0.04807692307692308 0.10096153846153846
0 0.48197115384615385 0.20192307692307693 0.04807692307692308 0.12740384615384615
0 0.4735576923076923 0.040865384615384616 0.03365384615384615 0.08173076923076923
1 0.9819711538461539 0.16346153846153846 0.036057692307692304 0.09615384615384616
1 0.17548076923076922 0.9555288461538461 0.057692307692307696 0.0889423076923077
1 0.30528846153846156 0.9182692307692307 0.04326923076923077 0.07211538461538461
1 0.22115384615384615 0.6394230769230769 0.052884615384615384 0.08413461538461539
1 0.3076923076923077 0.6778846153846154 0.04326923076923077 0.0673076923076923
1 0.45552884615384615 0.9903846153846154 0.03125 0.019230769230769232
0 0.1971153846153846 0.7439903846153846 0.057692307692307696 0.125
0 0.41466346153846156 0.8461538461538461 0.04807692307692308 0.125
0 0.46153846153846156 0.8161057692307693 0.055288461538461536 0.13942307692307693