1 0.46634615384615385 0.11057692307692307 0.0625 0.18269230769230768
1 0.375 0.125 0.04807692307692308 0.10576923076923077
1 0.8245192307692307 0.02403846153846154 0.052884615384615384 0.04807692307692308
1 0.6117788461538461 0.014423076923076924 0.06009615384615385 0.028846153846153848
1 0.5793269230769231 0.09975961538461539 0.038461538461538464 0.07692307692307693
1 0.6814903846153846 0.109375 0.04807692307692308 0.07932692307692307
1 0.7764423076923077 0.11177884615384616 0.038461538461538464 0.07692307692307693
1 0.6706730769230769 0.2283653846153846 0.040865384615384616 0.06971153846153846
1 0.6298076923076923 0.23557692307692307 0.055288461538461536 0.07932692307692307
1 0.5516826923076923 0.25721153846153844 0.026442307692307692 0.08653846153846154
1 0.6033653846153846 0.3581730769230769 0.038461538461538464 0.07211538461538461
0 0.7115384615384616 0.4567307692307692 0.08173076923076923 0.10096153846153846
1 0.8581730769230769 0.7163461538461539 0.0673076923076923 0.07692307692307693
1 0.7608173076923077 0.7055288461538461 0.07451923076923077 0.055288461538461536