0 0.015625 0.057692307692307696 0.03125 0.0673076923076923
1 0.5204326923076923 0.1658653846153846 0.09375 0.04807692307692308
1 0.46875 0.24519230769230768 0.08173076923076923 0.04807692307692308
1 0.5336538461538461 0.3449519230769231 0.08653846153846154 0.04567307692307692
1 0.6526442307692307 0.23798076923076922 0.08653846153846154 0.04807692307692308
1 0.7307692307692307 0.32091346153846156 0.08653846153846154 0.04807692307692308
1 0.0829326923076923 0.5540865384615384 0.125 0.06009615384615385
1 0.10817307692307693 0.6322115384615384 0.08173076923076923 0.04807692307692308
1 0.17668269230769232 0.6514423076923077 0.07692307692307693 0.04567307692307692
1 0.21394230769230768 0.6237980769230769 0.0673076923076923 0.038461538461538464
1 0.23677884615384615 0.5480769230769231 0.07211538461538461 0.0673076923076923
1 0.234375 0.515625 0.10817307692307693 0.01201923076923077
1 0.3425480769230769 0.5300480769230769 0.07451923076923077 0.040865384615384616
1 0.36899038461538464 0.6442307692307693 0.021634615384615384 0.057692307692307696
1 0.6009615384615384 0.5360576923076923 0.11298076923076923 0.05048076923076923
1 0.5997596153846154 0.5829326923076923 0.07932692307692307 0.04807692307692308
1 0.6021634615384616 0.6213942307692307 0.07692307692307693 0.04807692307692308
1 0.4375 0.5817307692307693 0.09134615384615384 0.052884615384615384
1 0.4579326923076923 0.8305288461538461 0.07692307692307693 0.04807692307692308
1 0.5228365384615384 0.8233173076923077 0.0673076923076923 0.05048076923076923
1 0.5949519230769231 0.8161057692307693 0.09134615384615384 0.055288461538461536
1 0.6911057692307693 0.7139423076923077 0.09134615384615384 0.0625
1 0.7524038461538461 0.6947115384615384 0.08653846153846154 0.04567307692307692
1 0.7079326923076923 0.6057692307692307 0.11057692307692307 0.055288461538461536
1 0.7163461538461539 0.6610576923076923 0.0985576923076923 0.0625
1 0.8918269230769231 0.6646634615384616 0.0889423076923077 0.055288461538461536