1 0.7115384615384616 0.06971153846153846 0.052884615384615384 0.13942307692307693
1 0.6225961538461539 0.09735576923076923 0.057692307692307696 0.125
1 0.8004807692307693 0.07692307692307693 0.08413461538461539 0.15384615384615385
1 0.7836538461538461 0.32091346153846156 0.07211538461538461 0.09615384615384616
1 0.6923076923076923 0.2764423076923077 0.07692307692307693 0.13221153846153846
1 0.6658653846153846 0.43149038461538464 0.10576923076923077 0.11298076923076923
0 0.515625 0.039663461538461536 0.10336538461538461 0.07932692307692307
0 0.23557692307692307 0.1141826923076923 0.13701923076923078 0.18028846153846154
0 0.3317307692307692 0.2091346153846154 0.14903846153846154 0.22596153846153846
0 0.4807692307692308 0.18629807692307693 0.11538461538461539 0.125
0 0.5252403846153846 0.28365384615384615 0.1201923076923077 0.12740384615384615
0 0.36538461538461536 0.45913461538461536 0.14903846153846154 0.057692307692307696
1 0.018028846153846152 0.515625 0.036057692307692304 0.055288461538461536
0 0.5432692307692307 0.75 0.1346153846153846 0.19230769230769232
0 0.6574519230769231 0.6177884615384616 0.0673076923076923 0.20432692307692307
0 0.4182692307692308 0.5757211538461539 0.10576923076923077 0.17548076923076922
1 0.7620192307692307 0.5228365384615384 0.0625 0.06971153846153846
1 0.875 0.5637019230769231 0.08653846153846154 0.15144230769230768
1 0.8305288461538461 0.7908653846153846 0.07211538461538461 0.12980769230769232
1 0.3269230769230769 0.9411057692307693 0.09615384615384616 0.11778846153846154