1 0.6622596153846154 0.016826923076923076 0.055288461538461536 0.03365384615384615
1 0.5084134615384616 0.037259615384615384 0.06009615384615385 0.07451923076923077
0 0.24639423076923078 0.30408653846153844 0.13221153846153846 0.0889423076923077
0 0.027644230769230768 0.5841346153846154 0.055288461538461536 0.17307692307692307
0 0.23076923076923078 0.8930288461538461 0.11057692307692307 0.21394230769230768
1 0.21153846153846154 0.44471153846153844 0.08173076923076923 0.1346153846153846
1 0.1045673076923077 0.31490384615384615 0.0673076923076923 0.10096153846153846
1 0.03245192307692308 0.4423076923076923 0.057692307692307696 0.10576923076923077
1 0.11057692307692307 0.4963942307692308 0.0625 0.125
1 0.125 0.6694711538461539 0.09134615384615384 0.15384615384615385
1 0.15264423076923078 0.8389423076923077 0.0673076923076923 0.11538461538461539
1 0.02283653846153846 0.8629807692307693 0.04567307692307692 0.125
1 0.22355769230769232 0.6141826923076923 0.08413461538461539 0.15865384615384615
0 0.5372596153846154 0.5420673076923077 0.07451923076923077 0.125