1 0.04447115384615385 0.2980769230769231 0.0889423076923077 0.019230769230769232
1 0.05048076923076923 0.18028846153846154 0.10096153846153846 0.0625
1 0.16706730769230768 0.16466346153846154 0.07211538461538461 0.04326923076923077
1 0.22115384615384615 0.171875 0.07211538461538461 0.052884615384615384
1 0.30288461538461536 0.1814903846153846 0.10576923076923077 0.052884615384615384
1 0.39783653846153844 0.2800480769230769 0.0985576923076923 0.055288461538461536
1 0.4651442307692308 0.28966346153846156 0.06971153846153846 0.036057692307692304
0 0.6502403846153846 0.036057692307692304 0.10336538461538461 0.07211538461538461
0 0.7944711538461539 0.10096153846153846 0.2620192307692308 0.08173076923076923
1 0.28846153846153844 0.9759615384615384 0.0889423076923077 0.04807692307692308
1 0.140625 0.9735576923076923 0.0889423076923077 0.052884615384615384
1 0.10576923076923077 0.8798076923076923 0.10336538461538461 0.055288461538461536
1 0.22115384615384615 0.8918269230769231 0.07692307692307693 0.038461538461538464
1 0.203125 0.9278846153846154 0.11538461538461539 0.057692307692307696
1 0.30288461538461536 0.9134615384615384 0.08173076923076923 0.052884615384615384
1 0.36538461538461536 0.9338942307692307 0.07692307692307693 0.0625
1 0.29086538461538464 0.8197115384615384 0.08173076923076923 0.04326923076923077
1 0.2980769230769231 0.7740384615384616 0.07692307692307693 0.040865384615384616
1 0.41225961538461536 0.7560096153846154 0.10336538461538461 0.0625
1 0.4519230769230769 0.8028846153846154 0.09615384615384616 0.057692307692307696
1 0.18870192307692307 0.6814903846153846 0.08653846153846154 0.04567307692307692
1 0.22355769230769232 0.6117788461538461 0.09134615384615384 0.04807692307692308
0 0.6009615384615384 0.8161057692307693 0.10817307692307693 0.0985576923076923
0 0.5913461538461539 0.6862980769230769 0.09615384615384616 0.04326923076923077
0 0.671875 0.6009615384615384 0.1346153846153846 0.057692307692307696