1 0.36177884615384615 0.04447115384615385 0.040865384615384616 0.0673076923076923
1 0.2668269230769231 0.038461538461538464 0.04807692307692308 0.07692307692307693
1 0.1622596153846154 0.036057692307692304 0.04567307692307692 0.07211538461538461
1 0.07451923076923077 0.02403846153846154 0.04326923076923077 0.04807692307692308
1 0.036057692307692304 0.027644230769230768 0.03365384615384615 0.055288461538461536
1 0.10336538461538461 0.1346153846153846 0.04326923076923077 0.06971153846153846
0 0.2247596153846154 0.018028846153846152 0.03125 0.036057692307692304
0 0.015625 0.24519230769230768 0.03125 0.10576923076923077
1 0.6947115384615384 0.21514423076923078 0.057692307692307696 0.11538461538461539
1 0.5600961538461539 0.1814903846153846 0.052884615384615384 0.07211538461538461
0 0.6682692307692307 0.038461538461538464 0.057692307692307696 0.07692307692307693
0 0.4675480769230769 0.10216346153846154 0.055288461538461536 0.13221153846153846
0 0.19471153846153846 0.4831730769230769 0.028846153846153848 0.06971153846153846
0 0.2692307692307692 0.5721153846153846 0.04807692307692308 0.11778846153846154
0 0.1141826923076923 0.5949519230769231 0.036057692307692304 0.0673076923076923
0 0.15144230769230768 0.6790865384615384 0.038461538461538464 0.07211538461538461
0 0.2091346153846154 0.75 0.04567307692307692 0.08413461538461539
1 0.04447115384615385 0.7992788461538461 0.04567307692307692 0.09134615384615384
1 0.019230769230769232 0.6574519230769231 0.038461538461538464 0.06971153846153846
1 0.11057692307692307 0.9242788461538461 0.055288461538461536 0.11538461538461539
1 0.17668269230769232 0.6081730769230769 0.03365384615384615 0.06490384615384616
1 0.24158653846153846 0.6598557692307693 0.04807692307692308 0.08173076923076923
0 0.07932692307692307 0.46634615384615385 0.07211538461538461 0.10576923076923077
1 0.04807692307692308 0.5685096153846154 0.04807692307692308 0.0625
0 0.19951923076923078 0.8990384615384616 0.0889423076923077 0.14423076923076922
1 0.5348557692307693 0.40865384615384615 0.06009615384615385 0.057692307692307696
1 0.8713942307692307 0.40024038461538464 0.036057692307692304 0.040865384615384616
1 0.7463942307692307 0.39663461538461536 0.06490384615384616 0.03365384615384615
1 0.5841346153846154 0.5084134615384616 0.040865384615384616 0.07211538461538461
1 0.6814903846153846 0.5 0.038461538461538464 0.07451923076923077
1 0.7836538461538461 0.4795673076923077 0.038461538461538464 0.0673076923076923
1 0.6911057692307693 0.6117788461538461 0.036057692307692304 0.07692307692307693
1 0.7355769230769231 0.6141826923076923 0.05048076923076923 0.09134615384615384
1 0.8221153846153846 0.6382211538461539 0.052884615384615384 0.08653846153846154
1 0.9290865384615384 0.6334134615384616 0.052884615384615384 0.07692307692307693
1 0.9507211538461539 0.5060096153846154 0.04807692307692308 0.06490384615384616
1 0.7632211538461539 0.7391826923076923 0.04326923076923077 0.0673076923076923
0 0.8822115384615384 0.5600961538461539 0.038461538461538464 0.12980769230769232
0 0.9086538461538461 0.4074519230769231 0.04326923076923077 0.055288461538461536
0 0.6742788461538461 0.9242788461538461 0.07692307692307693 0.09375