1 0.5384615384615384 0.25240384615384615 0.019230769230769232 0.04326923076923077
1 0.4266826923076923 0.18629807692307693 0.0673076923076923 0.040865384615384616
1 0.43509615384615385 0.2800480769230769 0.08173076923076923 0.04807692307692308
1 0.4411057692307692 0.3858173076923077 0.08653846153846154 0.04567307692307692
1 0.46033653846153844 0.4723557692307692 0.07692307692307693 0.04326923076923077
1 0.45552884615384615 0.5120192307692307 0.07932692307692307 0.03365384615384615
1 0.33653846153846156 0.44471153846153844 0.06971153846153846 0.04326923076923077
0 0.49038461538461536 0.3233173076923077 0.11538461538461539 0.03125
0 0.2247596153846154 0.5528846153846154 0.10576923076923077 0.07211538461538461
1 0.8425480769230769 0.3701923076923077 0.1201923076923077 0.0673076923076923
1 0.8293269230769231 0.2668269230769231 0.09615384615384616 0.04807692307692308
0 0.46634615384615385 0.9038461538461539 0.09615384615384616 0.06971153846153846
0 0.27884615384615385 0.8341346153846154 0.09134615384615384 0.08173076923076923