0 0.03485576923076923 0.3161057692307692 0.06971153846153846 0.14182692307692307
0 0.4375 0.4362980769230769 0.1778846153846154 0.1658653846153846
1 0.15264423076923078 0.49278846153846156 0.11298076923076923 0.052884615384615384
1 0.15504807692307693 0.4182692307692308 0.14423076923076922 0.07692307692307693
1 0.2620192307692308 0.3233173076923077 0.1466346153846154 0.07692307692307693
1 0.36538461538461536 0.24639423076923078 0.1201923076923077 0.07692307692307693
1 0.6165865384615384 0.24278846153846154 0.09615384615384616 0.0625
1 0.65625 0.11538461538461539 0.07692307692307693 0.04326923076923077
1 0.8653846153846154 0.2608173076923077 0.10817307692307693 0.0625
1 0.31850961538461536 0.8774038461538461 0.08413461538461539 0.04567307692307692
1 0.3629807692307692 0.8473557692307693 0.0673076923076923 0.04326923076923077
1 0.39903846153846156 0.8100961538461539 0.07451923076923077 0.04807692307692308
1 0.2800480769230769 0.8329326923076923 0.08413461538461539 0.04326923076923077
1 0.31971153846153844 0.7980769230769231 0.07692307692307693 0.04567307692307692
1 0.546875 0.9747596153846154 0.036057692307692304 0.05048076923076923
1 0.5673076923076923 0.8233173076923077 0.07692307692307693 0.06009615384615385