1 0.5685096153846154 0.9891826923076923 0.07932692307692307 0.021634615384615384
1 0.6081730769230769 0.9783653846153846 0.07692307692307693 0.04326923076923077
1 0.6310096153846154 0.8978365384615384 0.0673076923076923 0.0673076923076923
1 0.5661057692307693 0.8125 0.07451923076923077 0.057692307692307696
1 0.6298076923076923 0.6742788461538461 0.10096153846153846 0.0625
1 0.7223557692307693 0.7091346153846154 0.08173076923076923 0.04326923076923077
1 0.6887019230769231 0.7451923076923077 0.08173076923076923 0.05048076923076923
1 0.6514423076923077 0.7920673076923077 0.11538461538461539 0.0625
1 0.6286057692307693 0.8449519230769231 0.09615384615384616 0.0625
1 0.7427884615384616 0.8786057692307693 0.09134615384615384 0.04326923076923077
1 0.8076923076923077 0.9867788461538461 0.10096153846153846 0.026442307692307692
1 0.9002403846153846 0.8822115384615384 0.08413461538461539 0.04807692307692308