1 0.19831730769230768 0.007211538461538462 0.040865384615384616 0.014423076923076924
1 0.11057692307692307 0.06971153846153846 0.04326923076923077 0.0673076923076923
1 0.014423076923076924 0.08052884615384616 0.028846153846153848 0.06971153846153846
1 0.019230769230769232 0.20192307692307693 0.038461538461538464 0.08653846153846154
1 0.06129807692307692 0.20072115384615385 0.05048076923076923 0.08653846153846154
1 0.08653846153846154 0.3245192307692308 0.04326923076923077 0.09134615384615384
1 0.1466346153846154 0.23076923076923078 0.04326923076923077 0.09615384615384616
1 0.25240384615384615 0.234375 0.052884615384615384 0.08413461538461539
1 0.28125 0.10216346153846154 0.04326923076923077 0.06971153846153846
1 0.34615384615384615 0.2439903846153846 0.04326923076923077 0.08173076923076923
0 0.20552884615384615 0.1502403846153846 0.03365384615384615 0.1346153846153846
0 0.23557692307692307 0.020432692307692308 0.04326923076923077 0.040865384615384616
0 0.5396634615384616 0.10576923076923077 0.07932692307692307 0.08653846153846154
0 0.008413461538461538 0.6394230769230769 0.016826923076923076 0.16826923076923078
0 0.10096153846153846 0.7944711538461539 0.08653846153846154 0.17067307692307693