1 0.4807692307692308 0.2536057692307692 0.07692307692307693 0.16105769230769232
1 0.6370192307692307 0.09495192307692307 0.06490384615384616 0.11177884615384616
1 0.6105769230769231 0.29447115384615385 0.07091346153846154 0.10697115384615384
1 0.5444711538461539 0.37259615384615385 0.055288461538461536 0.10576923076923077
1 0.296875 0.41346153846153844 0.1045673076923077 0.15625
1 0.5024038461538461 0.5997596153846154 0.07451923076923077 0.14302884615384615
1 0.640625 0.48197115384615385 0.07572115384615384 0.1310096153846154
1 0.7139423076923077 0.5685096153846154 0.06971153846153846 0.10336538461538461
1 0.40625 0.6237980769230769 0.07451923076923077 0.12740384615384615
1 0.6153846153846154 0.8557692307692307 0.052884615384615384 0.10336538461538461
1 0.3161057692307692 0.75 0.09014423076923077 0.140625