0 0.4579326923076923 0.16826923076923078 0.06009615384615385 0.08173076923076923
0 0.4639423076923077 0.24759615384615385 0.04807692307692308 0.07692307692307693
1 0.6670673076923077 0.18509615384615385 0.04326923076923077 0.06971153846153846
1 0.49759615384615385 0.21875 0.019230769230769232 0.10576923076923077
1 0.5408653846153846 0.040865384615384616 0.0625 0.08173076923076923
0 0.4375 0.8413461538461539 0.06009615384615385 0.11057692307692307
0 0.3389423076923077 0.9146634615384616 0.07451923076923077 0.15865384615384615
0 0.36899038461538464 0.7536057692307693 0.07211538461538461 0.07451923076923077
0 0.32572115384615385 0.5685096153846154 0.05048076923076923 0.040865384615384616
0 0.41225961538461536 0.5709134615384616 0.03125 0.04567307692307692
1 0.8689903846153846 0.5588942307692307 0.055288461538461536 0.021634615384615384
1 0.828125 0.6850961538461539 0.05048076923076923 0.08653846153846154
1 0.7319711538461539 0.7884615384615384 0.057692307692307696 0.10576923076923077
1 0.5913461538461539 0.9435096153846154 0.05048076923076923 0.07932692307692307
1 0.5901442307692307 0.7668269230769231 0.06009615384615385 0.11538461538461539
1 0.578125 0.6538461538461539 0.052884615384615384 0.07692307692307693
1 0.5853365384615384 0.5997596153846154 0.052884615384615384 0.06490384615384616
1 0.5901442307692307 0.5600961538461539 0.06490384615384616 0.02403846153846154