1 0.3858173076923077 0.4206730769230769 0.055288461538461536 0.014423076923076924
1 0.41225961538461536 0.2608173076923077 0.07451923076923077 0.04326923076923077
1 0.5504807692307693 0.20072115384615385 0.057692307692307696 0.028846153846153848
1 0.5360576923076923 0.39302884615384615 0.0985576923076923 0.052884615384615384
1 0.5384615384615384 0.29086538461538464 0.09615384615384616 0.04807692307692308
0 0.45913461538461536 0.33653846153846156 0.1346153846153846 0.03365384615384615
1 0.052884615384615384 0.6394230769230769 0.07211538461538461 0.04807692307692308
1 0.203125 0.6586538461538461 0.08173076923076923 0.05048076923076923
1 0.10576923076923077 0.7223557692307693 0.0985576923076923 0.055288461538461536
1 0.10336538461538461 0.7932692307692307 0.08413461538461539 0.040865384615384616
1 0.026442307692307692 0.8317307692307693 0.052884615384615384 0.038461538461538464
0 0.5384615384615384 0.7175480769230769 0.11538461538461539 0.07692307692307693
0 0.46033653846153844 0.4831730769230769 0.13221153846153846 0.06971153846153846
0 0.5252403846153846 0.5853365384615384 0.14423076923076922 0.06490384615384616