1 0.5444711538461539 0.12620192307692307 0.026442307692307692 0.11298076923076923
1 0.5 0.1201923076923077 0.0625 0.09375
1 0.47716346153846156 0.055288461538461536 0.04807692307692308 0.08173076923076923
1 0.45552884615384615 0.10817307692307693 0.04807692307692308 0.07692307692307693
1 0.42908653846153844 0.057692307692307696 0.04807692307692308 0.08173076923076923
1 0.4110576923076923 0.11177884615384616 0.04807692307692308 0.07211538461538461
1 0.3762019230769231 0.055288461538461536 0.0673076923076923 0.09615384615384616
1 0.31850961538461536 0.17307692307692307 0.04326923076923077 0.08173076923076923
1 0.24759615384615385 0.2127403846153846 0.04807692307692308 0.11057692307692307
1 0.3858173076923077 0.27163461538461536 0.04326923076923077 0.13221153846153846
1 0.4795673076923077 0.30528846153846156 0.04567307692307692 0.08173076923076923
1 0.375 0.4362980769230769 0.057692307692307696 0.04567307692307692
1 0.28966346153846156 0.4014423076923077 0.057692307692307696 0.0985576923076923
1 0.2548076923076923 0.3701923076923077 0.038461538461538464 0.07211538461538461
0 0.9194711538461539 0.12860576923076922 0.04567307692307692 0.1201923076923077
0 0.8173076923076923 0.06610576923076923 0.07211538461538461 0.13221153846153846
0 0.8461538461538461 0.21875 0.06971153846153846 0.06971153846153846
0 0.8882211538461539 0.40024038461538464 0.026442307692307692 0.0625
0 0.8004807692307693 0.41947115384615385 0.057692307692307696 0.07932692307692307
0 0.9879807692307693 0.22596153846153846 0.02403846153846154 0.09134615384615384
0 0.9699519230769231 0.44711538461538464 0.055288461538461536 0.02403846153846154
0 0.38100961538461536 0.6105769230769231 0.0625 0.15144230769230768
0 0.46033653846153844 0.5348557692307693 0.052884615384615384 0.10817307692307693
0 0.6370192307692307 0.75 0.07451923076923077 0.20673076923076922
0 0.7391826923076923 0.7800480769230769 0.052884615384615384 0.23076923076923078
0 0.7055288461538461 0.5120192307692307 0.14182692307692307 0.10576923076923077
0 0.609375 0.9230769230769231 0.10336538461538461 0.15384615384615385