1 0.013221153846153846 0.2536057692307692 0.026442307692307692 0.08413461538461539
1 0.1201923076923077 0.03365384615384615 0.04807692307692308 0.0673076923076923
1 0.17067307692307693 0.04567307692307692 0.0673076923076923 0.09134615384615384
1 0.21033653846153846 0.20072115384615385 0.055288461538461536 0.10817307692307693
1 0.20072115384615385 0.41225961538461536 0.04567307692307692 0.08173076923076923
1 0.14783653846153846 0.41466346153846156 0.057692307692307696 0.10576923076923077
1 0.12980769230769232 0.328125 0.05048076923076923 0.07932692307692307
1 0.09975961538461539 0.27524038461538464 0.057692307692307696 0.07692307692307693
1 0.12740384615384615 0.1971153846153846 0.07211538461538461 0.11298076923076923
0 0.7175480769230769 0.22115384615384615 0.04326923076923077 0.15625
0 0.2704326923076923 0.2764423076923077 0.06490384615384616 0.12980769230769232
0 0.21995192307692307 0.7884615384615384 0.036057692307692304 0.16826923076923078
0 0.11778846153846154 0.7091346153846154 0.0889423076923077 0.1466346153846154
0 0.09375 0.9543269230769231 0.08173076923076923 0.09134615384615384
0 0.5817307692307693 0.5168269230769231 0.07211538461538461 0.07692307692307693
0 0.6454326923076923 0.6045673076923077 0.06971153846153846 0.14423076923076922