0 0.4723557692307692 0.051682692307692304 0.04326923076923077 0.09134615384615384
0 0.32091346153846156 0.06850961538461539 0.10336538461538461 0.13701923076923078
0 0.30288461538461536 0.33653846153846156 0.07211538461538461 0.15384615384615385
1 0.9831730769230769 0.10096153846153846 0.03365384615384615 0.07211538461538461
1 0.9290865384615384 0.24759615384615385 0.052884615384615384 0.0889423076923077
1 0.8954326923076923 0.14423076923076922 0.038461538461538464 0.06971153846153846
1 0.9290865384615384 0.037259615384615384 0.03125 0.0673076923076923
1 0.9831730769230769 0.36177884615384615 0.03365384615384615 0.07932692307692307
1 0.12860576923076922 0.8365384615384616 0.04807692307692308 0.07932692307692307
1 0.12980769230769232 0.6899038461538461 0.052884615384615384 0.08173076923076923
1 0.22235576923076922 0.6802884615384616 0.06490384615384616 0.0625
1 0.17668269230769232 0.7451923076923077 0.057692307692307696 0.11057692307692307
1 0.20552884615384615 0.7788461538461539 0.05048076923076923 0.09615384615384616
1 0.18509615384615385 0.8497596153846154 0.04567307692307692 0.07211538461538461
1 0.17067307692307693 0.9038461538461539 0.052884615384615384 0.0673076923076923
1 0.28365384615384615 0.8365384615384616 0.04807692307692308 0.08653846153846154
1 0.33052884615384615 0.8365384615384616 0.04807692307692308 0.08173076923076923
1 0.4230769230769231 0.7331730769230769 0.04807692307692308 0.07451923076923077
1 0.4891826923076923 0.7776442307692307 0.057692307692307696 0.09615384615384616
1 0.34615384615384615 0.9519230769230769 0.057692307692307696 0.09615384615384616
1 0.2980769230769231 0.9759615384615384 0.052884615384615384 0.04807692307692308