1 0.008413461538461538 0.2980769230769231 0.016826923076923076 0.09615384615384616
1 0.11778846153846154 0.3389423076923077 0.04326923076923077 0.07211538461538461
1 0.2692307692307692 0.234375 0.03125 0.08173076923076923
0 0.019230769230769232 0.484375 0.038461538461538464 0.06971153846153846
0 0.22716346153846154 0.4110576923076923 0.04807692307692308 0.125
0 0.27403846153846156 0.4411057692307692 0.055288461538461536 0.13942307692307693
1 0.8100961538461539 0.5048076923076923 0.057692307692307696 0.028846153846153848
1 0.7067307692307693 0.5060096153846154 0.04807692307692308 0.026442307692307692
0 0.16947115384615385 0.8774038461538461 0.057692307692307696 0.0985576923076923
0 0.15625 0.9831730769230769 0.0625 0.03365384615384615
0 0.38461538461538464 0.8401442307692307 0.052884615384615384 0.08173076923076923
0 0.25961538461538464 0.7860576923076923 0.057692307692307696 0.12980769230769232
1 0.9230769230769231 0.84375 0.0673076923076923 0.11057692307692307
1 0.8173076923076923 0.8329326923076923 0.055288461538461536 0.09134615384615384