1 0.0625 0.20552884615384615 0.09134615384615384 0.038461538461538464
1 0.15745192307692307 0.007211538461538462 0.09375 0.014423076923076924
1 0.1141826923076923 0.052884615384615384 0.08173076923076923 0.038461538461538464
1 0.44471153846153844 0.09134615384615384 0.057692307692307696 0.03125
1 0.3858173076923077 0.1778846153846154 0.07211538461538461 0.04326923076923077
0 0.29086538461538464 0.1622596153846154 0.07692307692307693 0.08173076923076923
0 0.15985576923076922 0.14302884615384615 0.14903846153846154 0.04807692307692308
0 0.16105769230769232 0.10096153846153846 0.12259615384615384 0.036057692307692304
0 0.26322115384615385 0.054086538461538464 0.0625 0.0625
0 0.29447115384615385 0.10096153846153846 0.10096153846153846 0.04567307692307692
0 0.3870192307692308 0.038461538461538464 0.10096153846153846 0.07692307692307693
1 0.5865384615384616 0.27403846153846156 0.1346153846153846 0.0673076923076923
1 0.5925480769230769 0.3605769230769231 0.11298076923076923 0.014423076923076924
1 0.34615384615384615 0.6213942307692307 0.10336538461538461 0.040865384615384616
1 0.3293269230769231 0.8040865384615384 0.125 0.0625
0 0.5432692307692307 0.8629807692307693 0.04807692307692308 0.04807692307692308
0 0.5757211538461539 0.7355769230769231 0.11298076923076923 0.10096153846153846