1 0.11778846153846154 0.49158653846153844 0.04807692307692308 0.036057692307692304
1 0.057692307692307696 0.4362980769230769 0.04807692307692308 0.07451923076923077
1 0.22956730769230768 0.4795673076923077 0.036057692307692304 0.06009615384615385
1 0.2848557692307692 0.40384615384615385 0.04326923076923077 0.0625
1 0.18509615384615385 0.35336538461538464 0.04326923076923077 0.057692307692307696
1 0.11658653846153846 0.3245192307692308 0.04807692307692308 0.09134615384615384
1 0.08173076923076923 0.19110576923076922 0.052884615384615384 0.09615384615384616
1 0.10336538461538461 0.04567307692307692 0.04326923076923077 0.09134615384615384
1 0.16706730769230768 0.13581730769230768 0.057692307692307696 0.10336538461538461
1 0.21394230769230768 0.27524038461538464 0.038461538461538464 0.0625
1 0.27884615384615385 0.2247596153846154 0.03125 0.07451923076923077
1 0.23677884615384615 0.1466346153846154 0.04807692307692308 0.09134615384615384
1 0.8870192307692307 0.484375 0.04326923076923077 0.05048076923076923
0 0.18269230769230768 0.9399038461538461 0.038461538461538464 0.1201923076923077
1 0.6081730769230769 0.9411057692307693 0.057692307692307696 0.11778846153846154
1 0.6658653846153846 0.9567307692307693 0.04807692307692308 0.08653846153846154
1 0.734375 0.9423076923076923 0.052884615384615384 0.07692307692307693
1 0.7776442307692307 0.8473557692307693 0.04807692307692308 0.06971153846153846
0 0.8485576923076923 0.9459134615384616 0.057692307692307696 0.10817307692307693
0 0.7884615384615384 0.9867788461538461 0.07692307692307693 0.026442307692307692
0 0.625 0.8209134615384616 0.0673076923076923 0.10096153846153846
0 0.7007211538461539 0.7007211538461539 0.0673076923076923 0.10096153846153846