0 0.53125 0.2512019230769231 0.055288461538461536 0.1466346153846154
0 0.5516826923076923 0.38341346153846156 0.08173076923076923 0.08052884615384616
0 0.515625 0.46634615384615385 0.040865384615384616 0.10697115384615384
0 0.4831730769230769 0.3954326923076923 0.04326923076923077 0.10697115384615384
0 0.43509615384615385 0.3485576923076923 0.06610576923076923 0.06850961538461539
0 0.4230769230769231 0.4807692307692308 0.08533653846153846 0.10817307692307693
0 0.49158653846153844 0.2536057692307692 0.030048076923076924 0.11899038461538461
1 0.5877403846153846 0.15625 0.04567307692307692 0.09615384615384616
1 0.5661057692307693 0.47836538461538464 0.04447115384615385 0.0889423076923077
1 0.47836538461538464 0.5408653846153846 0.03125 0.06370192307692307
1 0.3425480769230769 0.5168269230769231 0.057692307692307696 0.09495192307692307
1 0.35096153846153844 0.34975961538461536 0.046875 0.04807692307692308
1 0.38100961538461536 0.24759615384615385 0.046875 0.09014423076923077
1 0.4423076923076923 0.20673076923076922 0.037259615384615384 0.09134615384615384
1 0.39783653846153844 0.06490384615384616 0.05048076923076923 0.09495192307692307