0 0.5769230769230769 0.30649038461538464 0.038461538461538464 0.11298076923076923
0 0.6790865384615384 0.23677884615384615 0.04567307692307692 0.07211538461538461
0 0.7884615384615384 0.41346153846153844 0.08653846153846154 0.09134615384615384
1 0.5300480769230769 0.8774038461538461 0.055288461538461536 0.09615384615384616
1 0.4519230769230769 0.9519230769230769 0.052884615384615384 0.09615384615384616
1 0.25721153846153844 0.953125 0.04807692307692308 0.09375
1 0.32572115384615385 0.90625 0.057692307692307696 0.10336538461538461
1 0.484375 0.7704326923076923 0.038461538461538464 0.08173076923076923
1 0.39302884615384615 0.7716346153846154 0.04326923076923077 0.06971153846153846
1 0.28846153846153844 0.7824519230769231 0.04326923076923077 0.0673076923076923
1 0.3798076923076923 0.6550480769230769 0.040865384615384616 0.07451923076923077
1 0.33653846153846156 0.6502403846153846 0.052884615384615384 0.08173076923076923
1 0.2536057692307692 0.625 0.04807692307692308 0.07692307692307693
1 0.3137019230769231 0.5264423076923077 0.04807692307692308 0.0673076923076923
1 0.1466346153846154 0.6165865384615384 0.04807692307692308 0.08173076923076923
1 0.11658653846153846 0.7451923076923077 0.04326923076923077 0.07451923076923077
1 0.051682692307692304 0.5961538461538461 0.04807692307692308 0.08173076923076923
1 0.19230769230769232 0.8689903846153846 0.03365384615384615 0.0673076923076923
0 0.18870192307692307 0.6995192307692307 0.03125 0.13701923076923078
0 0.1622596153846154 0.8689903846153846 0.052884615384615384 0.12980769230769232
0 0.5480769230769231 0.9350961538461539 0.019230769230769232 0.07211538461538461
0 0.7163461538461539 0.9182692307692307 0.10096153846153846 0.15865384615384615