0 0.0889423076923077 0.14543269230769232 0.06490384615384616 0.13221153846153846
1 0.9375 0.4050480769230769 0.04326923076923077 0.08173076923076923
0 0.04807692307692308 0.9206730769230769 0.07211538461538461 0.15865384615384615
0 0.18389423076923078 0.7620192307692307 0.04326923076923077 0.09134615384615384
0 0.20192307692307693 0.8930288461538461 0.052884615384615384 0.09615384615384616
1 0.5913461538461539 0.9206730769230769 0.057692307692307696 0.10336538461538461
1 0.7247596153846154 0.6598557692307693 0.052884615384615384 0.10096153846153846
1 0.8653846153846154 0.6334134615384616 0.07692307692307693 0.0889423076923077
1 0.9579326923076923 0.7548076923076923 0.08413461538461539 0.1201923076923077
1 0.875 0.8653846153846154 0.07692307692307693 0.0985576923076923
1 0.8353365384615384 0.9855769230769231 0.06009615384615385 0.028846153846153848
1 0.9675480769230769 0.9591346153846154 0.06490384615384616 0.08173076923076923
1 0.7560096153846154 0.8088942307692307 0.0673076923076923 0.11057692307692307