1 0.6550480769230769 0.18870192307692307 0.055288461538461536 0.12139423076923077
1 0.29447115384615385 0.21995192307692307 0.10697115384615384 0.17908653846153846
1 0.28365384615384615 0.6526442307692307 0.06850961538461539 0.16706730769230768
1 0.4254807692307692 0.4987980769230769 0.07932692307692307 0.13341346153846154
1 0.5396634615384616 0.5120192307692307 0.054086538461538464 0.09735576923076923
1 0.5697115384615384 0.36177884615384615 0.055288461538461536 0.11298076923076923
1 0.7055288461538461 0.6117788461538461 0.04807692307692308 0.10817307692307693
1 0.578125 0.8209134615384616 0.08413461538461539 0.17548076923076922
1 0.6538461538461539 0.9302884615384616 0.06971153846153846 0.11538461538461539
1 0.4326923076923077 0.8737980769230769 0.08533653846153846 0.17548076923076922
1 0.4266826923076923 0.6370192307692307 0.07932692307692307 0.1622596153846154