0 0.05048076923076923 0.28125 0.10096153846153846 0.0625
0 0.13581730769230768 0.33533653846153844 0.11778846153846154 0.07692307692307693
1 0.9615384615384616 0.1658653846153846 0.07692307692307693 0.0625
1 0.8149038461538461 0.12620192307692307 0.07692307692307693 0.04807692307692308
1 0.8209134615384616 0.4026442307692308 0.11057692307692307 0.0625
1 0.8425480769230769 0.47115384615384615 0.07932692307692307 0.03365384615384615
1 0.9146634615384616 0.4831730769230769 0.07932692307692307 0.009615384615384616
1 0.9471153846153846 0.4699519230769231 0.08173076923076923 0.036057692307692304
1 0.96875 0.40024038461538464 0.0625 0.06490384615384616
1 0.8990384615384616 0.3112980769230769 0.10096153846153846 0.0625
1 0.9711538461538461 0.28365384615384615 0.057692307692307696 0.0625
1 0.9591346153846154 0.34134615384615385 0.08173076923076923 0.057692307692307696
1 0.9915865384615384 0.24158653846153846 0.016826923076923076 0.04567307692307692
0 0.9038461538461539 0.6033653846153846 0.0889423076923077 0.07211538461538461
0 0.96875 0.6129807692307693 0.0625 0.0673076923076923