1 0.5685096153846154 0.14783653846153846 0.06009615384615385 0.04567307692307692
1 0.49759615384615385 0.15504807692307693 0.09134615384615384 0.057692307692307696
1 0.8918269230769231 0.020432692307692308 0.10096153846153846 0.040865384615384616
1 0.7331730769230769 0.02403846153846154 0.057692307692307696 0.04807692307692308
1 0.8004807692307693 0.10817307692307693 0.10096153846153846 0.055288461538461536
1 0.7379807692307693 0.07211538461538461 0.09134615384615384 0.05048076923076923
1 0.7199519230769231 0.12860576923076922 0.11057692307692307 0.05048076923076923
1 0.6754807692307693 0.171875 0.08173076923076923 0.04807692307692308
1 0.6442307692307693 0.203125 0.09134615384615384 0.03125
1 0.6310096153846154 0.039663461538461536 0.06490384615384616 0.05048076923076923
0 0.5889423076923077 0.4639423076923077 0.019230769230769232 0.038461538461538464
0 0.375 0.49278846153846156 0.09615384615384616 0.04807692307692308
0 0.40024038461538464 0.578125 0.04807692307692308 0.028846153846153848
0 0.5649038461538461 0.6899038461538461 0.0673076923076923 0.04326923076923077
0 0.3112980769230769 0.6586538461538461 0.09134615384615384 0.0625
1 0.8677884615384616 0.8173076923076923 0.07211538461538461 0.04567307692307692
1 0.9050480769230769 0.6322115384615384 0.09615384615384616 0.06009615384615385
1 0.7091346153846154 0.6947115384615384 0.10576923076923077 0.0673076923076923