0 0.2127403846153846 0.36658653846153844 0.06971153846153846 0.12259615384615384
0 0.8653846153846154 0.4050480769230769 0.057692307692307696 0.04567307692307692
0 0.9471153846153846 0.35697115384615385 0.0673076923076923 0.07211538461538461
0 0.8413461538461539 0.29927884615384615 0.0625 0.10576923076923077
0 0.9002403846153846 0.16466346153846154 0.028846153846153848 0.04807692307692308
0 0.9759615384615384 0.14182692307692307 0.04807692307692308 0.09134615384615384
0 0.8185096153846154 0.08052884615384616 0.052884615384615384 0.09375
0 0.40865384615384615 0.9603365384615384 0.0673076923076923 0.07932692307692307
0 0.23076923076923078 0.9266826923076923 0.052884615384615384 0.12980769230769232
0 0.12980769230769232 0.984375 0.07692307692307693 0.03125
0 0.9435096153846154 0.7572115384615384 0.0673076923076923 0.10096153846153846
0 0.7644230769230769 0.7127403846153846 0.052884615384615384 0.12980769230769232
0 0.7211538461538461 0.8365384615384616 0.038461538461538464 0.1346153846153846
0 0.6634615384615384 0.8125 0.07692307692307693 0.11538461538461539