1 0.3112980769230769 0.20432692307692307 0.08533653846153846 0.1622596153846154
1 0.40865384615384615 0.2548076923076923 0.07211538461538461 0.13221153846153846
1 0.4831730769230769 0.34134615384615385 0.0733173076923077 0.1045673076923077
1 0.33052884615384615 0.4423076923076923 0.05889423076923077 0.125
1 0.18028846153846154 0.6286057692307693 0.06971153846153846 0.09375
1 0.2860576923076923 0.7103365384615384 0.04927884615384615 0.13822115384615385
1 0.4098557692307692 0.7007211538461539 0.06850961538461539 0.12139423076923077
1 0.6153846153846154 0.6658653846153846 0.06610576923076923 0.109375
1 0.3401442307692308 0.8725961538461539 0.06370192307692307 0.15264423076923078
0 0.640625 0.4375 0.15745192307692307 0.1778846153846154
0 0.5120192307692307 0.11899038461538461 0.1045673076923077 0.16346153846153846
0 0.4567307692307692 0.5516826923076923 0.14543269230769232 0.16466346153846154
0 0.5264423076923077 0.7415865384615384 0.10697115384615384 0.1502403846153846
0 0.20192307692307693 0.3870192307692308 0.14302884615384615 0.16947115384615385