0 0.16826923076923078 0.23798076923076922 0.0673076923076923 0.04567307692307692
0 0.15504807692307693 0.125 0.14903846153846154 0.0625
0 0.2932692307692308 0.08413461538461539 0.0625 0.038461538461538464
0 0.5288461538461539 0.11298076923076923 0.09615384615384616 0.04807692307692308
0 0.5036057692307693 0.19831730769230768 0.04807692307692308 0.028846153846153848
0 0.3329326923076923 0.31009615384615385 0.07692307692307693 0.04326923076923077
0 0.5925480769230769 0.27884615384615385 0.09134615384615384 0.0625
1 0.7415865384615384 0.5769230769230769 0.08413461538461539 0.02403846153846154
1 0.6971153846153846 0.5504807692307693 0.07451923076923077 0.04807692307692308
1 0.7560096153846154 0.5348557692307693 0.07211538461538461 0.05048076923076923
1 0.7800480769230769 0.45072115384615385 0.09134615384615384 0.0625
1 0.8293269230769231 0.44591346153846156 0.07211538461538461 0.052884615384615384
1 0.8545673076923077 0.37259615384615385 0.11538461538461539 0.04807692307692308
1 0.9146634615384616 0.5072115384615384 0.11538461538461539 0.04807692307692308
1 0.9014423076923077 0.5733173076923077 0.09615384615384616 0.03125
1 0.9879807692307693 0.38221153846153844 0.02403846153846154 0.04807692307692308
0 0.4170673076923077 0.9627403846153846 0.18509615384615385 0.07451923076923077
1 0.6935096153846154 0.8485576923076923 0.06971153846153846 0.057692307692307696
1 0.8521634615384616 0.9819711538461539 0.09375 0.036057692307692304
1 0.9314903846153846 0.8930288461538461 0.13701923076923078 0.05048076923076923
1 0.9242788461538461 0.7704326923076923 0.1201923076923077 0.0673076923076923
0 0.7752403846153846 0.7235576923076923 0.16346153846153846 0.14423076923076922
0 0.9447115384615384 0.6538461538461539 0.11057692307692307 0.10576923076923077