1 0.5240384615384616 0.016826923076923076 0.057692307692307696 0.03365384615384615
1 0.40384615384615385 0.04447115384615385 0.07211538461538461 0.0889423076923077
1 0.2980769230769231 0.06129807692307692 0.0673076923076923 0.12259615384615384
1 0.36899038461538464 0.1466346153846154 0.057692307692307696 0.07692307692307693
1 0.35096153846153844 0.3245192307692308 0.04326923076923077 0.10336538461538461
1 0.34375 0.5276442307692307 0.07692307692307693 0.18028846153846154
1 0.43028846153846156 0.36778846153846156 0.06490384615384616 0.09375
1 0.4699519230769231 0.16105769230769232 0.10096153846153846 0.125
1 0.5504807692307693 0.13822115384615385 0.06009615384615385 0.12259615384615384
1 0.6262019230769231 0.1346153846153846 0.04567307692307692 0.14903846153846154
1 0.625 0.4014423076923077 0.04807692307692308 0.11057692307692307
1 0.5637019230769231 0.37259615384615385 0.07692307692307693 0.125
1 0.4951923076923077 0.4795673076923077 0.057692307692307696 0.10576923076923077
1 0.9867788461538461 0.04326923076923077 0.026442307692307692 0.08653846153846154
0 0.16826923076923078 0.6502403846153846 0.08173076923076923 0.06490384615384616
0 0.14543269230769232 0.9074519230769231 0.09615384615384616 0.1778846153846154
0 0.24639423076923078 0.7992788461538461 0.052884615384615384 0.06971153846153846
0 0.2860576923076923 0.6610576923076923 0.0673076923076923 0.08653846153846154
1 0.3870192307692308 0.6899038461538461 0.08413461538461539 0.1201923076923077
1 0.5228365384615384 0.6742788461538461 0.06490384615384616 0.11298076923076923
1 0.46153846153846156 0.8798076923076923 0.06490384615384616 0.11057692307692307
1 0.35216346153846156 0.8629807692307693 0.0673076923076923 0.11057692307692307
1 0.5456730769230769 0.8798076923076923 0.07932692307692307 0.12980769230769232
1 0.6935096153846154 0.9266826923076923 0.052884615384615384 0.07932692307692307
1 0.7487980769230769 0.8221153846153846 0.06490384615384616 0.10817307692307693