1 0.09254807692307693 0.35697115384615385 0.07451923076923077 0.036057692307692304
1 0.021634615384615384 0.31009615384615385 0.04326923076923077 0.038461538461538464
1 0.008413461538461538 0.1935096153846154 0.016826923076923076 0.04567307692307692
1 0.06009615384615385 0.13341346153846154 0.07211538461538461 0.04326923076923077
1 0.16346153846153846 0.19471153846153846 0.08653846153846154 0.038461538461538464
1 0.2980769230769231 0.15865384615384615 0.07211538461538461 0.04807692307692308
1 0.3293269230769231 0.24158653846153846 0.057692307692307696 0.055288461538461536
1 0.3317307692307692 0.3112980769230769 0.052884615384615384 0.040865384615384616
1 0.26802884615384615 0.35216346153846156 0.0625 0.038461538461538464
0 0.703125 0.027644230769230768 0.11298076923076923 0.055288461538461536
0 0.4483173076923077 0.390625 0.10576923076923077 0.07692307692307693
0 0.765625 0.12980769230769232 0.12740384615384615 0.0673076923076923
1 0.13701923076923078 0.6778846153846154 0.12980769230769232 0.06009615384615385
1 0.15144230769230768 0.5685096153846154 0.10576923076923077 0.052884615384615384
1 0.3954326923076923 0.9495192307692307 0.07451923076923077 0.07211538461538461
1 0.4963942307692308 0.8389423076923077 0.07932692307692307 0.04567307692307692