1 0.09735576923076923 0.007211538461538462 0.0985576923076923 0.014423076923076924
1 0.036057692307692304 0.06971153846153846 0.07211538461538461 0.052884615384615384
1 0.03245192307692308 0.2644230769230769 0.06490384615384616 0.057692307692307696
1 0.10697115384615384 0.32211538461538464 0.07211538461538461 0.038461538461538464
1 0.08173076923076923 0.19831730769230768 0.09615384615384616 0.057692307692307696
1 0.21514423076923078 0.12860576923076922 0.08653846153846154 0.04326923076923077
1 0.21514423076923078 0.036057692307692304 0.09134615384615384 0.052884615384615384
1 0.32572115384615385 0.13581730769230768 0.07211538461538461 0.038461538461538464
1 0.33774038461538464 0.18269230769230768 0.08653846153846154 0.05048076923076923
1 0.3629807692307692 0.27163461538461536 0.10096153846153846 0.052884615384615384
1 0.3641826923076923 0.37259615384615385 0.08413461538461539 0.04807692307692308
1 0.23557692307692307 0.4050480769230769 0.07932692307692307 0.038461538461538464
1 0.4567307692307692 0.20793269230769232 0.08173076923076923 0.038461538461538464
0 0.28365384615384615 0.33052884615384615 0.13942307692307693 0.03365384615384615
0 0.11057692307692307 0.359375 0.13221153846153846 0.04326923076923077
0 0.5588942307692307 0.09735576923076923 0.11298076923076923 0.07692307692307693
1 0.15865384615384615 0.49038461538461536 0.08653846153846154 0.052884615384615384