1 0.028846153846153848 0.14423076923076922 0.057692307692307696 0.04326923076923077
1 0.140625 0.11298076923076923 0.07692307692307693 0.040865384615384616
1 0.27403846153846156 0.13581730769230768 0.06971153846153846 0.038461538461538464
1 0.1622596153846154 0.19951923076923078 0.09615384615384616 0.057692307692307696
1 0.05889423076923077 0.23197115384615385 0.0625 0.03365384615384615
1 0.037259615384615384 0.32211538461538464 0.0673076923076923 0.038461538461538464
0 0.6370192307692307 0.22596153846153846 0.18509615384615385 0.08173076923076923
0 0.7512019230769231 0.33533653846153844 0.14182692307692307 0.10576923076923077
0 0.9567307692307693 0.31009615384615385 0.08653846153846154 0.15384615384615385
0 0.13701923076923078 0.6778846153846154 0.12980769230769232 0.18269230769230768
0 0.0829326923076923 0.8725961538461539 0.1658653846153846 0.07692307692307693
0 0.3137019230769231 0.7920673076923077 0.1778846153846154 0.14903846153846154
0 0.39663461538461536 0.6670673076923077 0.16346153846153846 0.06009615384615385
0 0.7572115384615384 0.7752403846153846 0.12980769230769232 0.08173076923076923