0 0.3870192307692308 0.26322115384615385 0.0625 0.11298076923076923
0 0.38221153846153844 0.042067307692307696 0.04326923076923077 0.08413461538461539
0 0.9735576923076923 0.16826923076923078 0.052884615384615384 0.0625
0 0.6430288461538461 0.3269230769230769 0.04807692307692308 0.16105769230769232
1 0.4182692307692308 0.6598557692307693 0.057692307692307696 0.10336538461538461
1 0.41586538461538464 0.7764423076923077 0.057692307692307696 0.10336538461538461
1 0.34134615384615385 0.6911057692307693 0.055288461538461536 0.10576923076923077
1 0.3329326923076923 0.8257211538461539 0.0625 0.11057692307692307
0 0.6274038461538461 0.8798076923076923 0.04807692307692308 0.07932692307692307
0 0.7800480769230769 0.7524038461538461 0.038461538461538464 0.0625
0 0.8545673076923077 0.9254807692307693 0.03365384615384615 0.07211538461538461
0 0.7235576923076923 0.9242788461538461 0.0673076923076923 0.09615384615384616