1 0.5709134615384616 0.5985576923076923 0.026442307692307692 0.04807692307692308
1 0.5853365384615384 0.49278846153846156 0.055288461538461536 0.052884615384615384
1 0.6310096153846154 0.43149038461538464 0.08653846153846154 0.03365384615384615
1 0.6742788461538461 0.5504807692307693 0.0673076923076923 0.04326923076923077
1 0.7644230769230769 0.4266826923076923 0.07211538461538461 0.04807692307692308
1 0.7247596153846154 0.3004807692307692 0.10336538461538461 0.04326923076923077
1 0.5757211538461539 0.3269230769230769 0.036057692307692304 0.04807692307692308
1 0.6454326923076923 0.17307692307692307 0.0673076923076923 0.03365384615384615
1 0.7259615384615384 0.18269230769230768 0.0673076923076923 0.05048076923076923
0 0.7487980769230769 0.5192307692307693 0.07211538461538461 0.07932692307692307
0 0.6153846153846154 0.2668269230769231 0.11538461538461539 0.0625
1 0.046875 0.7836538461538461 0.07692307692307693 0.038461538461538464
1 0.16826923076923078 0.7403846153846154 0.08173076923076923 0.02403846153846154
1 0.16706730769230768 0.7716346153846154 0.07451923076923077 0.036057692307692304
1 0.056490384615384616 0.8762019230769231 0.07692307692307693 0.036057692307692304
0 0.39783653846153844 0.8088942307692307 0.09615384615384616 0.07211538461538461