1 0.1658653846153846 0.10216346153846154 0.10096153846153846 0.0625
1 0.12139423076923077 0.23076923076923078 0.09134615384615384 0.04567307692307692
0 0.7992788461538461 0.054086538461538464 0.1466346153846154 0.055288461538461536
0 0.17668269230769232 0.5372596153846154 0.12740384615384615 0.04326923076923077
1 0.7920673076923077 0.9747596153846154 0.15144230769230768 0.05048076923076923
1 0.7704326923076923 0.6141826923076923 0.1201923076923077 0.0625
1 0.5925480769230769 0.5997596153846154 0.1201923076923077 0.057692307692307696
1 0.5240384615384616 0.4723557692307692 0.15625 0.11057692307692307
0 0.5697115384615384 0.875 0.3076923076923077 0.13701923076923078
0 0.9326923076923077 0.8365384615384616 0.1346153846153846 0.10096153846153846
0 0.9675480769230769 0.7307692307692307 0.06490384615384616 0.04807692307692308
0 0.4795673076923077 0.6923076923076923 0.20673076923076922 0.08173076923076923