1 0.025240384615384616 0.36658653846153844 0.05048076923076923 0.040865384615384616
1 0.039663461538461536 0.5480769230769231 0.07932692307692307 0.0625
0 0.7956730769230769 0.49038461538461536 0.0673076923076923 0.07211538461538461
0 0.828125 0.2608173076923077 0.12980769230769232 0.055288461538461536
0 0.6610576923076923 0.21514423076923078 0.08173076923076923 0.07211538461538461
0 0.46875 0.28365384615384615 0.07211538461538461 0.08173076923076923
0 0.32091346153846156 0.9855769230769231 0.09375 0.028846153846153848
0 0.3137019230769231 0.7704326923076923 0.10817307692307693 0.06490384615384616
0 0.328125 0.6394230769230769 0.07932692307692307 0.057692307692307696
1 0.5552884615384616 0.9867788461538461 0.11538461538461539 0.026442307692307692
1 0.5901442307692307 0.8677884615384616 0.07211538461538461 0.052884615384615384
1 0.8317307692307693 0.8653846153846154 0.0625 0.04326923076923077
1 0.8713942307692307 0.9543269230769231 0.07932692307692307 0.052884615384615384
1 0.4879807692307692 0.7223557692307693 0.08653846153846154 0.038461538461538464
0 0.7596153846153846 0.9735576923076923 0.1346153846153846 0.052884615384615384
0 0.6694711538461539 0.7668269230769231 0.13221153846153846 0.07211538461538461
0 0.6959134615384616 0.7127403846153846 0.14182692307692307 0.04807692307692308