1 0.21875 0.21033653846153846 0.09134615384615384 0.038461538461538464
1 0.23918269230769232 0.390625 0.09615384615384616 0.052884615384615384
0 0.8413461538461539 0.19471153846153846 0.06971153846153846 0.028846153846153848
0 0.7524038461538461 0.2692307692307692 0.11778846153846154 0.04807692307692308
0 0.7295673076923077 0.1141826923076923 0.0673076923076923 0.036057692307692304
0 0.6454326923076923 0.15144230769230768 0.07211538461538461 0.038461538461538464
0 0.5745192307692307 0.2091346153846154 0.08413461538461539 0.04567307692307692
1 0.5288461538461539 0.04447115384615385 0.08173076923076923 0.04567307692307692
1 0.6646634615384616 0.019230769230769232 0.06971153846153846 0.038461538461538464
1 0.7163461538461539 0.17668269230769232 0.06490384615384616 0.03365384615384615
1 0.6646634615384616 0.24158653846153846 0.08173076923076923 0.04807692307692308
0 0.8581730769230769 0.07932692307692307 0.10576923076923077 0.07211538461538461
1 0.7560096153846154 0.04807692307692308 0.0625 0.04807692307692308
1 0.43028846153846156 0.6610576923076923 0.09615384615384616 0.055288461538461536
1 0.4411057692307692 0.9915865384615384 0.07451923076923077 0.016826923076923076
1 0.44711538461538464 0.8725961538461539 0.08173076923076923 0.0625
1 0.3317307692307692 0.8076923076923077 0.06971153846153846 0.04326923076923077
1 0.3161057692307692 0.7127403846153846 0.07211538461538461 0.038461538461538464
1 0.34375 0.9110576923076923 0.07692307692307693 0.038461538461538464
1 0.2127403846153846 0.8185096153846154 0.07451923076923077 0.038461538461538464
1 0.20673076923076922 0.8605769230769231 0.09134615384615384 0.052884615384615384
1 0.18629807692307693 0.9483173076923077 0.0889423076923077 0.052884615384615384
1 0.08774038461538461 0.8882211538461539 0.06971153846153846 0.038461538461538464
0 0.4639423076923077 0.6105769230769231 0.04807692307692308 0.08653846153846154
0 0.2668269230769231 0.9951923076923077 0.14423076923076922 0.009615384615384616
0 0.01201923076923077 0.7836538461538461 0.02403846153846154 0.07692307692307693
0 0.9350961538461539 0.9350961538461539 0.12980769230769232 0.0625
0 0.8173076923076923 0.9567307692307693 0.07211538461538461 0.08653846153846154
0 0.7283653846153846 0.9146634615384616 0.09615384615384616 0.052884615384615384
0 0.8377403846153846 0.8353365384615384 0.07692307692307693 0.0625
0 0.9399038461538461 0.8858173076923077 0.1201923076923077 0.03125
0 0.7055288461538461 0.8209134615384616 0.10576923076923077 0.09134615384615384