0 0.1935096153846154 0.26802884615384615 0.11538461538461539 0.052884615384615384
0 0.21153846153846154 0.15144230769230768 0.0889423076923077 0.0625
1 0.9723557692307693 0.3245192307692308 0.055288461538461536 0.052884615384615384
1 0.9915865384615384 0.23317307692307693 0.016826923076923076 0.052884615384615384
1 0.703125 0.1935096153846154 0.09134615384615384 0.057692307692307696
1 0.7475961538461539 0.31850961538461536 0.07692307692307693 0.04807692307692308
0 0.9158653846153846 0.2127403846153846 0.125 0.04807692307692308
0 0.8221153846153846 0.4254807692307692 0.16346153846153846 0.04807692307692308
1 0.31850961538461536 0.9807692307692307 0.0985576923076923 0.038461538461538464
0 0.4423076923076923 0.9555288461538461 0.052884615384615384 0.05048076923076923
0 0.34134615384615385 0.8966346153846154 0.12980769230769232 0.07692307692307693
0 0.96875 0.8894230769230769 0.0625 0.07211538461538461
0 0.9795673076923077 0.9399038461538461 0.040865384615384616 0.028846153846153848
0 0.9182692307692307 0.9819711538461539 0.07211538461538461 0.036057692307692304
0 0.8882211538461539 0.8737980769230769 0.08173076923076923 0.08173076923076923
0 0.8016826923076923 0.9158653846153846 0.10817307692307693 0.05048076923076923
0 0.7872596153846154 0.9807692307692307 0.0985576923076923 0.038461538461538464
1 0.7872596153846154 0.8653846153846154 0.06971153846153846 0.04807692307692308
1 0.7295673076923077 0.953125 0.057692307692307696 0.03365384615384615