0 0.054086538461538464 0.12139423076923077 0.08413461538461539 0.1875
0 0.19591346153846154 0.27403846153846156 0.1346153846153846 0.25240384615384615
0 0.3557692307692308 0.35096153846153844 0.10817307692307693 0.10576923076923077
0 0.4362980769230769 0.47475961538461536 0.08653846153846154 0.2403846153846154
0 0.15504807692307693 0.5697115384615384 0.15144230769230768 0.1201923076923077
1 0.9855769230769231 0.2091346153846154 0.028846153846153848 0.09615384615384616
1 0.9375 0.18028846153846154 0.04326923076923077 0.09375
1 0.9915865384615384 0.31490384615384615 0.016826923076923076 0.11057692307692307
1 0.9771634615384616 0.40024038461538464 0.04326923076923077 0.07692307692307693
1 0.9567307692307693 0.5192307692307693 0.0625 0.10576923076923077
1 0.8581730769230769 0.5300480769230769 0.04807692307692308 0.08173076923076923
0 0.33413461538461536 0.6802884615384616 0.057692307692307696 0.10096153846153846
0 0.22355769230769232 0.6502403846153846 0.07692307692307693 0.040865384615384616
0 0.25240384615384615 0.7584134615384616 0.0673076923076923 0.07211538461538461
0 0.3581730769230769 0.8161057692307693 0.0625 0.10576923076923077
0 0.29927884615384615 0.9507211538461539 0.028846153846153848 0.04807692307692308
0 0.21634615384615385 0.9627403846153846 0.057692307692307696 0.07451923076923077