1 0.8930288461538461 0.042067307692307696 0.09615384615384616 0.052884615384615384
1 0.9266826923076923 0.13942307692307693 0.10096153846153846 0.057692307692307696
1 0.9591346153846154 0.24879807692307693 0.08173076923076923 0.040865384615384616
1 0.8365384615384616 0.08774038461538461 0.09615384615384616 0.04567307692307692
1 0.8016826923076923 0.1201923076923077 0.09615384615384616 0.04567307692307692
1 0.7463942307692307 0.040865384615384616 0.08173076923076923 0.04567307692307692
1 0.7307692307692307 0.09735576923076923 0.08653846153846154 0.04807692307692308
1 0.6682692307692307 0.08653846153846154 0.08653846153846154 0.052884615384615384
1 0.7463942307692307 0.19591346153846154 0.08413461538461539 0.04326923076923077
1 0.7391826923076923 0.2439903846153846 0.07692307692307693 0.05048076923076923
1 0.6262019230769231 0.25 0.10336538461538461 0.038461538461538464
1 0.5877403846153846 0.21754807692307693 0.09615384615384616 0.0625
1 0.4423076923076923 0.20192307692307693 0.04807692307692308 0.0673076923076923
0 0.21153846153846154 0.4735576923076923 0.125 0.038461538461538464
0 0.32572115384615385 0.47596153846153844 0.07211538461538461 0.10096153846153846
1 0.8221153846153846 0.43028846153846156 0.09134615384615384 0.04326923076923077
1 0.8269230769230769 0.5 0.1201923076923077 0.0625
1 0.9447115384615384 0.47716346153846156 0.10096153846153846 0.0625