0 0.3233173076923077 0.4230769230769231 0.06971153846153846 0.07211538461538461
0 0.6598557692307693 0.3870192307692308 0.0673076923076923 0.10096153846153846
0 0.4807692307692308 0.3425480769230769 0.052884615384615384 0.12980769230769232
0 0.4375 0.42908653846153844 0.038461538461538464 0.06009615384615385
0 0.38822115384615385 0.421875 0.06009615384615385 0.07451923076923077
0 0.23317307692307693 0.9050480769230769 0.0625 0.10096153846153846
0 0.22115384615384615 0.7716346153846154 0.04807692307692308 0.10817307692307693
0 0.12980769230769232 0.6826923076923077 0.057692307692307696 0.13942307692307693
0 0.016826923076923076 0.7355769230769231 0.03365384615384615 0.08653846153846154
0 0.6778846153846154 0.9831730769230769 0.07692307692307693 0.03365384615384615
0 0.39783653846153844 0.8834134615384616 0.07692307692307693 0.11057692307692307
0 0.46875 0.6995192307692307 0.07692307692307693 0.09134615384615384