0 0.38100961538461536 0.24158653846153846 0.13701923076923078 0.10336538461538461
0 0.2920673076923077 0.3918269230769231 0.1875 0.09615384615384616
0 0.2956730769230769 0.046875 0.1875 0.057692307692307696
1 0.05048076923076923 0.2247596153846154 0.10096153846153846 0.07932692307692307
1 0.4026442307692308 0.018028846153846152 0.09375 0.036057692307692304
1 0.18028846153846154 0.13822115384615385 0.09375 0.0673076923076923
1 0.22235576923076922 0.23076923076923078 0.10336538461538461 0.07692307692307693
1 0.9362980769230769 0.46153846153846156 0.12740384615384615 0.052884615384615384
1 0.9651442307692307 0.13221153846153846 0.06971153846153846 0.0625
1 0.8088942307692307 0.21995192307692307 0.10576923076923077 0.0625
1 0.6670673076923077 0.24759615384615385 0.11057692307692307 0.0625
1 0.6754807692307693 0.3605769230769231 0.1201923076923077 0.08413461538461539
1 0.53125 0.47596153846153844 0.14423076923076922 0.02403846153846154
1 0.5432692307692307 0.3605769230769231 0.1346153846153846 0.0673076923076923
1 0.5649038461538461 0.08173076923076923 0.11057692307692307 0.0625
0 0.3269230769230769 0.5685096153846154 0.125 0.07211538461538461
0 0.18509615384615385 0.5204326923076923 0.15384615384615385 0.06490384615384616
0 0.039663461538461536 0.5396634615384616 0.07932692307692307 0.10336538461538461
0 0.18509615384615385 0.6129807692307693 0.1201923076923077 0.10096153846153846
0 0.09254807692307693 0.6550480769230769 0.13942307692307693 0.09615384615384616
1 0.3137019230769231 0.7355769230769231 0.12740384615384615 0.0625
1 0.2980769230769231 0.8569711538461539 0.11538461538461539 0.052884615384615384
1 0.21634615384615385 0.9735576923076923 0.14423076923076922 0.052884615384615384
1 0.11538461538461539 0.7764423076923077 0.15865384615384615 0.07932692307692307
1 0.0985576923076923 0.9050480769230769 0.12980769230769232 0.07211538461538461
1 0.8653846153846154 0.9807692307692307 0.08173076923076923 0.038461538461538464