1 0.09735576923076923 0.33653846153846156 0.046875 0.08052884615384616
1 0.21995192307692307 0.2764423076923077 0.06370192307692307 0.09254807692307693
1 0.21394230769230768 0.10096153846153846 0.039663461538461536 0.0829326923076923
1 0.2644230769230769 0.12379807692307693 0.06009615384615385 0.09615384615384616
1 0.3954326923076923 0.22716346153846154 0.04567307692307692 0.07451923076923077
1 0.4519230769230769 0.19471153846153846 0.04567307692307692 0.08533653846153846
1 0.31009615384615385 0.27884615384615385 0.06971153846153846 0.09615384615384616
1 0.19591346153846154 0.3557692307692308 0.04927884615384615 0.0733173076923077
1 0.22115384615384615 0.41346153846153844 0.055288461538461536 0.07692307692307693
1 0.24278846153846154 0.5024038461538461 0.06009615384615385 0.1045673076923077
1 0.29447115384615385 0.5012019230769231 0.057692307692307696 0.07932692307692307
1 0.35697115384615385 0.49278846153846156 0.057692307692307696 0.09615384615384616
1 0.41225961538461536 0.41947115384615385 0.055288461538461536 0.08173076923076923
1 0.4326923076923077 0.5336538461538461 0.06490384615384616 0.10697115384615384
1 0.53125 0.5432692307692307 0.05048076923076923 0.07692307692307693
1 0.3798076923076923 0.3269230769230769 0.046875 0.11177884615384616