1 0.20673076923076922 0.46875 0.057692307692307696 0.10576923076923077
1 0.0985576923076923 0.45552884615384615 0.05048076923076923 0.07211538461538461
1 0.8137019230769231 0.49038461538461536 0.057692307692307696 0.10096153846153846
1 0.9302884615384616 0.5600961538461539 0.0625 0.038461538461538464
1 0.8689903846153846 0.515625 0.04326923076923077 0.09615384615384616
1 0.9399038461538461 0.4891826923076923 0.04567307692307692 0.08173076923076923
1 0.9771634615384616 0.3918269230769231 0.04567307692307692 0.08653846153846154
0 0.8233173076923077 0.36778846153846156 0.07211538461538461 0.10576923076923077
0 0.9038461538461539 0.24759615384615385 0.0673076923076923 0.10096153846153846
0 0.9771634615384616 0.5420673076923077 0.04567307692307692 0.07451923076923077
1 0.4735576923076923 0.84375 0.052884615384615384 0.1201923076923077
1 0.3762019230769231 0.8365384615384616 0.05048076923076923 0.10096153846153846
1 0.6237980769230769 0.984375 0.06490384615384616 0.03125
1 0.5216346153846154 0.9855769230769231 0.04326923076923077 0.028846153846153848