1 0.36658653846153844 0.5745192307692307 0.08653846153846154 0.15865384615384615
1 0.2704326923076923 0.47836538461538464 0.0673076923076923 0.13942307692307693
1 0.4519230769230769 0.6442307692307693 0.08173076923076923 0.028846153846153848
1 0.5264423076923077 0.6033653846153846 0.0625 0.11057692307692307
1 0.5168269230769231 0.1971153846153846 0.07692307692307693 0.14423076923076922
0 0.4519230769230769 0.2860576923076923 0.14182692307692307 0.20192307692307693
0 0.3161057692307692 0.16826923076923078 0.09134615384615384 0.1971153846153846
0 0.4254807692307692 0.038461538461538464 0.09134615384615384 0.07692307692307693
1 0.5444711538461539 0.6826923076923077 0.026442307692307692 0.04807692307692308
1 0.984375 0.8774038461538461 0.03125 0.15384615384615385
1 0.8713942307692307 0.8605769230769231 0.057692307692307696 0.11057692307692307
1 0.8028846153846154 0.7115384615384616 0.0625 0.10576923076923077