1 0.21634615384615385 0.24519230769230768 0.0625 0.09615384615384616
1 0.0733173076923077 0.2920673076923077 0.0673076923076923 0.13942307692307693
0 0.7115384615384616 0.08533653846153846 0.0673076923076923 0.1201923076923077
0 0.3629807692307692 0.6514423076923077 0.10576923076923077 0.10576923076923077
0 0.5096153846153846 0.6225961538461539 0.052884615384615384 0.04807692307692308
0 0.3545673076923077 0.8028846153846154 0.0673076923076923 0.10336538461538461
0 0.9639423076923077 0.6490384615384616 0.07211538461538461 0.057692307692307696
0 0.9507211538461539 0.8197115384615384 0.0673076923076923 0.10096153846153846
0 0.8377403846153846 0.8413461538461539 0.10336538461538461 0.14903846153846154
0 0.703125 0.7752403846153846 0.0625 0.17548076923076922
0 0.6887019230769231 0.9302884615384616 0.08173076923076923 0.07451923076923077
0 0.8762019230769231 0.9879807692307693 0.05048076923076923 0.02403846153846154