0 0.15745192307692307 0.29927884615384615 0.1201923076923077 0.0985576923076923
1 0.984375 0.44591346153846156 0.03125 0.026442307692307692
1 0.7992788461538461 0.3112980769230769 0.11298076923076923 0.06490384615384616
1 0.29927884615384615 0.6995192307692307 0.12259615384615384 0.07692307692307693
1 0.31009615384615385 0.5240384615384616 0.11538461538461539 0.057692307692307696
1 0.9338942307692307 0.9459134615384616 0.10096153846153846 0.052884615384615384
1 0.9579326923076923 0.8052884615384616 0.08413461538461539 0.07692307692307693
1 0.8377403846153846 0.7007211538461539 0.1201923076923077 0.10576923076923077
1 0.7283653846153846 0.7956730769230769 0.0985576923076923 0.07692307692307693
1 0.5612980769230769 0.8353365384615384 0.12259615384615384 0.06009615384615385
1 0.6274038461538461 0.6983173076923077 0.09615384615384616 0.07451923076923077
1 0.7848557692307693 0.9146634615384616 0.11057692307692307 0.0673076923076923