0 0.48677884615384615 0.34134615384615385 0.04567307692307692 0.07692307692307693
1 0.6923076923076923 0.328125 0.15865384615384615 0.08653846153846154
1 0.5961538461538461 0.42427884615384615 0.13942307692307693 0.0673076923076923
1 0.8125 0.24278846153846154 0.12980769230769232 0.08173076923076923
1 0.9555288461538461 0.15504807692307693 0.0889423076923077 0.06490384615384616
1 0.8713942307692307 0.09014423076923077 0.1201923076923077 0.0625
1 0.7235576923076923 0.1658653846153846 0.11538461538461539 0.06490384615384616
1 0.6778846153846154 0.08052884615384616 0.11538461538461539 0.0625
1 0.5444711538461539 0.06370192307692307 0.06971153846153846 0.07932692307692307
0 0.9375 0.3293269230769231 0.125 0.12980769230769232
1 0.30408653846153844 0.8653846153846154 0.09134615384615384 0.04326923076923077
1 0.27163461538461536 0.9026442307692307 0.07692307692307693 0.04326923076923077
1 0.23677884615384615 0.9411057692307693 0.08173076923076923 0.04567307692307692
1 0.359375 0.9170673076923077 0.07932692307692307 0.04807692307692308
1 0.3161057692307692 0.9507211538461539 0.07211538461538461 0.04807692307692308
0 0.8497596153846154 0.7055288461538461 0.11298076923076923 0.03125