1 0.5048076923076923 0.021634615384615384 0.04807692307692308 0.04326923076923077
1 0.46875 0.22115384615384615 0.06971153846153846 0.12980769230769232
1 0.37740384615384615 0.24759615384615385 0.08173076923076923 0.15384615384615385
1 0.2860576923076923 0.3798076923076923 0.07211538461538461 0.12980769230769232
0 0.5697115384615384 0.046875 0.07211538461538461 0.07451923076923077
0 0.5817307692307693 0.125 0.07211538461538461 0.10096153846153846
0 0.15504807692307693 0.546875 0.08653846153846154 0.18269230769230768
0 0.2824519230769231 0.6262019230769231 0.07451923076923077 0.1466346153846154
0 0.38461538461538464 0.7788461538461539 0.0625 0.125
0 0.4891826923076923 0.6935096153846154 0.07932692307692307 0.1658653846153846
0 0.265625 0.8870192307692307 0.052884615384615384 0.07932692307692307
0 0.13341346153846154 0.8004807692307693 0.06971153846153846 0.11298076923076923
1 0.5348557692307693 0.6850961538461539 0.01201923076923077 0.07692307692307693