1 0.11778846153846154 0.3918269230769231 0.1201923076923077 0.057692307692307696
1 0.12379807692307693 0.49158653846153844 0.09615384615384616 0.052884615384615384
1 0.6574519230769231 0.39302884615384615 0.06971153846153846 0.038461538461538464
0 0.7740384615384616 0.28846153846153844 0.10576923076923077 0.07692307692307693
1 0.027644230769230768 0.5709134615384616 0.055288461538461536 0.04567307692307692
1 0.06009615384615385 0.7439903846153846 0.0673076923076923 0.04326923076923077
1 0.17908653846153846 0.6081730769230769 0.08653846153846154 0.05048076923076923
1 0.18990384615384615 0.7163461538461539 0.08173076923076923 0.057692307692307696
1 0.20552884615384615 0.8100961538461539 0.08173076923076923 0.04326923076923077
1 0.2800480769230769 0.5576923076923077 0.07451923076923077 0.019230769230769232
0 0.1045673076923077 0.6670673076923077 0.14182692307692307 0.036057692307692304
1 0.6706730769230769 0.5733173076923077 0.09134615384615384 0.05048076923076923
1 0.6370192307692307 0.6442307692307693 0.038461538461538464 0.04326923076923077
1 0.6923076923076923 0.703125 0.07451923076923077 0.036057692307692304
1 0.7932692307692307 0.6153846153846154 0.06490384615384616 0.038461538461538464
1 0.9242788461538461 0.5685096153846154 0.07932692307692307 0.040865384615384616
1 0.9435096153846154 0.6526442307692307 0.08653846153846154 0.04567307692307692
1 0.9435096153846154 0.7572115384615384 0.08173076923076923 0.04807692307692308
1 0.8137019230769231 0.7836538461538461 0.0625 0.036057692307692304
1 0.9555288461538461 0.8533653846153846 0.07211538461538461 0.04326923076923077
0 0.6923076923076923 0.7415865384615384 0.12740384615384615 0.04807692307692308
0 0.8641826923076923 0.7139423076923077 0.1346153846153846 0.028846153846153848