1 0.06009615384615385 0.007211538461538462 0.08653846153846154 0.014423076923076924
1 0.020432692307692308 0.11057692307692307 0.040865384615384616 0.04326923076923077
1 0.06129807692307692 0.1875 0.09375 0.04326923076923077
1 0.11778846153846154 0.1201923076923077 0.09615384615384616 0.052884615384615384
1 0.1466346153846154 0.24639423076923078 0.07211538461538461 0.03365384615384615
1 0.2512019230769231 0.054086538461538464 0.0673076923076923 0.036057692307692304
1 0.24278846153846154 0.15865384615384615 0.06490384615384616 0.036057692307692304
1 0.27163461538461536 0.3269230769230769 0.07692307692307693 0.040865384615384616
1 0.4026442307692308 0.29927884615384615 0.10096153846153846 0.04807692307692308
1 0.4170673076923077 0.39302884615384615 0.08413461538461539 0.03365384615384615
1 0.39783653846153844 0.19230769230769232 0.09134615384615384 0.04807692307692308
1 0.36899038461538464 0.109375 0.08173076923076923 0.04807692307692308
1 0.36658653846153844 0.06610576923076923 0.08173076923076923 0.036057692307692304
1 0.48677884615384615 0.13221153846153846 0.0673076923076923 0.040865384615384616
0 0.3173076923076923 0.2548076923076923 0.13221153846153846 0.038461538461538464
0 0.14543269230769232 0.2824519230769231 0.12980769230769232 0.038461538461538464
0 0.5901442307692307 0.028846153846153848 0.07932692307692307 0.057692307692307696
1 0.06009615384615385 0.8076923076923077 0.06490384615384616 0.04567307692307692
1 0.026442307692307692 0.6298076923076923 0.052884615384615384 0.028846153846153848
1 0.15625 0.5528846153846154 0.07211538461538461 0.009615384615384616
1 0.1622596153846154 0.5841346153846154 0.07932692307692307 0.04326923076923077
1 0.19230769230769232 0.6670673076923077 0.10336538461538461 0.04807692307692308
1 0.19230769230769232 0.7752403846153846 0.0889423076923077 0.05048076923076923
1 0.203125 0.8689903846153846 0.08653846153846154 0.04807692307692308
1 0.2764423076923077 0.6081730769230769 0.07692307692307693 0.03365384615384615
0 0.1045673076923077 0.7259615384615384 0.13942307692307693 0.04807692307692308