1 0.16105769230769232 0.03485576923076923 0.052884615384615384 0.06971153846153846
1 0.18629807692307693 0.07091346153846154 0.04326923076923077 0.07692307692307693
1 0.26802884615384615 0.09254807692307693 0.0673076923076923 0.0673076923076923
1 0.35096153846153844 0.03245192307692308 0.057692307692307696 0.06490384615384616
1 0.49158653846153844 0.09134615384615384 0.0625 0.10096153846153846
1 0.4567307692307692 0.18389423076923078 0.04326923076923077 0.08413461538461539
1 0.4206730769230769 0.1502403846153846 0.05048076923076923 0.08173076923076923
1 0.3737980769230769 0.11298076923076923 0.0625 0.11538461538461539
1 0.32091346153846156 0.09014423076923077 0.0625 0.09615384615384616
1 0.28725961538461536 0.20432692307692307 0.04326923076923077 0.09134615384615384
1 0.16346153846153846 0.2692307692307692 0.057692307692307696 0.10096153846153846
1 0.9951923076923077 0.20192307692307693 0.009615384615384616 0.08173076923076923
1 0.9459134615384616 0.2403846153846154 0.04807692307692308 0.08653846153846154
0 0.4326923076923077 0.38100961538461536 0.052884615384615384 0.10336538461538461