1 0.8233173076923077 0.4807692307692308 0.06490384615384616 0.1201923076923077
1 0.8810096153846154 0.3713942307692308 0.04807692307692308 0.07211538461538461
0 0.09615384615384616 0.7319711538461539 0.06971153846153846 0.1346153846153846
0 0.13822115384615385 0.9771634615384616 0.03125 0.04567307692307692
0 0.20432692307692307 0.9639423076923077 0.057692307692307696 0.07211538461538461
0 0.2620192307692308 0.8665865384615384 0.07692307692307693 0.15625
0 0.3401442307692308 0.7007211538461539 0.07692307692307693 0.07451923076923077
1 0.46875 0.9314903846153846 0.038461538461538464 0.06971153846153846
1 0.5096153846153846 0.9254807692307693 0.055288461538461536 0.07932692307692307
1 0.5985576923076923 0.9026442307692307 0.05048076923076923 0.08653846153846154
1 0.703125 0.8966346153846154 0.04567307692307692 0.09134615384615384
1 0.8004807692307693 0.8870192307692307 0.04807692307692308 0.07211538461538461
1 0.5360576923076923 0.8028846153846154 0.038461538461538464 0.07211538461538461
0 0.6538461538461539 0.953125 0.038461538461538464 0.09375
0 0.45913461538461536 0.7043269230769231 0.019230769230769232 0.10096153846153846