1 0.5456730769230769 0.5048076923076923 0.02403846153846154 0.052884615384615384
0 0.9314903846153846 0.3137019230769231 0.13701923076923078 0.17067307692307693
0 0.7451923076923077 0.38100961538461536 0.14423076923076922 0.1201923076923077
1 0.8221153846153846 0.4675480769230769 0.12980769230769232 0.07932692307692307
1 0.7944711538461539 0.27524038461538464 0.12980769230769232 0.08173076923076923
1 0.6310096153846154 0.1971153846153846 0.1466346153846154 0.07211538461538461
1 0.7860576923076923 0.14543269230769232 0.15865384615384615 0.0625
0 0.9723557692307693 0.47115384615384615 0.055288461538461536 0.11538461538461539
1 0.4495192307692308 0.796875 0.11538461538461539 0.0625
1 0.3329326923076923 0.8497596153846154 0.09375 0.04807692307692308
1 0.3076923076923077 0.984375 0.10576923076923077 0.03125