1 0.10817307692307693 0.44591346153846156 0.10096153846153846 0.04567307692307692
1 0.057692307692307696 0.2764423076923077 0.07692307692307693 0.04567307692307692
1 0.03245192307692308 0.22355769230769232 0.06490384615384616 0.052884615384615384
1 0.1201923076923077 0.3641826923076923 0.11057692307692307 0.057692307692307696
1 0.16826923076923078 0.2932692307692308 0.12259615384615384 0.04567307692307692
1 0.25 0.2644230769230769 0.08413461538461539 0.04807692307692308
1 0.19951923076923078 0.46033653846153844 0.08173076923076923 0.016826923076923076
1 0.24759615384615385 0.4495192307692308 0.07692307692307693 0.038461538461538464
1 0.33413461538461536 0.42908653846153844 0.10576923076923077 0.06009615384615385
1 0.33653846153846156 0.3798076923076923 0.09134615384615384 0.04326923076923077
1 0.328125 0.3137019230769231 0.11298076923076923 0.0673076923076923
1 0.36778846153846156 0.24158653846153846 0.10336538461538461 0.057692307692307696
1 0.3786057692307692 0.14423076923076922 0.09615384615384616 0.04807692307692308
1 0.6033653846153846 0.35216346153846156 0.09375 0.057692307692307696
1 0.6129807692307693 0.29927884615384615 0.10096153846153846 0.0625
1 0.7019230769230769 0.30288461538461536 0.11538461538461539 0.06009615384615385
1 0.7019230769230769 0.3605769230769231 0.10817307692307693 0.0673076923076923
1 0.4230769230769231 0.7836538461538461 0.052884615384615384 0.04807692307692308
1 0.3786057692307692 0.7512019230769231 0.07211538461538461 0.04807692307692308
1 0.41586538461538464 0.7139423076923077 0.0673076923076923 0.04807692307692308
0 0.6778846153846154 0.8028846153846154 0.11057692307692307 0.06009615384615385
0 0.6045673076923077 0.7043269230769231 0.15865384615384615 0.07451923076923077
0 0.765625 0.734375 0.07451923076923077 0.07211538461538461
0 0.9639423076923077 0.6911057692307693 0.07211538461538461 0.05048076923076923
0 0.953125 0.7776442307692307 0.055288461538461536 0.03125
0 0.7836538461538461 0.8942307692307693 0.07211538461538461 0.04807692307692308