0 0.6021634615384616 0.14302884615384615 0.08653846153846154 0.038461538461538464
0 0.4423076923076923 0.010817307692307692 0.18269230769230768 0.021634615384615384
0 0.37259615384615385 0.13341346153846154 0.08653846153846154 0.04807692307692308
0 0.2824519230769231 0.2091346153846154 0.14182692307692307 0.038461538461538464
1 0.8076923076923077 0.036057692307692304 0.14423076923076922 0.07211538461538461
1 0.9266826923076923 0.17427884615384615 0.12980769230769232 0.07692307692307693
1 0.8401442307692307 0.21995192307692307 0.10336538461538461 0.016826923076923076
1 0.6754807692307693 0.6802884615384616 0.04807692307692308 0.0625
1 0.5408653846153846 0.5108173076923077 0.13942307692307693 0.07692307692307693
1 0.5060096153846154 0.6454326923076923 0.11298076923076923 0.0673076923076923
1 0.41586538461538464 0.5805288461538461 0.09615384615384616 0.0673076923076923
1 0.32091346153846156 0.6754807692307693 0.1201923076923077 0.07451923076923077
1 0.22115384615384615 0.7512019230769231 0.10576923076923077 0.0673076923076923
1 0.19831730769230768 0.5360576923076923 0.1346153846153846 0.07211538461538461
1 0.17307692307692307 0.4411057692307692 0.12980769230769232 0.07211538461538461
1 0.38100961538461536 0.3329326923076923 0.15144230769230768 0.10096153846153846
1 0.054086538461538464 0.35336538461538464 0.10817307692307693 0.08173076923076923
0 0.7584134615384616 0.6033653846153846 0.11778846153846154 0.052884615384615384