1 0.265625 0.38461538461538464 0.14182692307692307 0.0889423076923077
1 0.013221153846153846 0.25721153846153844 0.026442307692307692 0.07692307692307693
1 0.015625 0.057692307692307696 0.03125 0.07211538461538461
0 0.2692307692307692 0.2692307692307692 0.09375 0.1201923076923077
0 0.05889423076923077 0.16706730769230768 0.11778846153846154 0.0985576923076923
1 0.8088942307692307 0.4254807692307692 0.14182692307692307 0.04807692307692308
1 0.7956730769230769 0.30288461538461536 0.15865384615384615 0.08653846153846154
1 0.6165865384615384 0.33653846153846156 0.125 0.04807692307692308
1 0.49278846153846156 0.41586538461538464 0.1346153846153846 0.052884615384615384
1 0.3918269230769231 0.7139423076923077 0.052884615384615384 0.04807692307692308
1 0.328125 0.7620192307692307 0.07211538461538461 0.0625
1 0.1658653846153846 0.7788461538461539 0.10817307692307693 0.04807692307692308
1 0.30288461538461536 0.6730769230769231 0.15384615384615385 0.10817307692307693
1 0.10336538461538461 0.6971153846153846 0.13942307692307693 0.07451923076923077
1 0.025240384615384616 0.6346153846153846 0.05048076923076923 0.052884615384615384
1 0.08653846153846154 0.5673076923076923 0.15865384615384615 0.057692307692307696
1 0.3293269230769231 0.5817307692307693 0.1201923076923077 0.052884615384615384
1 0.3293269230769231 0.49038461538461536 0.1346153846153846 0.07211538461538461
1 0.06850961538461539 0.49038461538461536 0.13701923076923078 0.057692307692307696
1 0.9038461538461539 0.6646634615384616 0.11538461538461539 0.0625
1 0.7896634615384616 0.7211538461538461 0.08653846153846154 0.040865384615384616
1 0.7512019230769231 0.8713942307692307 0.0889423076923077 0.055288461538461536