1 0.030048076923076924 0.22596153846153846 0.06009615384615385 0.038461538461538464
1 0.021634615384615384 0.12980769230769232 0.04326923076923077 0.038461538461538464
1 0.013221153846153846 0.026442307692307692 0.026442307692307692 0.038461538461538464
1 0.15264423076923078 0.007211538461538462 0.0985576923076923 0.014423076923076924
1 0.25600961538461536 0.04927884615384615 0.07211538461538461 0.05048076923076923
1 0.13221153846153846 0.0733173076923077 0.07932692307692307 0.052884615384615384
1 0.1346153846153846 0.11899038461538461 0.08653846153846154 0.038461538461538464
1 0.42788461538461536 0.20432692307692307 0.11057692307692307 0.0625
1 0.43028846153846156 0.09975961538461539 0.09615384615384616 0.04807692307692308
1 0.15384615384615385 0.984375 0.11057692307692307 0.03125
1 0.16706730769230768 0.8954326923076923 0.09134615384615384 0.04807692307692308
0 0.5649038461538461 0.9290865384615384 0.14423076923076922 0.07451923076923077
0 0.6971153846153846 0.8701923076923077 0.08173076923076923 0.08653846153846154
0 0.7716346153846154 0.9567307692307693 0.10096153846153846 0.04807692307692308
0 0.6887019230769231 0.9819711538461539 0.12740384615384615 0.036057692307692304
0 0.5048076923076923 0.9819711538461539 0.12980769230769232 0.03365384615384615