1 0.19110576923076922 0.24519230769230768 0.11778846153846154 0.04326923076923077
1 0.22716346153846154 0.15745192307692307 0.07692307692307693 0.057692307692307696
1 0.04927884615384615 0.07211538461538461 0.0985576923076923 0.07211538461538461
1 0.04567307692307692 0.13221153846153846 0.09134615384615384 0.0625
1 0.037259615384615384 0.22115384615384615 0.07451923076923077 0.052884615384615384
1 0.010817307692307692 0.2548076923076923 0.021634615384615384 0.0625
1 0.03245192307692308 0.17548076923076922 0.06490384615384616 0.04326923076923077
1 0.09254807692307693 0.31009615384615385 0.07932692307692307 0.04807692307692308
1 0.13221153846153846 0.38221153846153844 0.10817307692307693 0.052884615384615384
1 0.2920673076923077 0.3798076923076923 0.0985576923076923 0.04567307692307692
1 0.32211538461538464 0.3401442307692308 0.09615384615384616 0.0625
1 0.41586538461538464 0.3233173076923077 0.07692307692307693 0.052884615384615384
1 0.3918269230769231 0.25600961538461536 0.10576923076923077 0.057692307692307696
0 0.5012019230769231 0.28365384615384615 0.08413461538461539 0.10576923076923077
0 0.6057692307692307 0.09375 0.14423076923076922 0.08653846153846154
0 0.6454326923076923 0.34615384615384615 0.11298076923076923 0.0625
0 0.7836538461538461 0.34375 0.12259615384615384 0.06009615384615385
0 0.875 0.2512019230769231 0.1201923076923077 0.04807692307692308
0 0.3076923076923077 0.796875 0.08653846153846154 0.038461538461538464
0 0.3125 0.71875 0.1201923076923077 0.07211538461538461
0 0.23317307692307693 0.5733173076923077 0.16346153846153846 0.0889423076923077
0 0.12139423076923077 0.9110576923076923 0.14903846153846154 0.08173076923076923
0 0.3737980769230769 0.9182692307692307 0.17067307692307693 0.09615384615384616
0 0.4411057692307692 0.5612980769230769 0.036057692307692304 0.06490384615384616