1 0.32211538461538464 0.5204326923076923 0.056490384615384616 0.10697115384615384
1 0.3329326923076923 0.46875 0.04326923076923077 0.08173076923076923
1 0.34615384615384615 0.38341346153846156 0.0673076923076923 0.09615384615384616
1 0.31850961538461536 0.3161057692307692 0.056490384615384616 0.0829326923076923
1 0.3449519230769231 0.20673076923076922 0.04567307692307692 0.07932692307692307
1 0.31971153846153844 0.04326923076923077 0.040865384615384616 0.08533653846153846
1 0.38221153846153844 0.17427884615384615 0.042067307692307696 0.09375
1 0.40024038461538464 0.22596153846153846 0.04326923076923077 0.07091346153846154
1 0.484375 0.25240384615384615 0.056490384615384616 0.09615384615384616
1 0.49278846153846156 0.3088942307692308 0.046875 0.06009615384615385
1 0.5637019230769231 0.3245192307692308 0.04927884615384615 0.10817307692307693
1 0.5600961538461539 0.4795673076923077 0.042067307692307696 0.08533653846153846
1 0.5204326923076923 0.515625 0.054086538461538464 0.09375
1 0.5024038461538461 0.6129807692307693 0.05048076923076923 0.07451923076923077
1 0.43509615384615385 0.5853365384615384 0.051682692307692304 0.10216346153846154
1 0.42427884615384615 0.38461538461538464 0.05048076923076923 0.1310096153846154