1 0.018028846153846152 0.07211538461538461 0.036057692307692304 0.08173076923076923
1 0.06370192307692307 0.07932692307692307 0.04567307692307692 0.08173076923076923
1 0.23076923076923078 0.03125 0.04326923076923077 0.0625
1 0.0829326923076923 0.20432692307692307 0.055288461538461536 0.11057692307692307
1 0.03245192307692308 0.24639423076923078 0.052884615384615384 0.11538461538461539
1 0.027644230769230768 0.4110576923076923 0.055288461538461536 0.11057692307692307
1 0.53125 0.35216346153846156 0.04567307692307692 0.08173076923076923
1 0.5637019230769231 0.2980769230769231 0.04807692307692308 0.07692307692307693
1 0.5973557692307693 0.33774038461538464 0.04807692307692308 0.07932692307692307
1 0.5540865384615384 0.41225961538461536 0.04807692307692308 0.09134615384615384
1 0.6033653846153846 0.421875 0.04567307692307692 0.08173076923076923
0 0.03365384615384615 0.6935096153846154 0.0673076923076923 0.0889423076923077
0 0.013221153846153846 0.8725961538461539 0.026442307692307692 0.08653846153846154
0 0.5576923076923077 0.6899038461538461 0.0625 0.11057692307692307
0 0.6045673076923077 0.8617788461538461 0.07451923076923077 0.12259615384615384
0 0.5108173076923077 0.7896634615384616 0.05048076923076923 0.07451923076923077
0 0.4375 0.7475961538461539 0.06490384615384616 0.10576923076923077