1 0.1658653846153846 0.025240384615384616 0.057692307692307696 0.05048076923076923
1 0.21634615384615385 0.0985576923076923 0.08173076923076923 0.08653846153846154
1 0.22596153846153846 0.27403846153846156 0.05048076923076923 0.10817307692307693
1 0.1201923076923077 0.11899038461538461 0.10096153846153846 0.14423076923076922
1 0.02403846153846154 0.33413461538461536 0.04807692307692308 0.13942307692307693
1 0.1466346153846154 0.31490384615384615 0.057692307692307696 0.1346153846153846
1 0.08533653846153846 0.43509615384615385 0.057692307692307696 0.15625
1 0.7091346153846154 0.3088942307692308 0.057692307692307696 0.10336538461538461
1 0.8413461538461539 0.34975961538461536 0.052884615384615384 0.07692307692307693
1 0.6923076923076923 0.5276442307692307 0.0625 0.06009615384615385
1 0.9807692307692307 0.8677884615384616 0.038461538461538464 0.10576923076923077
1 0.8545673076923077 0.8365384615384616 0.08653846153846154 0.10336538461538461
1 0.7524038461538461 0.9507211538461539 0.10576923076923077 0.0985576923076923
1 0.9663461538461539 0.9819711538461539 0.052884615384615384 0.036057692307692304