1 0.12379807692307693 0.2764423076923077 0.13942307692307693 0.07692307692307693
1 0.24519230769230768 0.1814903846153846 0.11057692307692307 0.06971153846153846
1 0.3425480769230769 0.057692307692307696 0.09134615384615384 0.09375
1 0.5024038461538461 0.1045673076923077 0.1346153846153846 0.0673076923076923
1 0.5564903846153846 0.19831730769230768 0.08413461538461539 0.06971153846153846
1 0.4543269230769231 0.30649038461538464 0.125 0.0673076923076923
1 0.578125 0.33052884615384615 0.040865384615384616 0.06971153846153846
1 0.6502403846153846 0.007211538461538462 0.10336538461538461 0.014423076923076924
1 0.12139423076923077 0.6262019230769231 0.10576923076923077 0.0625
1 0.0889423076923077 0.48677884615384615 0.10336538461538461 0.08653846153846154
1 0.2091346153846154 0.4026442307692308 0.11057692307692307 0.06971153846153846
1 0.3293269230769231 0.47716346153846156 0.11057692307692307 0.08653846153846154
1 0.43028846153846156 0.3954326923076923 0.10096153846153846 0.055288461538461536
1 0.5120192307692307 0.5216346153846154 0.15384615384615385 0.04807692307692308
1 0.27524038461538464 0.5985576923076923 0.11538461538461539 0.052884615384615384
1 0.5817307692307693 0.6850961538461539 0.03365384615384615 0.0625
1 0.3713942307692308 0.7608173076923077 0.10336538461538461 0.06009615384615385
1 0.6766826923076923 0.4735576923076923 0.15625 0.1201923076923077
1 0.8016826923076923 0.8629807692307693 0.10096153846153846 0.04807692307692308
1 0.703125 0.6995192307692307 0.10096153846153846 0.057692307692307696
1 0.7704326923076923 0.5793269230769231 0.12980769230769232 0.07932692307692307
1 0.8701923076923077 0.47596153846153844 0.11057692307692307 0.08413461538461539
1 0.9362980769230769 0.6141826923076923 0.12740384615384615 0.06490384615384616
1 0.9615384615384616 0.7487980769230769 0.07692307692307693 0.06490384615384616