0 0.2692307692307692 0.026442307692307692 0.15384615384615385 0.052884615384615384
0 0.037259615384615384 0.7692307692307693 0.07451923076923077 0.07692307692307693
1 0.9819711538461539 0.7355769230769231 0.036057692307692304 0.04807692307692308
1 0.8365384615384616 0.5961538461538461 0.07692307692307693 0.038461538461538464
1 0.9110576923076923 0.6069711538461539 0.10096153846153846 0.06009615384615385
1 0.9627403846153846 0.5733173076923077 0.07451923076923077 0.055288461538461536
1 0.7271634615384616 0.6526442307692307 0.0985576923076923 0.05048076923076923
1 0.6502403846153846 0.7680288461538461 0.06490384615384616 0.04567307692307692
1 0.7884615384615384 0.828125 0.0985576923076923 0.06009615384615385
1 0.7884615384615384 0.7740384615384616 0.0985576923076923 0.057692307692307696
1 0.7800480769230769 0.734375 0.08173076923076923 0.04807692307692308
1 0.7439903846153846 0.7043269230769231 0.08173076923076923 0.04326923076923077
1 0.7932692307692307 0.6790865384615384 0.07451923076923077 0.04326923076923077