0 0.5108173076923077 0.4098557692307692 0.09134615384615384 0.1778846153846154
0 0.36538461538461536 0.5036057692307693 0.038461538461538464 0.057692307692307696
0 0.1466346153846154 0.36658653846153844 0.08653846153846154 0.1201923076923077
0 0.25841346153846156 0.16466346153846154 0.038461538461538464 0.07692307692307693
0 0.36899038461538464 0.23197115384615385 0.06490384615384616 0.11298076923076923
0 0.4423076923076923 0.16706730769230768 0.052884615384615384 0.10096153846153846
1 0.7884615384615384 0.38822115384615385 0.052884615384615384 0.10576923076923077
1 0.8713942307692307 0.4795673076923077 0.052884615384615384 0.10096153846153846
1 0.9831730769230769 0.5336538461538461 0.03365384615384615 0.07211538461538461
1 0.9879807692307693 0.41346153846153844 0.02403846153846154 0.09134615384615384
1 0.9314903846153846 0.2848557692307692 0.038461538461538464 0.07692307692307693
1 0.8389423076923077 0.27884615384615385 0.04326923076923077 0.07692307692307693
1 0.9423076923076923 0.17067307692307693 0.040865384615384616 0.07211538461538461
1 0.9831730769230769 0.16466346153846154 0.03365384615384615 0.07932692307692307
0 0.7403846153846154 0.453125 0.08653846153846154 0.07692307692307693
0 0.5 0.7692307692307693 0.0673076923076923 0.11298076923076923
0 0.12980769230769232 0.9855769230769231 0.07692307692307693 0.028846153846153848
0 0.3918269230769231 0.7079326923076923 0.0673076923076923 0.12740384615384615
0 0.9807692307692307 0.9362980769230769 0.038461538461538464 0.12740384615384615
0 0.9591346153846154 0.7992788461538461 0.057692307692307696 0.10336538461538461
0 0.9399038461538461 0.7067307692307693 0.055288461538461536 0.08653846153846154
0 0.8762019230769231 0.8028846153846154 0.02403846153846154 0.125
0 0.9819711538461539 0.6141826923076923 0.036057692307692304 0.0889423076923077
1 0.7620192307692307 0.9290865384615384 0.052884615384615384 0.08173076923076923
1 0.8257211538461539 0.8076923076923077 0.038461538461538464 0.06971153846153846
1 0.8689903846153846 0.9182692307692307 0.055288461538461536 0.07211538461538461
1 0.8377403846153846 0.6418269230769231 0.05048076923076923 0.08413461538461539
1 0.9098557692307693 0.5877403846153846 0.06009615384615385 0.036057692307692304