1 0.28846153846153844 0.036057692307692304 0.052884615384615384 0.07211538461538461
1 0.23918269230769232 0.11177884615384616 0.04807692307692308 0.08173076923076923
1 0.24879807692307693 0.171875 0.04807692307692308 0.07692307692307693
1 0.16466346153846154 0.22115384615384615 0.04567307692307692 0.07692307692307693
1 0.13221153846153846 0.18870192307692307 0.04326923076923077 0.07932692307692307
1 0.6706730769230769 0.13942307692307693 0.057692307692307696 0.09615384615384616
1 0.8149038461538461 0.09975961538461539 0.04326923076923077 0.08173076923076923
1 0.8725961538461539 0.02283653846153846 0.0625 0.04567307692307692
1 0.21634615384615385 0.45913461538461536 0.0625 0.019230769230769232
1 0.6754807692307693 0.4735576923076923 0.0625 0.04807692307692308
1 0.6274038461538461 0.5528846153846154 0.040865384615384616 0.07211538461538461
1 0.4735576923076923 0.5853365384615384 0.057692307692307696 0.0985576923076923