1 0.578125 0.10096153846153846 0.11298076923076923 0.0625
1 0.5576923076923077 0.17668269230769232 0.08653846153846154 0.04807692307692308
1 0.49759615384615385 0.014423076923076924 0.10096153846153846 0.028846153846153848
1 0.4326923076923077 0.037259615384615384 0.09134615384615384 0.052884615384615384
1 0.4326923076923077 0.09254807692307693 0.06971153846153846 0.0673076923076923
1 0.3173076923076923 0.07091346153846154 0.07692307692307693 0.036057692307692304
1 0.4519230769230769 0.1658653846153846 0.07692307692307693 0.040865384615384616
1 0.4855769230769231 0.19831730769230768 0.07692307692307693 0.04807692307692308
1 0.24639423076923078 0.19110576923076922 0.10096153846153846 0.057692307692307696
1 0.15985576923076922 0.07211538461538461 0.08653846153846154 0.052884615384615384
0 0.8629807692307693 0.31971153846153844 0.12980769230769232 0.0625
0 0.7560096153846154 0.37259615384615385 0.12740384615384615 0.0673076923076923
0 0.5733173076923077 0.8353365384615384 0.08653846153846154 0.08653846153846154
0 0.48677884615384615 0.8497596153846154 0.10576923076923077 0.07211538461538461
0 0.96875 0.7548076923076923 0.0625 0.1201923076923077