0 0.36899038461538464 0.5024038461538461 0.17307692307692307 0.06971153846153846
0 0.5024038461538461 0.38100961538461536 0.10576923076923077 0.06971153846153846
0 0.5 0.3173076923076923 0.06009615384615385 0.028846153846153848
0 0.25721153846153844 0.20793269230769232 0.13942307692307693 0.07451923076923077
0 0.2127403846153846 0.5192307692307693 0.07692307692307693 0.07211538461538461
0 0.12860576923076922 0.3317307692307692 0.08653846153846154 0.04567307692307692
0 0.30288461538461536 0.3293269230769231 0.04807692307692308 0.02403846153846154
1 0.9735576923076923 0.29086538461538464 0.052884615384615384 0.04807692307692308
0 0.8834134615384616 0.1814903846153846 0.10096153846153846 0.07211538461538461
1 0.46153846153846156 0.7463942307692307 0.10576923076923077 0.06009615384615385
1 0.8930288461538461 0.6887019230769231 0.11057692307692307 0.07211538461538461