1 0.7884615384615384 0.021634615384615384 0.057692307692307696 0.04326923076923077
1 0.6850961538461539 0.15264423076923078 0.038461538461538464 0.0673076923076923
1 0.30408653846153844 0.5889423076923077 0.036057692307692304 0.0625
1 0.43149038461538464 0.5853365384615384 0.06490384615384616 0.055288461538461536
1 0.59375 0.7079326923076923 0.040865384615384616 0.07211538461538461
1 0.4963942307692308 0.6995192307692307 0.038461538461538464 0.07451923076923077
1 0.3942307692307692 0.6790865384615384 0.038461538461538464 0.0673076923076923
1 0.48677884615384615 0.8112980769230769 0.036057692307692304 0.07692307692307693
1 0.4423076923076923 0.8137019230769231 0.05048076923076923 0.09134615384615384
1 0.3557692307692308 0.8377403846153846 0.052884615384615384 0.08653846153846154
1 0.24879807692307693 0.8329326923076923 0.052884615384615384 0.07692307692307693
1 0.15625 0.8425480769230769 0.04326923076923077 0.07211538461538461
1 0.22716346153846154 0.7055288461538461 0.04807692307692308 0.06490384615384616
1 0.41466346153846156 0.9387019230769231 0.04326923076923077 0.0673076923076923
0 0.2956730769230769 0.7596153846153846 0.038461538461538464 0.12980769230769232
0 0.2692307692307692 0.5961538461538461 0.04326923076923077 0.07692307692307693