1 0.14903846153846154 0.15745192307692307 0.15625 0.10576923076923077
1 0.359375 0.04807692307692308 0.12740384615384615 0.07451923076923077
1 0.4855769230769231 0.13822115384615385 0.13942307692307693 0.09134615384615384
0 0.7836538461538461 0.15264423076923078 0.1201923076923077 0.04807692307692308
0 0.7175480769230769 0.05048076923076923 0.11778846153846154 0.07211538461538461
0 0.875 0.0733173076923077 0.07211538461538461 0.0625
1 0.3401442307692308 0.9362980769230769 0.10096153846153846 0.06490384615384616
1 0.3473557692307692 0.7692307692307693 0.10336538461538461 0.057692307692307696
1 0.5444711538461539 0.7740384615384616 0.10096153846153846 0.057692307692307696
1 0.5252403846153846 0.9122596153846154 0.0985576923076923 0.057692307692307696
1 0.9423076923076923 0.9375 0.07451923076923077 0.04567307692307692
1 0.7091346153846154 0.8233173076923077 0.08173076923076923 0.04807692307692308
1 0.7283653846153846 0.7740384615384616 0.10096153846153846 0.06009615384615385
1 0.8834134615384616 0.8173076923076923 0.10576923076923077 0.0625
1 0.984375 0.8173076923076923 0.03125 0.04807692307692308
1 0.9627403846153846 0.8425480769230769 0.07451923076923077 0.05048076923076923
1 0.890625 0.7319711538461539 0.10576923076923077 0.057692307692307696
1 0.8329326923076923 0.6442307692307693 0.07451923076923077 0.04807692307692308
1 0.8028846153846154 0.5889423076923077 0.07932692307692307 0.04326923076923077
1 0.9375 0.6598557692307693 0.125 0.04567307692307692
1 0.9927884615384616 0.6225961538461539 0.014423076923076924 0.04326923076923077