0 0.37259615384615385 0.15144230769230768 0.19951923076923078 0.07692307692307693
0 0.2800480769230769 0.32572115384615385 0.2956730769230769 0.12259615384615384
1 0.27163461538461536 0.5865384615384616 0.12980769230769232 0.0673076923076923
1 0.07091346153846154 0.06129807692307692 0.10817307692307693 0.07692307692307693
1 0.08774038461538461 0.44711538461538464 0.14423076923076922 0.09615384615384616
1 0.25600961538461536 0.057692307692307696 0.11538461538461539 0.057692307692307696
1 0.5360576923076923 0.01201923076923077 0.125 0.02403846153846154
1 0.7271634615384616 0.19591346153846154 0.11538461538461539 0.06971153846153846
1 0.8930288461538461 0.1778846153846154 0.125 0.0673076923076923
1 0.9459134615384616 0.055288461538461536 0.10817307692307693 0.10096153846153846
1 0.7043269230769231 0.5697115384615384 0.15384615384615385 0.10336538461538461
0 0.6370192307692307 0.28365384615384615 0.07692307692307693 0.08653846153846154
0 0.6478365384615384 0.1201923076923077 0.0985576923076923 0.09134615384615384
0 0.8882211538461539 0.44350961538461536 0.22355769230769232 0.10336538461538461
0 0.9555288461538461 0.2764423076923077 0.0889423076923077 0.0673076923076923
0 0.16466346153846154 0.7319711538461539 0.125 0.07451923076923077
0 0.65625 0.8353365384615384 0.11538461538461539 0.11778846153846154
0 0.6971153846153846 0.6935096153846154 0.1971153846153846 0.03125
0 0.8221153846153846 0.7884615384615384 0.19230769230769232 0.14423076923076922
1 0.9711538461538461 0.9759615384615384 0.057692307692307696 0.04807692307692308