1 0.08413461538461539 0.09615384615384616 0.06009615384615385 0.10096153846153846
1 0.2127403846153846 0.140625 0.04326923076923077 0.08173076923076923
1 0.07091346153846154 0.3473557692307692 0.06490384615384616 0.11057692307692307
1 0.6935096153846154 0.16346153846153846 0.0625 0.1346153846153846
1 0.3137019230769231 0.6490384615384616 0.06490384615384616 0.10576923076923077
1 0.3629807692307692 0.7572115384615384 0.040865384615384616 0.07211538461538461
1 0.5168269230769231 0.7896634615384616 0.057692307692307696 0.0985576923076923
1 0.9290865384615384 0.5396634615384616 0.057692307692307696 0.1201923076923077
1 0.8016826923076923 0.6081730769230769 0.11057692307692307 0.15625
1 0.859375 0.8245192307692307 0.07451923076923077 0.11057692307692307
0 0.9903846153846154 0.6514423076923077 0.019230769230769232 0.20673076923076922