0 0.6430288461538461 0.14543269230769232 0.11298076923076923 0.15625
1 0.7716346153846154 0.009615384615384616 0.10576923076923077 0.019230769230769232
1 0.9134615384615384 0.013221153846153846 0.1201923076923077 0.026442307692307692
1 0.016826923076923076 0.7620192307692307 0.03365384615384615 0.03365384615384615
1 0.1622596153846154 0.7908653846153846 0.08173076923076923 0.04326923076923077
1 0.1201923076923077 0.8245192307692307 0.07211538461538461 0.04326923076923077
1 0.17307692307692307 0.8449519230769231 0.06971153846153846 0.038461538461538464
1 0.203125 0.9290865384615384 0.08653846153846154 0.052884615384615384
1 0.265625 0.9375 0.0673076923076923 0.04567307692307692
1 0.27283653846153844 0.9915865384615384 0.0985576923076923 0.016826923076923076
1 0.2704326923076923 0.7620192307692307 0.07451923076923077 0.04326923076923077
1 0.33413461538461536 0.7920673076923077 0.09615384615384616 0.057692307692307696
1 0.4723557692307692 0.7644230769230769 0.10576923076923077 0.0625
1 0.4266826923076923 0.7824519230769231 0.07211538461538461 0.057692307692307696
1 0.3389423076923077 0.8701923076923077 0.1201923076923077 0.04807692307692308
1 0.5372596153846154 0.8798076923076923 0.10576923076923077 0.057692307692307696
1 0.5637019230769231 0.9483173076923077 0.0673076923076923 0.052884615384615384
1 0.4338942307692308 0.9855769230769231 0.0889423076923077 0.028846153846153848
1 0.46634615384615385 0.9639423076923077 0.11057692307692307 0.052884615384615384
1 0.9651442307692307 0.5216346153846154 0.06971153846153846 0.04326923076923077
1 0.9795673076923077 0.5649038461538461 0.040865384615384616 0.0673076923076923
1 0.8401442307692307 0.5757211538461539 0.11057692307692307 0.0625
1 0.8653846153846154 0.6514423076923077 0.0673076923076923 0.04326923076923077
1 0.9411057692307693 0.6754807692307693 0.07692307692307693 0.04807692307692308
1 0.9651442307692307 0.6442307692307693 0.06971153846153846 0.04807692307692308