1 0.6766826923076923 0.3125 0.057692307692307696 0.09375
1 0.6237980769230769 0.32211538461538464 0.0625 0.10096153846153846
1 0.6262019230769231 0.390625 0.06009615384615385 0.07451923076923077
1 0.6850961538461539 0.3918269230769231 0.0673076923076923 0.07211538461538461
1 0.5829326923076923 0.5084134615384616 0.052884615384615384 0.09615384615384616
1 0.4855769230769231 0.47596153846153844 0.057692307692307696 0.09615384615384616
1 0.36538461538461536 0.45552884615384615 0.057692307692307696 0.055288461538461536
1 0.5372596153846154 0.5649038461538461 0.04567307692307692 0.09615384615384616
1 0.5048076923076923 0.5997596153846154 0.04567307692307692 0.09615384615384616
1 0.5841346153846154 0.6550480769230769 0.04567307692307692 0.08173076923076923
1 0.5276442307692307 0.6706730769230769 0.04807692307692308 0.08653846153846154
1 0.5384615384615384 0.7331730769230769 0.052884615384615384 0.08653846153846154
1 0.42908653846153844 0.6550480769230769 0.04326923076923077 0.08413461538461539
1 0.38100961538461536 0.6622596153846154 0.05048076923076923 0.07692307692307693
1 0.2824519230769231 0.5516826923076923 0.04807692307692308 0.0889423076923077
1 0.21514423076923078 0.5889423076923077 0.04567307692307692 0.08173076923076923
1 0.3629807692307692 0.7752403846153846 0.0625 0.10336538461538461
1 0.4074519230769231 0.8137019230769231 0.0625 0.09615384615384616
1 0.4206730769230769 0.9675480769230769 0.0673076923076923 0.06490384615384616
0 0.7367788461538461 0.5576923076923077 0.016826923076923076 0.04807692307692308
0 0.8125 0.6478365384615384 0.0625 0.09134615384615384