1 0.4879807692307692 0.3762019230769231 0.04807692307692308 0.08173076923076923
1 0.40865384615384615 0.3293269230769231 0.04807692307692308 0.08173076923076923
1 0.3088942307692308 0.3942307692307692 0.04807692307692308 0.08173076923076923
1 0.4170673076923077 0.5132211538461539 0.04326923076923077 0.08413461538461539
0 0.6995192307692307 0.051682692307692304 0.08653846153846154 0.10336538461538461
0 0.703125 0.2776442307692308 0.09375 0.1658653846153846
0 0.8894230769230769 0.21394230769230768 0.06009615384615385 0.11538461538461539
0 0.15865384615384615 0.5733173076923077 0.0625 0.03125
0 0.11177884615384616 0.7055288461538461 0.07451923076923077 0.12259615384615384
0 0.04567307692307692 0.9350961538461539 0.08173076923076923 0.12980769230769232
0 0.18870192307692307 0.875 0.05048076923076923 0.10096153846153846
0 0.20552884615384615 0.6334134615384616 0.05048076923076923 0.07451923076923077
0 0.27884615384615385 0.6009615384615384 0.0625 0.08653846153846154
0 0.14903846153846154 0.9723557692307693 0.09615384615384616 0.055288461538461536
0 0.7920673076923077 0.6694711538461539 0.09375 0.0625