1 0.3641826923076923 0.17307692307692307 0.13942307692307693 0.07932692307692307
1 0.484375 0.33413461538461536 0.05048076923076923 0.07692307692307693
1 0.33052884615384615 0.31009615384615385 0.1201923076923077 0.06971153846153846
1 0.24519230769230768 0.23677884615384615 0.08413461538461539 0.057692307692307696
1 0.14423076923076922 0.33413461538461536 0.1346153846153846 0.08173076923076923
1 0.054086538461538464 0.4098557692307692 0.10817307692307693 0.06971153846153846
1 0.04567307692307692 0.1935096153846154 0.09134615384615384 0.06971153846153846
1 0.038461538461538464 0.10336538461538461 0.07692307692307693 0.08173076923076923
0 0.8497596153846154 0.3581730769230769 0.125 0.07211538461538461
0 0.96875 0.06971153846153846 0.0625 0.052884615384615384
0 0.7439903846153846 0.10697115384615384 0.16826923076923078 0.052884615384615384
0 0.7259615384615384 0.21875 0.12980769230769232 0.03365384615384615
0 0.9074519230769231 0.21634615384615385 0.11298076923076923 0.09134615384615384
1 0.36899038461538464 0.9807692307692307 0.09375 0.038461538461538464
1 0.37259615384615385 0.9230769230769231 0.08173076923076923 0.04807692307692308
1 0.4495192307692308 0.8870192307692307 0.0625 0.03365384615384615
1 0.48677884615384615 0.9459134615384616 0.04567307692307692 0.040865384615384616
0 0.9723557692307693 0.8677884615384616 0.055288461538461536 0.0625