1 0.265625 0.21875 0.06129807692307692 0.09495192307692307
1 0.34615384615384615 0.1310096153846154 0.055288461538461536 0.09014423076923077
1 0.46274038461538464 0.0673076923076923 0.036057692307692304 0.07932692307692307
1 0.5420673076923077 0.12740384615384615 0.04927884615384615 0.10216346153846154
1 0.6057692307692307 0.20673076923076922 0.040865384615384616 0.0733173076923077
1 0.6875 0.33413461538461536 0.040865384615384616 0.07451923076923077
1 0.5132211538461539 0.30288461538461536 0.03485576923076923 0.06370192307692307
1 0.47475961538461536 0.18990384615384615 0.052884615384615384 0.10817307692307693
1 0.41225961538461536 0.3245192307692308 0.042067307692307696 0.07091346153846154
1 0.31850961538461536 0.3317307692307692 0.042067307692307696 0.07451923076923077
1 0.42427884615384615 0.43509615384615385 0.037259615384615384 0.06610576923076923
1 0.4675480769230769 0.4423076923076923 0.052884615384615384 0.09134615384615384
1 0.5516826923076923 0.46033653846153844 0.046875 0.0889423076923077
1 0.6574519230769231 0.46033653846153844 0.051682692307692304 0.09014423076923077
1 0.7536057692307693 0.4735576923076923 0.040865384615384616 0.07451923076923077
1 0.49399038461538464 0.5552884615384616 0.042067307692307696 0.08653846153846154
0 0.6153846153846154 0.38341346153846156 0.036057692307692304 0.140625
0 0.6418269230769231 0.20432692307692307 0.04447115384615385 0.12620192307692307
0 0.21875 0.16947115384615385 0.07451923076923077 0.09375
0 0.38461538461538464 0.6730769230769231 0.0733173076923077 0.109375