0 0.37259615384615385 0.07091346153846154 0.07451923076923077 0.08653846153846154
0 0.53125 0.08653846153846154 0.040865384615384616 0.06490384615384616
0 0.4206730769230769 0.25600961538461536 0.038461538461538464 0.06009615384615385
0 0.34134615384615385 0.2860576923076923 0.057692307692307696 0.09375
0 0.49399038461538464 0.3401442307692308 0.04807692307692308 0.08653846153846154
1 0.9615384615384616 0.3605769230769231 0.05048076923076923 0.07692307692307693
0 0.2920673076923077 0.5841346153846154 0.04326923076923077 0.0985576923076923
0 0.15144230769230768 0.8016826923076923 0.07451923076923077 0.1658653846153846
0 0.22956730769230768 0.9507211538461539 0.07451923076923077 0.0985576923076923
0 0.3161057692307692 0.8100961538461539 0.09615384615384616 0.18269230769230768
0 0.4567307692307692 0.7235576923076923 0.0889423076923077 0.16105769230769232
0 0.47716346153846156 0.9591346153846154 0.06971153846153846 0.08173076923076923
1 0.9651442307692307 0.8713942307692307 0.04567307692307692 0.07211538461538461