0 0.3786057692307692 0.07572115384615384 0.0985576923076923 0.15144230769230768
0 0.17427884615384615 0.23197115384615385 0.0625 0.21153846153846154
0 0.3581730769230769 0.2860576923076923 0.13942307692307693 0.15384615384615385
1 0.4387019230769231 0.11778846153846154 0.021634615384615384 0.08653846153846154
0 0.3088942307692308 0.578125 0.09134615384615384 0.19230769230769232
0 0.14302884615384615 0.46153846153846156 0.0985576923076923 0.125
0 0.10096153846153846 0.7319711538461539 0.07692307692307693 0.20673076923076922
0 0.17908653846153846 0.9375 0.1466346153846154 0.125
0 0.3737980769230769 0.9375 0.10817307692307693 0.125
1 0.46033653846153844 0.5564903846153846 0.0625 0.11057692307692307
1 0.6274038461538461 0.5600961538461539 0.06009615384615385 0.10336538461538461
1 0.484375 0.7319711538461539 0.0625 0.11057692307692307
1 0.6225961538461539 0.7487980769230769 0.057692307692307696 0.10336538461538461