0 0.39302884615384615 0.15264423076923078 0.1201923076923077 0.0673076923076923
0 0.14182692307692307 0.15384615384615385 0.14903846153846154 0.057692307692307696
0 0.04807692307692308 0.10817307692307693 0.09615384615384616 0.04326923076923077
0 0.9699519230769231 0.41586538461538464 0.06009615384615385 0.07211538461538461
1 0.09134615384615384 0.8858173076923077 0.09615384615384616 0.057692307692307696
1 0.17548076923076922 0.8497596153846154 0.08173076923076923 0.04567307692307692
1 0.14423076923076922 0.8149038461538461 0.07932692307692307 0.04326923076923077
1 0.1045673076923077 0.7728365384615384 0.10576923076923077 0.052884615384615384
1 0.036057692307692304 0.7451923076923077 0.07211538461538461 0.057692307692307696
1 0.08173076923076923 0.7139423076923077 0.09375 0.057692307692307696
1 0.09134615384615384 0.6586538461538461 0.0673076923076923 0.0673076923076923
1 0.03365384615384615 0.5540865384615384 0.0673076923076923 0.04567307692307692
1 0.06129807692307692 0.5853365384615384 0.07211538461538461 0.04326923076923077
1 0.19471153846153846 0.6802884615384616 0.07932692307692307 0.04567307692307692
1 0.2620192307692308 0.5637019230769231 0.10576923076923077 0.057692307692307696
1 0.35336538461538464 0.6790865384615384 0.08173076923076923 0.04807692307692308
1 0.8317307692307693 0.9915865384615384 0.08173076923076923 0.016826923076923076
1 0.6826923076923077 0.9314903846153846 0.08413461538461539 0.04567307692307692
1 0.8305288461538461 0.7307692307692307 0.11057692307692307 0.0625
1 0.859375 0.6550480769230769 0.07211538461538461 0.038461538461538464
1 0.9302884615384616 0.6298076923076923 0.07211538461538461 0.04326923076923077
1 0.9627403846153846 0.6610576923076923 0.07211538461538461 0.03365384615384615
1 0.9747596153846154 0.7355769230769231 0.05048076923076923 0.0625
1 0.9146634615384616 0.8233173076923077 0.10576923076923077 0.0625
1 0.9699519230769231 0.7932692307692307 0.06009615384615385 0.052884615384615384
1 0.9723557692307693 0.8485576923076923 0.055288461538461536 0.057692307692307696
1 0.9711538461538461 0.9651442307692307 0.057692307692307696 0.06009615384615385