1 0.5480769230769231 0.14903846153846154 0.04807692307692308 0.09134615384615384
1 0.5036057692307693 0.14903846153846154 0.0673076923076923 0.11538461538461539
1 0.4543269230769231 0.14903846153846154 0.04807692307692308 0.0889423076923077
1 0.41225961538461536 0.14783653846153846 0.052884615384615384 0.08413461538461539
1 0.4567307692307692 0.009615384615384616 0.052884615384615384 0.019230769230769232
1 0.20673076923076922 0.021634615384615384 0.04807692307692308 0.04326923076923077
1 0.21514423076923078 0.056490384615384616 0.055288461538461536 0.08653846153846154
1 0.22235576923076922 0.14423076923076922 0.0673076923076923 0.10096153846153846
1 0.31971153846153844 0.234375 0.06490384615384616 0.11057692307692307
1 0.3389423076923077 0.30288461538461536 0.04567307692307692 0.0673076923076923
1 0.43028846153846156 0.2548076923076923 0.06009615384615385 0.10576923076923077
1 0.36778846153846156 0.43990384615384615 0.057692307692307696 0.09615384615384616
1 0.3762019230769231 0.2608173076923077 0.057692307692307696 0.10096153846153846
1 0.9423076923076923 0.0625 0.04807692307692308 0.08173076923076923
1 0.8425480769230769 0.12740384615384615 0.04567307692307692 0.08653846153846154
1 0.9495192307692307 0.24639423076923078 0.04807692307692308 0.08653846153846154
1 0.8665865384615384 0.3245192307692308 0.04807692307692308 0.08653846153846154
0 0.3954326923076923 0.84375 0.08653846153846154 0.0985576923076923
0 0.38100961538461536 0.9266826923076923 0.07932692307692307 0.09375
0 0.6610576923076923 0.5492788461538461 0.07211538461538461 0.07692307692307693
0 0.8353365384615384 0.7548076923076923 0.10576923076923077 0.11057692307692307
0 0.7127403846153846 0.7367788461538461 0.05048076923076923 0.12259615384615384
0 0.6346153846153846 0.8221153846153846 0.07211538461538461 0.125