1 0.2704326923076923 0.20673076923076922 0.057692307692307696 0.10096153846153846
1 0.34975961538461536 0.12379807692307693 0.04807692307692308 0.09134615384615384
1 0.31490384615384615 0.3173076923076923 0.037259615384615384 0.06610576923076923
1 0.4110576923076923 0.3161057692307692 0.042067307692307696 0.07932692307692307
1 0.421875 0.43509615384615385 0.039663461538461536 0.07692307692307693
1 0.4651442307692308 0.4362980769230769 0.05048076923076923 0.08774038461538461
1 0.5132211538461539 0.3088942307692308 0.04326923076923077 0.06850961538461539
1 0.47716346153846156 0.19110576923076922 0.04927884615384615 0.1045673076923077
1 0.46634615384615385 0.06009615384615385 0.039663461538461536 0.07451923076923077
1 0.5480769230769231 0.12379807692307693 0.052884615384615384 0.08774038461538461
1 0.6069711538461539 0.21033653846153846 0.037259615384615384 0.06850961538461539
1 0.6850961538461539 0.3317307692307692 0.04326923076923077 0.07451923076923077
1 0.7536057692307693 0.4831730769230769 0.046875 0.07572115384615384
1 0.6586538461538461 0.4675480769230769 0.04927884615384615 0.08774038461538461
1 0.5504807692307693 0.46033653846153844 0.046875 0.09014423076923077
1 0.49158653846153844 0.5637019230769231 0.036057692307692304 0.07572115384615384
1 0.6045673076923077 0.2091346153846154 0.046875 0.07572115384615384
0 0.6153846153846154 0.38100961538461536 0.036057692307692304 0.13822115384615385
0 0.6418269230769231 0.21514423076923078 0.04807692307692308 0.13221153846153846
0 0.2247596153846154 0.15144230769230768 0.07932692307692307 0.0889423076923077
0 0.38221153846153844 0.6658653846153846 0.078125 0.12139423076923077