1 0.40384615384615385 0.3317307692307692 0.0673076923076923 0.12259615384615384
1 0.2824519230769231 0.3737980769230769 0.09134615384615384 0.1201923076923077
1 0.22235576923076922 0.30288461538461536 0.08173076923076923 0.09615384615384616
1 0.10817307692307693 0.025240384615384616 0.0625 0.05048076923076923
1 0.4014423076923077 0.14302884615384615 0.07692307692307693 0.13701923076923078
0 0.4387019230769231 0.41466346153846156 0.10336538461538461 0.06971153846153846
0 0.16947115384615385 0.16826923076923078 0.12740384615384615 0.19471153846153846
0 0.31490384615384615 0.09495192307692307 0.10096153846153846 0.18990384615384615
1 0.03365384615384615 0.9567307692307693 0.04326923076923077 0.08653846153846154
1 0.06009615384615385 0.8846153846153846 0.04326923076923077 0.06971153846153846
1 0.028846153846153848 0.8545673076923077 0.03365384615384615 0.07211538461538461
1 0.052884615384615384 0.6502403846153846 0.052884615384615384 0.10096153846153846
1 0.640625 0.6129807692307693 0.04807692307692308 0.09134615384615384
1 0.6730769230769231 0.6658653846153846 0.04807692307692308 0.08653846153846154
1 0.7091346153846154 0.6298076923076923 0.04326923076923077 0.07211538461538461
1 0.6646634615384616 0.5504807692307693 0.038461538461538464 0.08413461538461539
1 0.7127403846153846 0.5456730769230769 0.04326923076923077 0.08413461538461539