1 0.0733173076923077 0.036057692307692304 0.10817307692307693 0.07211538461538461
1 0.09134615384615384 0.41346153846153844 0.08653846153846154 0.14423076923076922
1 0.6574519230769231 0.02403846153846154 0.055288461538461536 0.04807692307692308
1 0.9819711538461539 0.054086538461538464 0.036057692307692304 0.10817307692307693
1 0.8870192307692307 0.29927884615384615 0.07932692307692307 0.1346153846153846
1 0.7728365384615384 0.3125 0.052884615384615384 0.09615384615384616
1 0.7427884615384616 0.1622596153846154 0.055288461538461536 0.11298076923076923
1 0.6069711538461539 0.41225961538461536 0.04807692307692308 0.10817307692307693
1 0.734375 0.5709134615384616 0.08413461538461539 0.07451923076923077
1 0.8858173076923077 0.4375 0.07932692307692307 0.16346153846153846
1 0.09615384615384616 0.8028846153846154 0.04326923076923077 0.08173076923076923
1 0.042067307692307696 0.7548076923076923 0.04326923076923077 0.07692307692307693
1 0.016826923076923076 0.7944711538461539 0.03365384615384615 0.06490384615384616
1 0.020432692307692308 0.8762019230769231 0.040865384615384616 0.06490384615384616
1 0.056490384615384616 0.8413461538461539 0.04807692307692308 0.08653846153846154
1 0.6490384615384616 0.8605769230769231 0.07211538461538461 0.0889423076923077
1 0.7704326923076923 0.8942307692307693 0.0625 0.11538461538461539
0 0.44591346153846156 0.7584134615384616 0.1201923076923077 0.1201923076923077