1 0.44350961538461536 0.014423076923076924 0.10336538461538461 0.028846153846153848
1 0.46153846153846156 0.10216346153846154 0.10576923076923077 0.0625
1 0.25240384615384615 0.040865384615384616 0.10576923076923077 0.057692307692307696
1 0.26802884615384615 0.09254807692307693 0.0985576923076923 0.057692307692307696
1 0.7560096153846154 0.16947115384615385 0.07692307692307693 0.052884615384615384
1 0.8112980769230769 0.19951923076923078 0.07692307692307693 0.04326923076923077
1 0.7716346153846154 0.23798076923076922 0.07451923076923077 0.04807692307692308
1 0.6911057692307693 0.23798076923076922 0.06490384615384616 0.04326923076923077
1 0.6971153846153846 0.19230769230769232 0.07692307692307693 0.038461538461538464
0 0.5612980769230769 0.796875 0.13701923076923078 0.052884615384615384
0 0.29927884615384615 0.8329326923076923 0.16826923076923078 0.052884615384615384
0 0.28125 0.9447115384615384 0.12980769230769232 0.03365384615384615
0 0.46274038461538464 0.9423076923076923 0.11298076923076923 0.09134615384615384
0 0.9759615384615384 0.9158653846153846 0.04807692307692308 0.04807692307692308
0 0.9182692307692307 0.9627403846153846 0.09134615384615384 0.07451923076923077