0 0.09254807692307693 0.10817307692307693 0.16826923076923078 0.07692307692307693
1 0.8185096153846154 0.8269230769230769 0.10096153846153846 0.057692307692307696
1 0.9050480769230769 0.7475961538461539 0.10096153846153846 0.04807692307692308
1 0.9639423076923077 0.6298076923076923 0.07211538461538461 0.04807692307692308
1 0.84375 0.6177884615384616 0.10096153846153846 0.052884615384615384
1 0.9002403846153846 0.5516826923076923 0.09134615384615384 0.057692307692307696
1 0.8125 0.4891826923076923 0.08653846153846154 0.04326923076923077
1 0.7259615384615384 0.5805288461538461 0.0673076923076923 0.040865384615384616
1 0.7115384615384616 0.6838942307692307 0.0673076923076923 0.038461538461538464
1 0.7091346153846154 0.7788461538461539 0.07932692307692307 0.040865384615384616
1 0.5913461538461539 0.6742788461538461 0.10096153846153846 0.038461538461538464
1 0.5973557692307693 0.6298076923076923 0.0889423076923077 0.05048076923076923
1 0.5612980769230769 0.546875 0.10576923076923077 0.057692307692307696
1 0.4651442307692308 0.6021634615384616 0.07692307692307693 0.04807692307692308
1 0.5528846153846154 0.44350961538461536 0.10096153846153846 0.052884615384615384
1 0.5396634615384616 0.34615384615384615 0.08653846153846154 0.04807692307692308
1 0.6875 0.41346153846153844 0.07451923076923077 0.04326923076923077
0 0.8137019230769231 0.4567307692307692 0.1346153846153846 0.04807692307692308
0 0.8762019230769231 0.8725961538461539 0.08173076923076923 0.09134615384615384
0 0.375 0.71875 0.11057692307692307 0.08653846153846154
0 0.6370192307692307 0.48677884615384615 0.16346153846153846 0.036057692307692304