0 0.8485576923076923 0.17908653846153846 0.055288461538461536 0.1466346153846154
0 0.828125 0.3112980769230769 0.08173076923076923 0.08173076923076923
0 0.8641826923076923 0.3942307692307692 0.040865384615384616 0.10576923076923077
0 0.8966346153846154 0.3233173076923077 0.04326923076923077 0.10576923076923077
0 0.9447115384615384 0.2764423076923077 0.0673076923076923 0.0673076923076923
0 0.9567307692307693 0.40865384615384615 0.08653846153846154 0.10817307692307693
0 0.8882211538461539 0.1814903846153846 0.028846153846153848 0.1201923076923077
1 0.7920673076923077 0.08413461538461539 0.04567307692307692 0.09615384615384616
1 0.8137019230769231 0.40625 0.04326923076923077 0.0889423076923077
1 0.9014423076923077 0.46875 0.03125 0.0625
1 0.9867788461538461 0.17548076923076922 0.026442307692307692 0.09134615384615384
1 0.9375 0.1346153846153846 0.038461538461538464 0.09134615384615384
1 0.9783653846153846 0.020432692307692308 0.04326923076923077 0.040865384615384616
0 0.07692307692307693 0.7307692307692307 0.0625 0.02403846153846154
0 0.18389423076923078 0.7620192307692307 0.055288461538461536 0.08653846153846154
0 0.3173076923076923 0.7680288461538461 0.07692307692307693 0.0985576923076923
0 0.8918269230769231 0.734375 0.08173076923076923 0.03125
0 0.9891826923076923 0.8088942307692307 0.021634615384615384 0.0985576923076923
0 0.9543269230769231 0.7463942307692307 0.038461538461538464 0.055288461538461536
0 0.9266826923076923 0.7920673076923077 0.038461538461538464 0.09615384615384616
1 0.875 0.8149038461538461 0.04807692307692308 0.09134615384615384