1 0.328125 0.18629807692307693 0.06009615384615385 0.05048076923076923
1 0.30528846153846156 0.234375 0.0673076923076923 0.038461538461538464
1 0.26802884615384615 0.3605769230769231 0.08653846153846154 0.052884615384615384
1 0.27283653846153844 0.14543269230769232 0.0889423076923077 0.055288461538461536
1 0.2091346153846154 0.08413461538461539 0.0673076923076923 0.038461538461538464
1 0.9603365384615384 0.3629807692307692 0.07932692307692307 0.057692307692307696
1 0.9615384615384616 0.46634615384615385 0.07692307692307693 0.04807692307692308
0 0.2403846153846154 0.609375 0.15865384615384615 0.10096153846153846
0 0.0673076923076923 0.7451923076923077 0.1346153846153846 0.09134615384615384
0 0.027644230769230768 0.546875 0.055288461538461536 0.055288461538461536
1 0.8870192307692307 0.5540865384615384 0.09615384615384616 0.04807692307692308
1 0.8064903846153846 0.6141826923076923 0.07211538461538461 0.036057692307692304
1 0.7151442307692307 0.5288461538461539 0.06490384615384616 0.019230769230769232
1 0.5540865384615384 0.5625 0.0889423076923077 0.04567307692307692
1 0.5540865384615384 0.6694711538461539 0.09615384615384616 0.04807692307692308
1 0.6887019230769231 0.6947115384615384 0.055288461538461536 0.03365384615384615
1 0.5480769230769231 0.7632211538461539 0.0625 0.03365384615384615
0 0.8064903846153846 0.6538461538461539 0.12980769230769232 0.052884615384615384
0 0.6346153846153846 0.625 0.1346153846153846 0.03365384615384615