0 0.35216346153846156 0.125 0.13221153846153846 0.052884615384615384
0 0.10576923076923077 0.1310096153846154 0.11538461538461539 0.0673076923076923
0 0.8004807692307693 0.14423076923076922 0.07932692307692307 0.04807692307692308
0 0.9278846153846154 0.296875 0.0625 0.038461538461538464
0 0.7548076923076923 0.3713942307692308 0.07211538461538461 0.03365384615384615
0 0.7560096153846154 0.2403846153846154 0.09615384615384616 0.0673076923076923
0 0.5576923076923077 0.17427884615384615 0.10096153846153846 0.04807692307692308
0 0.5901442307692307 0.25600961538461536 0.052884615384615384 0.028846153846153848
0 0.6262019230769231 0.32091346153846156 0.15625 0.0625
0 0.37740384615384615 0.7584134615384616 0.08173076923076923 0.05048076923076923
0 0.30528846153846156 0.6814903846153846 0.07692307692307693 0.07211538461538461
0 0.25721153846153844 0.7884615384615384 0.10096153846153846 0.0625
0 0.13341346153846154 0.7319711538461539 0.057692307692307696 0.028846153846153848
0 0.0985576923076923 0.6466346153846154 0.10096153846153846 0.052884615384615384
0 0.040865384615384616 0.8100961538461539 0.08173076923076923 0.04807692307692308
0 0.9314903846153846 0.6045673076923077 0.10817307692307693 0.052884615384615384
0 0.84375 0.5480769230769231 0.0625 0.038461538461538464
0 0.6526442307692307 0.5793269230769231 0.125 0.04807692307692308
0 0.6394230769230769 0.7127403846153846 0.10096153846153846 0.09615384615384616
0 0.9194711538461539 0.7223557692307693 0.08173076923076923 0.07692307692307693