1 0.09495192307692307 0.3473557692307692 0.0673076923076923 0.1201923076923077
1 0.1502403846153846 0.234375 0.04326923076923077 0.08653846153846154
1 0.30408653846153844 0.20192307692307693 0.06009615384615385 0.10336538461538461
1 0.5372596153846154 0.4987980769230769 0.036057692307692304 0.040865384615384616
1 0.5829326923076923 0.4891826923076923 0.05048076923076923 0.06009615384615385
1 0.6730769230769231 0.4735576923076923 0.052884615384615384 0.09134615384615384
1 0.7740384615384616 0.47716346153846156 0.04807692307692308 0.08413461538461539
1 0.8737980769230769 0.46033653846153844 0.040865384615384616 0.08653846153846154
1 0.609375 0.38461538461538464 0.038461538461538464 0.08173076923076923
0 0.7307692307692307 0.5036057692307693 0.03365384615384615 0.03125
0 0.5276442307692307 0.2824519230769231 0.016826923076923076 0.11298076923076923
0 0.12620192307692307 0.9639423076923077 0.055288461538461536 0.07211538461538461
0 0.6081730769230769 0.9783653846153846 0.08173076923076923 0.04326923076923077