0 0.23317307692307693 0.5300480769230769 0.07692307692307693 0.036057692307692304
0 0.4855769230769231 0.38822115384615385 0.028846153846153848 0.12740384615384615
0 0.18509615384615385 0.14302884615384615 0.0673076923076923 0.10336538461538461
0 0.03245192307692308 0.1658653846153846 0.04807692307692308 0.125
1 0.8088942307692307 0.40865384615384615 0.06490384615384616 0.125
1 0.7019230769230769 0.40384615384615385 0.055288461538461536 0.11057692307692307
1 0.390625 0.9495192307692307 0.06009615384615385 0.10096153846153846
1 0.47836538461538464 0.9134615384615384 0.040865384615384616 0.08653846153846154
1 0.47836538461538464 0.6754807692307693 0.04326923076923077 0.08653846153846154
1 0.35336538461538464 0.6346153846153846 0.057692307692307696 0.10817307692307693
0 0.3713942307692308 0.84375 0.04807692307692308 0.13942307692307693
1 0.7115384615384616 0.9627403846153846 0.0625 0.07451923076923077
1 0.6081730769230769 0.9639423076923077 0.04326923076923077 0.07211538461538461