0 0.3389423076923077 0.27524038461538464 0.1346153846153846 0.04807692307692308
1 0.9519230769230769 0.5288461538461539 0.09615384615384616 0.038461538461538464
1 0.9735576923076923 0.3713942307692308 0.052884615384615384 0.06009615384615385
1 0.9699519230769231 0.17548076923076922 0.06009615384615385 0.0625
1 0.8064903846153846 0.29447115384615385 0.15865384615384615 0.09615384615384616
1 0.6298076923076923 0.22355769230769232 0.125 0.07211538461538461
0 0.8521634615384616 0.0829326923076923 0.20192307692307693 0.08653846153846154
0 0.6778846153846154 0.4987980769230769 0.20192307692307693 0.08173076923076923
0 0.7584134615384616 0.3894230769230769 0.19471153846153846 0.0889423076923077
0 0.5084134615384616 0.5901442307692307 0.0985576923076923 0.08413461538461539
1 0.9459134615384616 0.7439903846153846 0.10817307692307693 0.09375
1 0.6826923076923077 0.7043269230769231 0.11538461538461539 0.07211538461538461
0 0.7824519230769231 0.8786057692307693 0.125 0.13221153846153846