0 0.06129807692307692 0.07692307692307693 0.0889423076923077 0.07692307692307693
0 0.24158653846153846 0.1201923076923077 0.08653846153846154 0.08173076923076923
0 0.9362980769230769 0.06971153846153846 0.12740384615384615 0.08653846153846154
0 0.7632211538461539 0.07211538461538461 0.05048076923076923 0.09134615384615384
0 0.039663461538461536 0.671875 0.07932692307692307 0.11298076923076923
0 0.22596153846153846 0.5552884615384616 0.15384615384615385 0.09134615384615384
0 0.23798076923076922 0.47115384615384615 0.10576923076923077 0.04326923076923077
0 0.3629807692307692 0.5456730769230769 0.09615384615384616 0.0673076923076923
0 0.7692307692307693 0.8629807692307693 0.0625 0.0625
0 0.8737980769230769 0.8064903846153846 0.057692307692307696 0.028846153846153848
0 0.9086538461538461 0.7211538461538461 0.10096153846153846 0.052884615384615384
0 0.9627403846153846 0.8846153846153846 0.07451923076923077 0.04807692307692308