1 0.027644230769230768 0.037259615384615384 0.055288461538461536 0.07451923076923077
1 0.6790865384615384 0.3605769230769231 0.06490384615384616 0.11778846153846154
1 0.7548076923076923 0.33533653846153844 0.04807692307692308 0.08173076923076923
1 0.7776442307692307 0.2668269230769231 0.04326923076923077 0.07211538461538461
1 0.7463942307692307 0.23918269230769232 0.040865384615384616 0.07211538461538461
1 0.6730769230769231 0.21394230769230768 0.07211538461538461 0.0625
1 0.5817307692307693 0.2824519230769231 0.057692307692307696 0.10096153846153846
1 0.45552884615384615 0.20552884615384615 0.055288461538461536 0.10336538461538461
1 0.47475961538461536 0.125 0.04807692307692308 0.09134615384615384
1 0.5132211538461539 0.15504807692307693 0.040865384615384616 0.09615384615384616
1 0.5600961538461539 0.1971153846153846 0.06009615384615385 0.09134615384615384
1 0.6153846153846154 0.21514423076923078 0.057692307692307696 0.08653846153846154
1 0.6502403846153846 0.1045673076923077 0.04567307692307692 0.07211538461538461
1 0.7668269230769231 0.042067307692307696 0.052884615384615384 0.08413461538461539
0 0.17908653846153846 0.8942307692307693 0.07451923076923077 0.07692307692307693
0 0.7908653846153846 0.9314903846153846 0.057692307692307696 0.13701923076923078
0 0.8497596153846154 0.8209134615384616 0.0673076923076923 0.11298076923076923