1 0.29447115384615385 0.11298076923076923 0.0625 0.11778846153846154
1 0.4014423076923077 0.11899038461538461 0.040865384615384616 0.08173076923076923
0 0.9411057692307693 0.02403846153846154 0.0889423076923077 0.04807692307692308
1 0.3233173076923077 0.6370192307692307 0.038461538461538464 0.07692307692307693
1 0.21995192307692307 0.6514423076923077 0.04567307692307692 0.06490384615384616
1 0.125 0.6514423076923077 0.04326923076923077 0.06971153846153846
1 0.2283653846153846 0.765625 0.04326923076923077 0.06009615384615385
1 0.2704326923076923 0.7740384615384616 0.057692307692307696 0.08173076923076923
1 0.35697115384615385 0.7992788461538461 0.04807692307692308 0.0889423076923077
1 0.4567307692307692 0.7980769230769231 0.04326923076923077 0.07692307692307693
0 0.4182692307692308 0.71875 0.03365384615384615 0.1466346153846154
0 0.19230769230769232 0.96875 0.09134615384615384 0.0625
1 0.2956730769230769 0.8942307692307693 0.052884615384615384 0.08413461538461539
1 0.5817307692307693 0.7403846153846154 0.04807692307692308 0.08653846153846154
1 0.6430288461538461 0.7524038461538461 0.0625 0.10817307692307693
1 0.7319711538461539 0.7728365384615384 0.057692307692307696 0.0985576923076923