0 0.10216346153846154 0.17307692307692307 0.12980769230769232 0.06971153846153846
0 0.31009615384615385 0.2644230769230769 0.15144230769230768 0.0673076923076923
0 0.27524038461538464 0.39783653846153844 0.08653846153846154 0.0625
0 0.38341346153846156 0.14302884615384615 0.05048076923076923 0.0889423076923077
0 0.23677884615384615 0.11057692307692307 0.12259615384615384 0.04567307692307692
0 0.27283653846153844 0.03365384615384615 0.125 0.06490384615384616
1 0.7007211538461539 0.30528846153846156 0.10576923076923077 0.057692307692307696
1 0.6490384615384616 0.3161057692307692 0.08173076923076923 0.04326923076923077
1 0.5637019230769231 0.3293269230769231 0.09615384615384616 0.0673076923076923
1 0.4963942307692308 0.3016826923076923 0.08173076923076923 0.057692307692307696
1 0.4170673076923077 0.328125 0.016826923076923076 0.04567307692307692
1 0.4254807692307692 0.38221153846153844 0.03365384615384615 0.04326923076923077
1 0.44471153846153844 0.46634615384615385 0.07211538461538461 0.057692307692307696
1 0.4891826923076923 0.47596153846153844 0.06009615384615385 0.04807692307692308
1 0.6959134615384616 0.49278846153846156 0.09375 0.03365384615384615
1 0.7920673076923077 0.484375 0.07451923076923077 0.05048076923076923
1 0.765625 0.4182692307692308 0.10096153846153846 0.052884615384615384
1 0.5649038461538461 0.4074519230769231 0.12980769230769232 0.05048076923076923
0 0.018028846153846152 0.8605769230769231 0.036057692307692304 0.057692307692307696
0 0.08653846153846154 0.921875 0.11538461538461539 0.07692307692307693
1 0.45913461538461536 0.6165865384615384 0.09615384615384616 0.0673076923076923
1 0.5540865384615384 0.7115384615384616 0.1201923076923077 0.07451923076923077
1 0.6538461538461539 0.7872596153846154 0.10576923076923077 0.0673076923076923
1 0.6766826923076923 0.5721153846153846 0.1346153846153846 0.07211538461538461
1 0.9350961538461539 0.6862980769230769 0.11538461538461539 0.06009615384615385