0 0.08774038461538461 0.1502403846153846 0.1201923076923077 0.0673076923076923
0 0.5252403846153846 0.5817307692307693 0.09375 0.07211538461538461
0 0.7367788461538461 0.5853365384615384 0.19471153846153846 0.10576923076923077
0 0.6790865384615384 0.3918269230769231 0.125 0.0673076923076923
0 0.6009615384615384 0.23918269230769232 0.15384615384615385 0.10576923076923077
0 0.8557692307692307 0.22115384615384615 0.11538461538461539 0.0673076923076923
0 0.2932692307692308 0.9362980769230769 0.15625 0.057692307692307696
0 0.07692307692307693 0.8401442307692307 0.12980769230769232 0.08173076923076923
0 0.21033653846153846 0.7776442307692307 0.1201923076923077 0.05048076923076923
0 0.25 0.703125 0.10817307692307693 0.052884615384615384
0 0.43149038461538464 0.7836538461538461 0.09375 0.057692307692307696
0 0.453125 0.8918269230769231 0.05048076923076923 0.03365384615384615
1 0.5084134615384616 0.8822115384615384 0.06009615384615385 0.04326923076923077
1 0.6213942307692307 0.9134615384615384 0.07692307692307693 0.040865384615384616
1 0.7548076923076923 0.890625 0.06971153846153846 0.038461538461538464
1 0.6430288461538461 0.8269230769230769 0.09615384615384616 0.057692307692307696
1 0.5396634615384616 0.7944711538461539 0.0625 0.03365384615384615
1 0.5180288461538461 0.7043269230769231 0.0673076923076923 0.038461538461538464