0 0.11899038461538461 0.234375 0.0889423076923077 0.11057692307692307
0 0.5961538461538461 0.08413461538461539 0.052884615384615384 0.12980769230769232
0 0.6153846153846154 0.18870192307692307 0.09134615384615384 0.1466346153846154
1 0.8100961538461539 0.016826923076923076 0.07211538461538461 0.03365384615384615
1 0.9423076923076923 0.06009615384615385 0.08653846153846154 0.1201923076923077
1 0.8617788461538461 0.17908653846153846 0.06490384615384616 0.12740384615384615
1 0.7319711538461539 0.1622596153846154 0.07692307692307693 0.1658653846153846
1 0.18870192307692307 0.5516826923076923 0.0673076923076923 0.11538461538461539
1 0.27403846153846156 0.7271634615384616 0.057692307692307696 0.0985576923076923
1 0.5336538461538461 0.5793269230769231 0.07211538461538461 0.16346153846153846
1 0.41947115384615385 0.8641826923076923 0.07211538461538461 0.1346153846153846
1 0.30649038461538464 0.8677884615384616 0.07211538461538461 0.0985576923076923
1 0.41466346153846156 0.9663461538461539 0.06971153846153846 0.0673076923076923
1 0.5492788461538461 0.9675480769230769 0.040865384615384616 0.06490384615384616
1 0.14182692307692307 0.9555288461538461 0.0625 0.0889423076923077
0 0.9603365384615384 0.5552884615384616 0.07932692307692307 0.15384615384615385
0 0.9399038461538461 0.75 0.1201923076923077 0.14423076923076922
1 0.8545673076923077 0.6730769230769231 0.07932692307692307 0.12980769230769232
0 0.8509615384615384 0.4879807692307692 0.11538461538461539 0.1201923076923077