0 0.5576923076923077 0.22115384615384615 0.12740384615384615 0.11778846153846154
0 0.06490384615384616 0.3137019230769231 0.12980769230769232 0.13701923076923078
0 0.21153846153846154 0.3762019230769231 0.1778846153846154 0.10336538461538461
1 0.43028846153846156 0.32211538461538464 0.14423076923076922 0.08653846153846154
1 0.2980769230769231 0.23076923076923078 0.15865384615384615 0.07451923076923077
1 0.21875 0.13581730769230768 0.13221153846153846 0.0625
1 0.5805288461538461 0.4026442307692308 0.0985576923076923 0.08413461538461539
1 0.4831730769230769 0.4651442307692308 0.09615384615384616 0.0625
1 0.33774038461538464 0.39302884615384615 0.11057692307692307 0.0625
1 0.3004807692307692 0.4651442307692308 0.10096153846153846 0.06971153846153846
1 0.1310096153846154 0.47596153846153844 0.13221153846153846 0.04807692307692308
0 0.8317307692307693 0.1045673076923077 0.11298076923076923 0.0673076923076923
1 0.6105769230769231 0.9158653846153846 0.038461538461538464 0.052884615384615384
0 0.96875 0.6382211538461539 0.0625 0.04567307692307692
1 0.7860576923076923 0.7463942307692307 0.10576923076923077 0.0673076923076923
1 0.6442307692307693 0.7644230769230769 0.028846153846153848 0.057692307692307696