1 0.5072115384615384 0.45913461538461536 0.07211538461538461 0.10576923076923077
1 0.6394230769230769 0.1346153846153846 0.0673076923076923 0.11057692307692307
0 0.6646634615384616 0.3629807692307692 0.15865384615384615 0.1778846153846154
0 0.5060096153846154 0.24759615384615385 0.09375 0.16346153846153846
0 0.5504807692307693 0.06610576923076923 0.10576923076923077 0.13221153846153846
1 0.2668269230769231 0.9915865384615384 0.04326923076923077 0.016826923076923076
1 0.2956730769230769 0.9543269230769231 0.057692307692307696 0.09134615384615384
1 0.2692307692307692 0.8185096153846154 0.0625 0.10576923076923077
1 0.28725961538461536 0.8641826923076923 0.057692307692307696 0.07211538461538461
1 0.375 0.9459134615384616 0.04807692307692308 0.10817307692307693
1 0.38461538461538464 0.7536057692307693 0.057692307692307696 0.10576923076923077
1 0.4423076923076923 0.7259615384615384 0.03365384615384615 0.0673076923076923
1 0.45072115384615385 0.8245192307692307 0.016826923076923076 0.11057692307692307
0 0.5384615384615384 0.8978365384615384 0.13221153846153846 0.10336538461538461
0 0.9206730769230769 0.8894230769230769 0.08173076923076923 0.18509615384615385
0 0.8112980769230769 0.7752403846153846 0.10576923076923077 0.14182692307692307
0 0.6466346153846154 0.6262019230769231 0.1346153846153846 0.21394230769230768
0 0.8365384615384616 0.5661057692307693 0.15384615384615385 0.09375