1 0.4987980769230769 0.03125 0.05048076923076923 0.0625
1 0.2848557692307692 0.014423076923076924 0.04567307692307692 0.028846153846153848
1 0.1045673076923077 0.03245192307692308 0.04567307692307692 0.06490384615384616
1 0.1622596153846154 0.109375 0.036057692307692304 0.0673076923076923
1 0.22956730769230768 0.12860576923076922 0.052884615384615384 0.08173076923076923
1 0.22716346153846154 0.2091346153846154 0.055288461538461536 0.07692307692307693
1 0.3016826923076923 0.18629807692307693 0.040865384615384616 0.08173076923076923
1 0.2932692307692308 0.0889423076923077 0.036057692307692304 0.0673076923076923
1 0.3737980769230769 0.1141826923076923 0.052884615384615384 0.10576923076923077
1 0.4387019230769231 0.21033653846153846 0.03365384615384615 0.07211538461538461
1 0.056490384615384616 0.19230769230769232 0.036057692307692304 0.0673076923076923
1 0.06490384615384616 0.27524038461538464 0.038461538461538464 0.07211538461538461
0 0.4050480769230769 0.2956730769230769 0.07211538461538461 0.08173076923076923
0 0.15625 0.16826923076923078 0.057692307692307696 0.11538461538461539
0 0.6658653846153846 0.11658653846153846 0.04807692307692308 0.13942307692307693
0 0.7115384615384616 0.28365384615384615 0.07211538461538461 0.10096153846153846
0 0.6454326923076923 0.4639423076923077 0.07451923076923077 0.08653846153846154
0 0.2439903846153846 0.8185096153846154 0.0673076923076923 0.08173076923076923
0 0.36177884615384615 0.8377403846153846 0.052884615384615384 0.13701923076923078
0 0.47596153846153844 0.7235576923076923 0.07211538461538461 0.12980769230769232
0 0.515625 0.8569711538461539 0.057692307692307696 0.1201923076923077
0 0.9146634615384616 0.9242788461538461 0.07692307692307693 0.09375