0 0.07211538461538461 0.32572115384615385 0.14423076923076922 0.07932692307692307
0 0.34134615384615385 0.5204326923076923 0.17307692307692307 0.09134615384615384
0 0.15625 0.4579326923076923 0.21153846153846154 0.13942307692307693
1 0.5 0.4639423076923077 0.038461538461538464 0.07692307692307693
1 0.4326923076923077 0.3737980769230769 0.15625 0.08173076923076923
1 0.34615384615384615 0.2776442307692308 0.125 0.09134615384615384
1 0.47475961538461536 0.5408653846153846 0.0889423076923077 0.057692307692307696
1 0.42788461538461536 0.6141826923076923 0.125 0.05048076923076923
1 0.2548076923076923 0.6141826923076923 0.15384615384615385 0.05048076923076923
1 0.0625 0.5168269230769231 0.125 0.07692307692307693
1 0.8365384615384616 0.3076923076923077 0.08653846153846154 0.05048076923076923
1 0.9230769230769231 0.6814903846153846 0.10576923076923077 0.057692307692307696