1 0.34134615384615385 0.019230769230769232 0.028846153846153848 0.038461538461538464
1 0.9579326923076923 0.1346153846153846 0.03365384615384615 0.0625
1 0.8786057692307693 0.25240384615384615 0.04326923076923077 0.0673076923076923
1 0.8064903846153846 0.39663461538461536 0.04326923076923077 0.0673076923076923
1 0.90625 0.3858173076923077 0.04326923076923077 0.0889423076923077
1 0.9951923076923077 0.3894230769230769 0.009615384615384616 0.08653846153846154
0 0.9242788461538461 0.1310096153846154 0.04326923076923077 0.12259615384615384
0 0.9519230769230769 0.3076923076923077 0.036057692307692304 0.13942307692307693
1 0.359375 0.5540865384615384 0.04807692307692308 0.08653846153846154
1 0.15384615384615385 0.5348557692307693 0.057692307692307696 0.06971153846153846
1 0.025240384615384616 0.5444711538461539 0.036057692307692304 0.07211538461538461
1 0.11658653846153846 0.6358173076923077 0.03365384615384615 0.06490384615384616
1 0.21875 0.6574519230769231 0.03365384615384615 0.0673076923076923
1 0.3137019230769231 0.6610576923076923 0.036057692307692304 0.07451923076923077
1 0.20673076923076922 0.7764423076923077 0.038461538461538464 0.07692307692307693
1 0.16346153846153846 0.7776442307692307 0.057692307692307696 0.09134615384615384
1 0.07692307692307693 0.796875 0.04567307692307692 0.0889423076923077
1 0.13581730769230768 0.8978365384615384 0.038461538461538464 0.0673076923076923
0 0.24158653846153846 0.9771634615384616 0.07451923076923077 0.04567307692307692
0 0.40865384615384615 0.5228365384615384 0.07692307692307693 0.04567307692307692
0 0.015625 0.7163461538461539 0.03125 0.1346153846153846
0 0.65625 0.6466346153846154 0.07451923076923077 0.11538461538461539
0 0.8004807692307693 0.5600961538461539 0.04807692307692308 0.1201923076923077