1 0.32091346153846156 0.4639423076923077 0.1201923076923077 0.1971153846153846
1 0.6454326923076923 0.12740384615384615 0.07692307692307693 0.12379807692307693
1 0.7415865384615384 0.33533653846153844 0.078125 0.13701923076923078
1 0.5745192307692307 0.37259615384615385 0.06610576923076923 0.09735576923076923
1 0.7091346153846154 0.609375 0.04807692307692308 0.10096153846153846
1 0.4338942307692308 0.3425480769230769 0.07932692307692307 0.078125
1 0.5456730769230769 0.5108173076923077 0.056490384615384616 0.09975961538461539
1 0.4254807692307692 0.578125 0.07932692307692307 0.1310096153846154
1 0.32211538461538464 0.6778846153846154 0.08413461538461539 0.11057692307692307
1 0.46033653846153844 0.7584134615384616 0.06490384615384616 0.15625
1 0.5949519230769231 0.7764423076923077 0.06490384615384616 0.09134615384615384