1 0.10216346153846154 0.8557692307692307 0.11057692307692307 0.057692307692307696
1 0.6262019230769231 0.43509615384615385 0.036057692307692304 0.0625
1 0.6826923076923077 0.35697115384615385 0.09615384615384616 0.057692307692307696
1 0.7896634615384616 0.40625 0.06009615384615385 0.038461538461538464
1 0.7872596153846154 0.5024038461538461 0.06971153846153846 0.04326923076923077
1 0.7752403846153846 0.6069711538461539 0.0673076923076923 0.04326923076923077
1 0.6586538461538461 0.5685096153846154 0.10096153846153846 0.055288461538461536
1 0.6225961538461539 0.6370192307692307 0.028846153846153848 0.04807692307692308
1 0.6814903846153846 0.6983173076923077 0.0625 0.03365384615384615
1 0.8064903846153846 0.7776442307692307 0.07211538461538461 0.038461538461538464
1 0.9038461538461539 0.5120192307692307 0.06971153846153846 0.038461538461538464
1 0.9086538461538461 0.5552884615384616 0.08413461538461539 0.052884615384615384
1 0.9423076923076923 0.6418269230769231 0.11057692307692307 0.052884615384615384
1 0.9399038461538461 0.7463942307692307 0.09615384615384616 0.04807692307692308
1 0.9555288461538461 0.8425480769230769 0.07211538461538461 0.04326923076923077
0 0.6358173076923077 0.3125 0.055288461538461536 0.07692307692307693
0 0.6802884615384616 0.7283653846153846 0.12259615384615384 0.04326923076923077
0 0.8617788461538461 0.703125 0.13942307692307693 0.038461538461538464