1 0.1045673076923077 0.14903846153846154 0.057692307692307696 0.07211538461538461
1 0.2512019230769231 0.2536057692307692 0.06009615384615385 0.07692307692307693
0 0.21153846153846154 0.078125 0.04567307692307692 0.1346153846153846
0 0.25961538461538464 0.052884615384615384 0.052884615384615384 0.10576923076923077
1 0.4338942307692308 0.2692307692307692 0.01201923076923077 0.09615384615384616
1 0.5432692307692307 0.2247596153846154 0.038461538461538464 0.0673076923076923
1 0.6947115384615384 0.32572115384615385 0.057692307692307696 0.09134615384615384
1 0.5432692307692307 0.015625 0.04807692307692308 0.03125
0 0.6502403846153846 0.14543269230769232 0.057692307692307696 0.15384615384615385
0 0.44471153846153844 0.06009615384615385 0.03365384615384615 0.1201923076923077
0 0.6995192307692307 0.125 0.04807692307692308 0.1466346153846154
1 0.021634615384615384 0.9819711538461539 0.04326923076923077 0.036057692307692304
1 0.1466346153846154 0.9663461538461539 0.038461538461538464 0.0673076923076923
1 0.0625 0.6899038461538461 0.04807692307692308 0.09134615384615384
1 0.14783653846153846 0.7307692307692307 0.04807692307692308 0.08653846153846154
0 0.17548076923076922 0.5444711538461539 0.08173076923076923 0.03125
0 0.2536057692307692 0.8882211538461539 0.057692307692307696 0.15384615384615385
0 0.037259615384615384 0.7920673076923077 0.057692307692307696 0.14423076923076922
0 0.30288461538461536 0.8677884615384616 0.04807692307692308 0.1466346153846154
0 0.6911057692307693 0.5444711538461539 0.055288461538461536 0.03125
0 0.8245192307692307 0.5504807692307693 0.07692307692307693 0.04326923076923077