1 0.07692307692307693 0.06370192307692307 0.10096153846153846 0.057692307692307696
1 0.016826923076923076 0.14302884615384615 0.03365384615384615 0.06009615384615385
1 0.052884615384615384 0.27283653846153844 0.10096153846153846 0.057692307692307696
1 0.021634615384615384 0.3389423076923077 0.04326923076923077 0.052884615384615384
1 0.07572115384615384 0.4014423076923077 0.07932692307692307 0.036057692307692304
1 0.16947115384615385 0.3112980769230769 0.06971153846153846 0.03365384615384615
1 0.2956730769230769 0.21634615384615385 0.0673076923076923 0.038461538461538464
1 0.30408653846153844 0.2620192307692308 0.08173076923076923 0.04807692307692308
1 0.3293269230769231 0.3425480769230769 0.0985576923076923 0.052884615384615384
1 0.41586538461538464 0.2860576923076923 0.04807692307692308 0.04807692307692308
1 0.33533653846153844 0.45072115384615385 0.08173076923076923 0.04807692307692308
1 0.3485576923076923 0.5444711538461539 0.07451923076923077 0.04807692307692308
1 0.20432692307692307 0.4795673076923077 0.06490384615384616 0.04326923076923077
0 0.028846153846153848 0.028846153846153848 0.057692307692307696 0.057692307692307696
0 0.07572115384615384 0.4375 0.12980769230769232 0.052884615384615384
0 0.25 0.40625 0.13942307692307693 0.038461538461538464
0 0.5661057692307693 0.25600961538461536 0.04807692307692308 0.028846153846153848
0 0.5204326923076923 0.3894230769230769 0.10817307692307693 0.06490384615384616
0 0.6899038461538461 0.14302884615384615 0.10096153846153846 0.05048076923076923
0 0.7355769230769231 0.25600961538461536 0.07692307692307693 0.04807692307692308
0 0.7608173076923077 0.37259615384615385 0.07211538461538461 0.04807692307692308
1 0.5841346153846154 0.6346153846153846 0.08173076923076923 0.009615384615384616