0 0.27163461538461536 0.04447115384615385 0.10096153846153846 0.0673076923076923
1 0.6850961538461539 0.05889423076923077 0.06971153846153846 0.04326923076923077
1 0.65625 0.24759615384615385 0.09615384615384616 0.057692307692307696
1 0.8461538461538461 0.18509615384615385 0.11538461538461539 0.0625
1 0.15384615384615385 0.5216346153846154 0.08653846153846154 0.04807692307692308
1 0.1045673076923077 0.5961538461538461 0.09615384615384616 0.04807692307692308
1 0.16947115384615385 0.6983173076923077 0.08653846153846154 0.04807692307692308
1 0.29086538461538464 0.59375 0.09615384615384616 0.04807692307692308
1 0.36538461538461536 0.6742788461538461 0.08653846153846154 0.04807692307692308
1 0.6262019230769231 0.5288461538461539 0.036057692307692304 0.04807692307692308
1 0.6189903846153846 0.5985576923076923 0.021634615384615384 0.04807692307692308
1 0.6802884615384616 0.6021634615384616 0.07932692307692307 0.04326923076923077
1 0.6802884615384616 0.5564903846153846 0.0889423076923077 0.04567307692307692