1 0.31971153846153844 0.008413461538461538 0.04807692307692308 0.016826923076923076
1 0.28846153846153844 0.02403846153846154 0.04326923076923077 0.04807692307692308
1 0.21394230769230768 0.03365384615384615 0.0625 0.057692307692307696
1 0.15745192307692307 0.037259615384615384 0.05048076923076923 0.07451923076923077
1 0.10216346153846154 0.05048076923076923 0.05048076923076923 0.10096153846153846
1 0.05889423076923077 0.09134615384615384 0.04807692307692308 0.08173076923076923
1 0.01201923076923077 0.040865384615384616 0.02403846153846154 0.08173076923076923
1 0.020432692307692308 0.12139423076923077 0.040865384615384616 0.09375
1 0.31009615384615385 0.21033653846153846 0.0625 0.10336538461538461
1 0.19110576923076922 0.13822115384615385 0.05048076923076923 0.07211538461538461
1 0.5949519230769231 0.0733173076923077 0.08413461538461539 0.1466346153846154
1 0.7259615384615384 0.11177884615384616 0.052884615384615384 0.0985576923076923
1 0.6646634615384616 0.19951923076923078 0.06009615384615385 0.10096153846153846
1 0.7572115384615384 0.25 0.0673076923076923 0.038461538461538464
1 0.4362980769230769 0.32572115384615385 0.036057692307692304 0.09375
1 0.45072115384615385 0.37740384615384615 0.04326923076923077 0.07211538461538461
1 0.5348557692307693 0.40384615384615385 0.057692307692307696 0.09615384615384616
1 0.5432692307692307 0.46033653846153844 0.04807692307692308 0.06009615384615385
1 0.6141826923076923 0.47596153846153844 0.04807692307692308 0.10817307692307693
1 0.6105769230769231 0.6310096153846154 0.04326923076923077 0.08653846153846154
1 0.5709134615384616 0.6670673076923077 0.052884615384615384 0.09375
1 0.5528846153846154 0.7644230769230769 0.05048076923076923 0.07451923076923077
1 0.4855769230769231 0.7367788461538461 0.052884615384615384 0.10096153846153846
1 0.47475961538461536 0.5360576923076923 0.05048076923076923 0.12980769230769232