1 0.2608173076923077 0.027644230769230768 0.08173076923076923 0.04567307692307692
1 0.4543269230769231 0.014423076923076924 0.08653846153846154 0.028846153846153848
1 0.1141826923076923 0.5889423076923077 0.08173076923076923 0.04326923076923077
1 0.07211538461538461 0.6225961538461539 0.07211538461538461 0.04326923076923077
1 0.125 0.6430288461538461 0.06971153846153846 0.038461538461538464
1 0.15504807692307693 0.7271634615384616 0.08653846153846154 0.052884615384615384
1 0.21754807692307693 0.7355769230769231 0.0673076923076923 0.04567307692307692
1 0.22596153846153846 0.8028846153846154 0.0985576923076923 0.04326923076923077
1 0.22235576923076922 0.5600961538461539 0.07451923076923077 0.04326923076923077
1 0.2860576923076923 0.5901442307692307 0.09615384615384616 0.057692307692307696
1 0.42427884615384615 0.5625 0.10576923076923077 0.0625
1 0.3786057692307692 0.5805288461538461 0.07211538461538461 0.057692307692307696
1 0.29086538461538464 0.6682692307692307 0.1201923076923077 0.04807692307692308
1 0.4891826923076923 0.6778846153846154 0.10576923076923077 0.057692307692307696
1 0.515625 0.7463942307692307 0.0673076923076923 0.052884615384615384
1 0.3858173076923077 0.7980769230769231 0.0889423076923077 0.057692307692307696
1 0.4182692307692308 0.7620192307692307 0.11057692307692307 0.052884615384615384
0 0.6274038461538461 0.65625 0.07692307692307693 0.052884615384615384
0 0.8978365384615384 0.6971153846153846 0.18028846153846154 0.09615384615384616
0 0.8076923076923077 0.5540865384615384 0.08653846153846154 0.05048076923076923
0 0.8413461538461539 0.42908653846153844 0.10336538461538461 0.0673076923076923
0 0.9447115384615384 0.5889423076923077 0.11057692307692307 0.10096153846153846