0 0.3605769230769231 0.1045673076923077 0.057692307692307696 0.12259615384615384
0 0.12139423076923077 0.18028846153846154 0.08653846153846154 0.12740384615384615
0 0.25961538461538464 0.1502403846153846 0.057692307692307696 0.12980769230769232
1 0.6622596153846154 0.054086538461538464 0.06971153846153846 0.10817307692307693
1 0.7704326923076923 0.06370192307692307 0.05048076923076923 0.10336538461538461
1 0.23076923076923078 0.5865384615384616 0.04807692307692308 0.07692307692307693
1 0.2776442307692308 0.6899038461538461 0.038461538461538464 0.07211538461538461
1 0.3737980769230769 0.6826923076923077 0.03125 0.0673076923076923
1 0.37740384615384615 0.7956730769230769 0.02403846153846154 0.0673076923076923
0 0.1814903846153846 0.5600961538461539 0.06971153846153846 0.02403846153846154
0 0.6466346153846154 0.5913461538461539 0.04326923076923077 0.08653846153846154
0 0.7644230769230769 0.578125 0.0625 0.06009615384615385
0 0.8918269230769231 0.5889423076923077 0.09134615384615384 0.08173076923076923
0 0.4987980769230769 0.5997596153846154 0.06490384615384616 0.10336538461538461