0 0.41586538461538464 0.40384615384615385 0.15384615384615385 0.10576923076923077
0 0.28725961538461536 0.12259615384615384 0.11538461538461539 0.15144230769230768
0 0.5120192307692307 0.23918269230769232 0.11538461538461539 0.12259615384615384
1 0.5865384615384616 0.23197115384615385 0.03365384615384615 0.04567307692307692
1 0.6394230769230769 0.2860576923076923 0.06490384615384616 0.05048076923076923
1 0.7379807692307693 0.23076923076923078 0.06490384615384616 0.04567307692307692
1 0.8569711538461539 0.2644230769230769 0.06971153846153846 0.04807692307692308
1 0.9807692307692307 0.25240384615384615 0.038461538461538464 0.038461538461538464
1 0.890625 0.18389423076923078 0.09615384615384616 0.055288461538461536
1 0.6730769230769231 0.1778846153846154 0.0673076923076923 0.03365384615384615
1 0.6334134615384616 0.125 0.06490384615384616 0.036057692307692304
1 0.6526442307692307 0.06370192307692307 0.057692307692307696 0.038461538461538464
1 0.7788461538461539 0.05889423076923077 0.0673076923076923 0.03365384615384615
1 0.9278846153846154 0.08774038461538461 0.057692307692307696 0.04807692307692308
1 0.7884615384615384 0.14903846153846154 0.0673076923076923 0.03365384615384615
0 0.171875 0.6622596153846154 0.07451923076923077 0.07451923076923077
0 0.019230769230769232 0.7019230769230769 0.038461538461538464 0.08173076923076923
1 0.6141826923076923 0.5072115384615384 0.0889423076923077 0.04567307692307692
1 0.5913461538461539 0.5432692307692307 0.04326923076923077 0.04807692307692308
1 0.6346153846153846 0.6778846153846154 0.07692307692307693 0.04807692307692308
1 0.7932692307692307 0.6790865384615384 0.07932692307692307 0.052884615384615384
1 0.703125 0.7980769230769231 0.09134615384615384 0.057692307692307696