1 0.45552884615384615 0.109375 0.07211538461538461 0.038461538461538464
1 0.41466346153846156 0.2620192307692308 0.10576923076923077 0.057692307692307696
0 0.7920673076923077 0.22355769230769232 0.22355769230769232 0.10336538461538461
0 0.9002403846153846 0.125 0.09134615384615384 0.038461538461538464
0 0.5685096153846154 0.19591346153846154 0.13701923076923078 0.09375
0 0.6610576923076923 0.09014423076923077 0.0889423076923077 0.0673076923076923
1 0.7884615384615384 0.03125 0.12980769230769232 0.052884615384615384
1 0.42908653846153844 0.6358173076923077 0.08653846153846154 0.04807692307692308
1 0.9759615384615384 0.9627403846153846 0.04807692307692308 0.07451923076923077
1 0.9735576923076923 0.5913461538461539 0.052884615384615384 0.07692307692307693
1 0.8317307692307693 0.5733173076923077 0.1201923076923077 0.0673076923076923
1 0.7644230769230769 0.47596153846153844 0.12980769230769232 0.052884615384615384
1 0.5576923076923077 0.5 0.11538461538461539 0.0625
0 0.8125 0.8317307692307693 0.25961538461538464 0.11538461538461539
0 0.7103365384615384 0.6766826923076923 0.1875 0.06971153846153846
0 0.5841346153846154 0.7908653846153846 0.16826923076923078 0.13942307692307693