1 0.34975961538461536 0.3125 0.0625 0.10576923076923077
1 0.33533653846153844 0.5 0.057692307692307696 0.11057692307692307
1 0.21754807692307693 0.5661057692307693 0.0829326923076923 0.1502403846153846
1 0.2644230769230769 0.7740384615384616 0.06610576923076923 0.13221153846153846
1 0.7680288461538461 0.9387019230769231 0.10697115384615384 0.12139423076923077
1 0.8774038461538461 0.5240384615384616 0.0673076923076923 0.11057692307692307
0 0.4483173076923077 0.17427884615384615 0.08774038461538461 0.18870192307692307
0 0.2800480769230769 0.19110576923076922 0.0985576923076923 0.1622596153846154
0 0.4411057692307692 0.6045673076923077 0.0733173076923077 0.20192307692307693
0 0.5516826923076923 0.7391826923076923 0.13221153846153846 0.1971153846153846
0 0.5456730769230769 0.10096153846153846 0.0829326923076923 0.20192307692307693