1 0.5769230769230769 0.21875 0.08413461538461539 0.15264423076923078
1 0.6201923076923077 0.5456730769230769 0.07211538461538461 0.12259615384615384
1 0.44350961538461536 0.5024038461538461 0.057692307692307696 0.1141826923076923
1 0.36899038461538464 0.6959134615384616 0.09254807692307693 0.13942307692307693
1 0.2512019230769231 0.5060096153846154 0.06850961538461539 0.11057692307692307
1 0.29927884615384615 0.8774038461538461 0.07572115384615384 0.12860576923076922
0 0.3269230769230769 0.23557692307692307 0.11298076923076923 0.28125
0 0.7451923076923077 0.18028846153846154 0.140625 0.2668269230769231
1 0.7536057692307693 0.5300480769230769 0.07211538461538461 0.19230769230769232
0 0.4963942307692308 0.3581730769230769 0.07211538461538461 0.1814903846153846
0 0.45072115384615385 0.20072115384615385 0.11177884615384616 0.10096153846153846
0 0.15144230769230768 0.6634615384615384 0.0673076923076923 0.18870192307692307
0 0.46634615384615385 0.7584134615384616 0.09615384615384616 0.18629807692307693
0 0.5733173076923077 0.8185096153846154 0.07211538461538461 0.1814903846153846