0 0.5336538461538461 0.23557692307692307 0.07211538461538461 0.04807692307692308
0 0.5084134615384616 0.14543269230769232 0.1201923076923077 0.07692307692307693
1 0.9110576923076923 0.4639423076923077 0.08653846153846154 0.04807692307692308
1 0.9242788461538461 0.3713942307692308 0.10817307692307693 0.057692307692307696
1 0.9242788461538461 0.265625 0.10817307692307693 0.06009615384615385
1 0.8305288461538461 0.20673076923076922 0.07692307692307693 0.04326923076923077
1 0.9507211538461539 0.18028846153846154 0.0985576923076923 0.052884615384615384
1 0.9591346153846154 0.13221153846153846 0.08173076923076923 0.052884615384615384
0 0.7295673076923077 0.09495192307692307 0.14423076923076922 0.09134615384615384
0 0.9627403846153846 0.3269230769230769 0.07451923076923077 0.04807692307692308
1 0.5576923076923077 0.6971153846153846 0.02403846153846154 0.04807692307692308
1 0.5516826923076923 0.6033653846153846 0.036057692307692304 0.038461538461538464
1 0.46153846153846156 0.7091346153846154 0.08653846153846154 0.04326923076923077
1 0.46274038461538464 0.7536057692307693 0.08653846153846154 0.05048076923076923
1 0.3389423076923077 0.7788461538461539 0.09134615384615384 0.04326923076923077
1 0.4326923076923077 0.8389423076923077 0.09615384615384616 0.04326923076923077
1 0.42908653846153844 0.9447115384615384 0.08413461538461539 0.052884615384615384
1 0.5480769230769231 0.9735576923076923 0.04326923076923077 0.04326923076923077
0 0.5072115384615384 0.8966346153846154 0.125 0.03365384615384615
0 0.24158653846153846 0.6682692307692307 0.09134615384615384 0.07932692307692307