1 0.7572115384615384 0.24759615384615385 0.02403846153846154 0.0673076923076923
1 0.45552884615384615 0.04447115384615385 0.10817307692307693 0.06009615384615385
1 0.36177884615384615 0.10336538461538461 0.07692307692307693 0.04326923076923077
1 0.484375 0.12980769230769232 0.10096153846153846 0.052884615384615384
1 0.49158653846153844 0.1778846153846154 0.08173076923076923 0.052884615384615384
1 0.6081730769230769 0.18629807692307693 0.08173076923076923 0.04807692307692308
1 0.6117788461538461 0.08173076923076923 0.08653846153846154 0.04807692307692308
1 0.6081730769230769 0.2800480769230769 0.08653846153846154 0.04807692307692308
1 0.7115384615384616 0.3293269230769231 0.11538461538461539 0.07211538461538461
0 0.2608173076923077 0.21514423076923078 0.14423076923076922 0.09134615384615384
0 0.7560096153846154 0.3798076923076923 0.026442307692307692 0.08653846153846154
1 0.6947115384615384 0.9399038461538461 0.14903846153846154 0.07692307692307693
1 0.7007211538461539 0.8329326923076923 0.10096153846153846 0.0625