0 0.41346153846153844 0.24639423076923078 0.04807692307692308 0.08173076923076923
0 0.4519230769230769 0.0829326923076923 0.0673076923076923 0.1346153846153846
0 0.3317307692307692 0.055288461538461536 0.09134615384615384 0.11057692307692307
0 0.3125 0.29447115384615385 0.10096153846153846 0.06971153846153846
1 0.5600961538461539 0.13581730769230768 0.0625 0.11538461538461539
1 0.5168269230769231 0.28966346153846156 0.057692307692307696 0.07932692307692307
1 0.6262019230769231 0.2956730769230769 0.06490384615384616 0.0673076923076923
0 0.9495192307692307 0.040865384615384616 0.07692307692307693 0.08173076923076923
1 0.2932692307692308 0.3870192307692308 0.057692307692307696 0.09615384615384616
1 0.16346153846153846 0.43028846153846156 0.04807692307692308 0.07211538461538461
1 0.3076923076923077 0.640625 0.0673076923076923 0.11778846153846154