1 0.4639423076923077 0.04927884615384615 0.08173076923076923 0.0985576923076923
1 0.38822115384615385 0.11658653846153846 0.06971153846153846 0.10336538461538461
1 0.6021634615384616 0.12620192307692307 0.06971153846153846 0.08413461538461539
1 0.6947115384615384 0.13341346153846154 0.08173076923076923 0.06971153846153846
0 0.054086538461538464 0.5216346153846154 0.057692307692307696 0.11057692307692307
0 0.109375 0.35336538461538464 0.02403846153846154 0.055288461538461536
0 0.1814903846153846 0.5192307692307693 0.04567307692307692 0.07451923076923077
0 0.140625 0.6502403846153846 0.06490384615384616 0.16346153846153846
0 0.06971153846153846 0.6947115384615384 0.028846153846153848 0.057692307692307696
0 0.006009615384615385 0.7259615384615384 0.01201923076923077 0.08653846153846154
0 0.7367788461538461 0.23076923076923078 0.0625 0.125