0 0.4182692307692308 0.1658653846153846 0.07932692307692307 0.20192307692307693
0 0.2247596153846154 0.4639423076923077 0.09134615384615384 0.17307692307692307
0 0.28725961538461536 0.27884615384615385 0.13942307692307693 0.21153846153846154
0 0.3233173076923077 0.046875 0.0889423076923077 0.09375
0 0.028846153846153848 0.13581730769230768 0.057692307692307696 0.24759615384615385
1 0.28125 0.65625 0.07692307692307693 0.10576923076923077
1 0.3713942307692308 0.5552884615384616 0.08173076923076923 0.15625
1 0.4675480769230769 0.46875 0.09134615384615384 0.125
1 0.03245192307692308 0.6033653846153846 0.06490384615384616 0.1346153846153846
1 0.12980769230769232 0.6959134615384616 0.0673076923076923 0.026442307692307692
1 0.203125 0.6057692307692307 0.057692307692307696 0.10576923076923077
1 0.125 0.5516826923076923 0.0625 0.125
1 0.11057692307692307 0.3786057692307692 0.09134615384615384 0.15384615384615385
1 0.0829326923076923 0.2091346153846154 0.0673076923076923 0.11538461538461539
1 0.2283653846153846 0.18509615384615385 0.07692307692307693 0.125
1 0.026442307692307692 0.4326923076923077 0.052884615384615384 0.15865384615384615
1 0.17067307692307693 0.025240384615384616 0.08173076923076923 0.05048076923076923
1 0.7764423076923077 0.4807692307692308 0.0625 0.14903846153846154
1 0.8882211538461539 0.6262019230769231 0.07451923076923077 0.07692307692307693
1 0.9819711538461539 0.5865384615384616 0.036057692307692304 0.12980769230769232
1 0.9519230769230769 0.44591346153846156 0.09134615384615384 0.1346153846153846
1 0.8653846153846154 0.47475961538461536 0.04567307692307692 0.11298076923076923
1 0.6935096153846154 0.3798076923076923 0.05048076923076923 0.08653846153846154
1 0.7776442307692307 0.2091346153846154 0.05048076923076923 0.10576923076923077
1 0.8545673076923077 0.23076923076923078 0.0625 0.1346153846153846
1 0.9723557692307693 0.22956730769230768 0.055288461538461536 0.10817307692307693
1 0.9146634615384616 0.12860576923076922 0.05048076923076923 0.11778846153846154