1 0.9867788461538461 0.44711538461538464 0.026442307692307692 0.08173076923076923
1 0.8978365384615384 0.453125 0.040865384615384616 0.06971153846153846
1 0.27283653846153844 0.8617788461538461 0.0625 0.14423076923076922
1 0.11658653846153846 0.8317307692307693 0.08653846153846154 0.16826923076923078
1 0.014423076923076924 0.9230769230769231 0.028846153846153848 0.15384615384615385
1 0.9014423076923077 0.9314903846153846 0.04326923076923077 0.07211538461538461
1 0.8605769230769231 0.9266826923076923 0.052884615384615384 0.08173076923076923
1 0.8365384615384616 0.8088942307692307 0.038461538461538464 0.07932692307692307
1 0.7728365384615384 0.9002403846153846 0.052884615384615384 0.08653846153846154
1 0.6658653846153846 0.8978365384615384 0.04807692307692308 0.08173076923076923
1 0.5721153846153846 0.8810096153846154 0.04807692307692308 0.0625
0 0.7091346153846154 0.9543269230769231 0.03365384615384615 0.09134615384615384
0 0.9387019230769231 0.703125 0.07211538461538461 0.0985576923076923