0 0.22115384615384615 0.33533653846153844 0.04326923076923077 0.026442307692307692
0 0.3629807692307692 0.15504807692307693 0.07451923076923077 0.1658653846153846
0 0.2824519230769231 0.027644230769230768 0.07451923076923077 0.055288461538461536
0 0.19831730769230768 0.1466346153846154 0.09615384615384616 0.18269230769230768
0 0.057692307692307696 0.23317307692307693 0.0889423076923077 0.16105769230769232
0 0.037259615384615384 0.019230769230769232 0.06971153846153846 0.038461538461538464
0 0.7115384615384616 0.19471153846153846 0.07211538461538461 0.15865384615384615
0 0.6875 0.03485576923076923 0.0673076923076923 0.06971153846153846
0 0.609375 0.11177884615384616 0.04326923076923077 0.13221153846153846
0 0.3954326923076923 0.8737980769230769 0.08413461538461539 0.14903846153846154
0 0.36538461538461536 0.703125 0.07211538461538461 0.07692307692307693
0 0.29086538461538464 0.796875 0.038461538461538464 0.11538461538461539
0 0.171875 0.7872596153846154 0.07692307692307693 0.07692307692307693
0 0.19110576923076922 0.49759615384615385 0.10576923076923077 0.11057692307692307
0 0.3137019230769231 0.515625 0.05048076923076923 0.12259615384615384
0 0.3918269230769231 0.43028846153846156 0.07211538461538461 0.125
0 0.8173076923076923 0.9519230769230769 0.09134615384615384 0.09615384615384616
0 0.9230769230769231 0.9579326923076923 0.08653846153846154 0.08413461538461539
0 0.8269230769230769 0.84375 0.0673076923076923 0.09615384615384616