0 0.04326923076923077 0.2668269230769231 0.08653846153846154 0.07211538461538461
0 0.15985576923076922 0.34975961538461536 0.09134615384615384 0.06971153846153846
0 0.06971153846153846 0.15625 0.04807692307692308 0.03125
0 0.23918269230769232 0.1622596153846154 0.08413461538461539 0.04567307692307692
0 0.05889423076923077 0.03125 0.11778846153846154 0.0625
0 0.19230769230769232 0.037259615384615384 0.09615384615384616 0.06490384615384616
0 0.6430288461538461 0.31009615384615385 0.0673076923076923 0.04326923076923077
0 0.7764423076923077 0.3737980769230769 0.17307692307692307 0.08653846153846154
0 0.796875 0.27163461538461536 0.057692307692307696 0.03125
0 0.7668269230769231 0.140625 0.11538461538461539 0.0625
0 0.9182692307692307 0.15625 0.08173076923076923 0.0625
0 0.9675480769230769 0.2692307692307692 0.0625 0.04807692307692308
0 0.9783653846153846 0.38822115384615385 0.04326923076923077 0.040865384615384616
0 0.19951923076923078 0.7283653846153846 0.1346153846153846 0.055288461538461536
1 0.6466346153846154 0.6466346153846154 0.125 0.0673076923076923
1 0.6610576923076923 0.7548076923076923 0.10096153846153846 0.057692307692307696