1 0.5673076923076923 0.234375 0.0673076923076923 0.10336538461538461
1 0.5625 0.046875 0.0625 0.09375
1 0.04567307692307692 0.9519230769230769 0.04807692307692308 0.09134615384615384
1 0.09615384615384616 0.9375 0.0673076923076923 0.11298076923076923
1 0.13942307692307693 0.7716346153846154 0.06009615384615385 0.10817307692307693
1 0.22716346153846154 0.8293269230769231 0.04567307692307692 0.08173076923076923
1 0.2824519230769231 0.8605769230769231 0.052884615384615384 0.08413461538461539
1 0.2127403846153846 0.7175480769230769 0.040865384615384616 0.14423076923076922
1 0.24158653846153846 0.6430288461538461 0.057692307692307696 0.07932692307692307
1 0.3605769230769231 0.5096153846153846 0.052884615384615384 0.07932692307692307
1 0.265625 0.5264423076923077 0.0625 0.0985576923076923
1 0.18870192307692307 0.5649038461538461 0.06009615384615385 0.11057692307692307
1 0.12620192307692307 0.5612980769230769 0.04567307692307692 0.08173076923076923
1 0.0733173076923077 0.5588942307692307 0.057692307692307696 0.10576923076923077
1 0.055288461538461536 0.6454326923076923 0.05048076923076923 0.07932692307692307
1 0.026442307692307692 0.6971153846153846 0.052884615384615384 0.07692307692307693
1 0.052884615384615384 0.7764423076923077 0.07211538461538461 0.11298076923076923
0 0.7211538461538461 0.9326923076923077 0.07692307692307693 0.1346153846153846
0 0.7800480769230769 0.7007211538461539 0.057692307692307696 0.12259615384615384
0 0.8353365384615384 0.4266826923076923 0.06009615384615385 0.11057692307692307
0 0.6754807692307693 0.5180288461538461 0.057692307692307696 0.08173076923076923
0 0.5612980769230769 0.7920673076923077 0.09615384615384616 0.1875
0 0.546875 0.46875 0.06971153846153846 0.11538461538461539
0 0.7091346153846154 0.3605769230769231 0.09134615384615384 0.14423076923076922