1 0.2668269230769231 0.21875 0.056490384615384616 0.09495192307692307
1 0.34615384615384615 0.12980769230769232 0.04927884615384615 0.09134615384615384
1 0.46153846153846156 0.06129807692307692 0.038461538461538464 0.0733173076923077
1 0.5420673076923077 0.12379807692307693 0.051682692307692304 0.09134615384615384
1 0.6057692307692307 0.20673076923076922 0.037259615384615384 0.0733173076923077
1 0.47115384615384615 0.19110576923076922 0.057692307692307696 0.10336538461538461
1 0.3173076923076923 0.3293269230769231 0.037259615384615384 0.08052884615384616
1 0.41225961538461536 0.32091346153846156 0.037259615384615384 0.0673076923076923
1 0.5168269230769231 0.30408653846153844 0.038461538461538464 0.0673076923076923
1 0.6850961538461539 0.33052884615384615 0.038461538461538464 0.07451923076923077
1 0.7560096153846154 0.46634615384615385 0.038461538461538464 0.06971153846153846
1 0.6586538461538461 0.46033653846153844 0.04807692307692308 0.09735576923076923
1 0.5528846153846154 0.46274038461538464 0.05048076923076923 0.0985576923076923
1 0.49399038461538464 0.5661057692307693 0.05048076923076923 0.07211538461538461
1 0.4699519230769231 0.4423076923076923 0.052884615384615384 0.07932692307692307
1 0.42427884615384615 0.44471153846153844 0.038461538461538464 0.08774038461538461
0 0.640625 0.20552884615384615 0.04807692307692308 0.12740384615384615
0 0.21634615384615385 0.1658653846153846 0.07572115384615384 0.078125
0 0.3858173076923077 0.6706730769230769 0.07572115384615384 0.10336538461538461
0 0.6129807692307693 0.38100961538461536 0.037259615384615384 0.13942307692307693