1 0.3173076923076923 0.35697115384615385 0.0673076923076923 0.08413461538461539
1 0.43149038461538464 0.3581730769230769 0.04567307692307692 0.08173076923076923
1 0.9447115384615384 0.34975961538461536 0.0625 0.0985576923076923
1 0.9903846153846154 0.25961538461538464 0.019230769230769232 0.0625
1 0.06370192307692307 0.9735576923076923 0.036057692307692304 0.052884615384615384
1 0.16105769230769232 0.9711538461538461 0.04326923076923077 0.057692307692307696
1 0.171875 0.8629807692307693 0.038461538461538464 0.07692307692307693
1 0.21514423076923078 0.8617788461538461 0.05048076923076923 0.08653846153846154
1 0.2620192307692308 0.9771634615384616 0.04326923076923077 0.04567307692307692
1 0.43509615384615385 0.9639423076923077 0.04326923076923077 0.07211538461538461
1 0.5036057692307693 0.8149038461538461 0.04807692307692308 0.07692307692307693
1 0.40865384615384615 0.8305288461538461 0.04807692307692308 0.08653846153846154
1 0.3004807692307692 0.8377403846153846 0.04807692307692308 0.09134615384615384
1 0.24158653846153846 0.734375 0.036057692307692304 0.07692307692307693
0 0.36538461538461536 0.9170673076923077 0.036057692307692304 0.13942307692307693
0 0.13221153846153846 0.6322115384615384 0.07692307692307693 0.1201923076923077