0 0.9723557692307693 0.140625 0.055288461538461536 0.07932692307692307
0 0.203125 0.6742788461538461 0.12980769230769232 0.08653846153846154
1 0.9819711538461539 0.6658653846153846 0.036057692307692304 0.0673076923076923
1 0.9447115384615384 0.5697115384615384 0.11057692307692307 0.07692307692307693
1 0.984375 0.47836538461538464 0.03125 0.052884615384615384
1 0.8269230769230769 0.4338942307692308 0.0985576923076923 0.057692307692307696
1 0.7896634615384616 0.5384615384615384 0.0673076923076923 0.0673076923076923
1 0.8197115384615384 0.6310096153846154 0.11538461538461539 0.08653846153846154
1 0.9278846153846154 0.8413461538461539 0.13221153846153846 0.07211538461538461
1 0.7584134615384616 0.7295673076923077 0.09375 0.0625
1 0.6995192307692307 0.5961538461538461 0.08653846153846154 0.0625
1 0.6322115384615384 0.46153846153846156 0.15384615384615385 0.04326923076923077