0 0.4387019230769231 0.18389423076923078 0.07692307692307693 0.09615384615384616
0 0.2776442307692308 0.7824519230769231 0.10576923076923077 0.17548076923076922
0 0.15865384615384615 0.5925480769230769 0.16826923076923078 0.1778846153846154
0 0.21153846153846154 0.9326923076923077 0.07692307692307693 0.1346153846153846
1 0.34975961538461536 0.5192307692307693 0.07692307692307693 0.1201923076923077
1 0.028846153846153848 0.47475961538461536 0.057692307692307696 0.03125
1 0.025240384615384616 0.6009615384615384 0.05048076923076923 0.1346153846153846
1 0.12379807692307693 0.8137019230769231 0.07692307692307693 0.16346153846153846
1 0.008413461538461538 0.7824519230769231 0.016826923076923076 0.0985576923076923
1 0.0733173076923077 0.9699519230769231 0.07451923076923077 0.06009615384615385
0 0.8413461538461539 0.5 0.07692307692307693 0.08173076923076923