1 0.5817307692307693 0.21754807692307693 0.09254807692307693 0.16105769230769232
1 0.6225961538461539 0.5396634615384616 0.0733173076923077 0.14302884615384615
1 0.4375 0.45913461538461536 0.06490384615384616 0.10576923076923077
1 0.3473557692307692 0.4182692307692308 0.08774038461538461 0.10817307692307693
1 0.3425480769230769 0.5973557692307693 0.08413461538461539 0.15384615384615385
1 0.3016826923076923 0.8737980769230769 0.07451923076923077 0.12740384615384615
0 0.33413461538461536 0.1814903846153846 0.11298076923076923 0.3137019230769231
0 0.18389423076923078 0.35216346153846156 0.07572115384615384 0.18870192307692307
0 0.7259615384615384 0.10697115384615384 0.16826923076923078 0.2091346153846154
0 0.5204326923076923 0.34615384615384615 0.07091346153846154 0.19831730769230768
0 0.6694711538461539 0.7908653846153846 0.14182692307692307 0.17307692307692307
0 0.48197115384615385 0.7860576923076923 0.11658653846153846 0.15264423076923078