1 0.6117788461538461 0.028846153846153848 0.07932692307692307 0.057692307692307696
1 0.4795673076923077 0.042067307692307696 0.07451923076923077 0.08413461538461539
1 0.5480769230769231 0.10817307692307693 0.052884615384615384 0.1201923076923077
1 0.46274038461538464 0.20192307692307693 0.04567307692307692 0.125
1 0.5913461538461539 0.328125 0.0673076923076923 0.14423076923076922
1 0.6766826923076923 0.3545673076923077 0.08653846153846154 0.1346153846153846
1 0.7740384615384616 0.4795673076923077 0.07692307692307693 0.12980769230769232
1 0.47475961538461536 0.5829326923076923 0.057692307692307696 0.10576923076923077
0 0.5144230769230769 0.7427884615384616 0.0625 0.04807692307692308
0 0.6225961538461539 0.9086538461538461 0.04807692307692308 0.08173076923076923
0 0.7463942307692307 0.9471153846153846 0.07932692307692307 0.0985576923076923
0 0.4855769230769231 0.9543269230769231 0.08653846153846154 0.09134615384615384