0 0.014423076923076924 0.3161057692307692 0.028846153846153848 0.07451923076923077
0 0.020432692307692308 0.6274038461538461 0.040865384615384616 0.07211538461538461
0 0.08774038461538461 0.43990384615384615 0.08653846153846154 0.04567307692307692
1 0.6274038461538461 0.5540865384615384 0.07692307692307693 0.04326923076923077
1 0.6153846153846154 0.45913461538461536 0.09134615384615384 0.055288461538461536
1 0.6081730769230769 0.3557692307692308 0.08413461538461539 0.055288461538461536
1 0.7043269230769231 0.2932692307692308 0.0673076923076923 0.04807692307692308
1 0.5829326923076923 0.2692307692307692 0.08173076923076923 0.05048076923076923
1 0.5805288461538461 0.2283653846153846 0.07692307692307693 0.038461538461538464
0 0.8004807692307693 0.1814903846153846 0.10096153846153846 0.08173076923076923
0 0.5637019230769231 0.4074519230769231 0.05048076923076923 0.05048076923076923