1 0.36899038461538464 0.16826923076923078 0.12259615384615384 0.07692307692307693
1 0.5757211538461539 0.265625 0.13701923076923078 0.07692307692307693
1 0.6129807692307693 0.0985576923076923 0.09615384615384616 0.0673076923076923
1 0.8497596153846154 0.23317307692307693 0.10096153846153846 0.04807692307692308
1 0.7512019230769231 0.06971153846153846 0.10096153846153846 0.057692307692307696
1 0.9855769230769231 0.11899038461538461 0.028846153846153848 0.06490384615384616
1 0.18028846153846154 0.6887019230769231 0.10096153846153846 0.052884615384615384
1 0.2536057692307692 0.7980769230769231 0.10817307692307693 0.0625
1 0.3641826923076923 0.42788461538461536 0.10336538461538461 0.057692307692307696
1 0.40865384615384615 0.5576923076923077 0.08173076923076923 0.04326923076923077
1 0.6129807692307693 0.41466346153846156 0.10576923076923077 0.05048076923076923