1 0.036057692307692304 0.1502403846153846 0.04326923076923077 0.07692307692307693
1 0.018028846153846152 0.3713942307692308 0.036057692307692304 0.08413461538461539
1 0.010817307692307692 0.5096153846153846 0.021634615384615384 0.07692307692307693
0 0.6706730769230769 0.13701923076923078 0.04567307692307692 0.125
0 0.5576923076923077 0.10216346153846154 0.057692307692307696 0.10336538461538461
0 0.5384615384615384 0.19471153846153846 0.055288461538461536 0.08653846153846154
0 0.47475961538461536 0.0985576923076923 0.02403846153846154 0.125
0 0.5985576923076923 0.3125 0.07211538461538461 0.13942307692307693
1 0.640625 0.01201923076923077 0.05048076923076923 0.02403846153846154
1 0.42427884615384615 0.09375 0.038461538461538464 0.06971153846153846
1 0.4675480769230769 0.009615384615384616 0.055288461538461536 0.019230769230769232
1 0.4362980769230769 0.25961538461538464 0.05048076923076923 0.08413461538461539
1 0.5084134615384616 0.34375 0.06009615384615385 0.09615384615384616
1 0.6189903846153846 0.0673076923076923 0.038461538461538464 0.0625
1 0.6923076923076923 0.7632211538461539 0.03365384615384615 0.07932692307692307