1 0.31850961538461536 0.04326923076923077 0.03365384615384615 0.08653846153846154
1 0.34375 0.21514423076923078 0.042067307692307696 0.08413461538461539
1 0.3798076923076923 0.16947115384615385 0.04326923076923077 0.08653846153846154
1 0.40024038461538464 0.22596153846153846 0.04326923076923077 0.06850961538461539
1 0.48197115384615385 0.25240384615384615 0.056490384615384616 0.09254807692307693
1 0.4855769230769231 0.3076923076923077 0.054086538461538464 0.07091346153846154
1 0.5576923076923077 0.31850961538461536 0.04447115384615385 0.10216346153846154
1 0.5528846153846154 0.4807692307692308 0.046875 0.0733173076923077
1 0.5192307692307693 0.5132211538461539 0.05889423076923077 0.09254807692307693
1 0.5024038461538461 0.6081730769230769 0.04567307692307692 0.07932692307692307
1 0.43028846153846156 0.5853365384615384 0.057692307692307696 0.09975961538461539
1 0.3173076923076923 0.5264423076923077 0.06971153846153846 0.10817307692307693
1 0.3329326923076923 0.4699519230769231 0.046875 0.057692307692307696
1 0.3449519230769231 0.37740384615384615 0.06009615384615385 0.09375
1 0.3112980769230769 0.3125 0.04447115384615385 0.07572115384615384