0 0.703125 0.07451923076923077 0.0889423076923077 0.14903846153846154
0 0.3629807692307692 0.037259615384615384 0.04807692307692308 0.07451923076923077
0 0.43509615384615385 0.2980769230769231 0.1466346153846154 0.23076923076923078
0 0.6189903846153846 0.36538461538461536 0.17067307692307693 0.14903846153846154
1 0.040865384615384616 0.6862980769230769 0.04807692307692308 0.08653846153846154
1 0.15384615384615385 0.4699519230769231 0.04807692307692308 0.06009615384615385
1 0.20673076923076922 0.48197115384615385 0.0625 0.08413461538461539
1 0.3269230769230769 0.5745192307692307 0.02403846153846154 0.09615384615384616
1 0.3173076923076923 0.6802884615384616 0.04326923076923077 0.11057692307692307
1 0.33413461538461536 0.7644230769230769 0.009615384615384616 0.07692307692307693
1 0.24639423076923078 0.6334134615384616 0.057692307692307696 0.10576923076923077
1 0.15504807692307693 0.6262019230769231 0.057692307692307696 0.10576923076923077
1 0.1310096153846154 0.7103365384615384 0.04807692307692308 0.08173076923076923
1 0.1622596153846154 0.7608173076923077 0.052884615384615384 0.08653846153846154
1 0.1814903846153846 0.8497596153846154 0.06490384615384616 0.10336538461538461
1 0.234375 0.8485576923076923 0.05048076923076923 0.08653846153846154
1 0.2956730769230769 0.8389423076923077 0.0625 0.10096153846153846
0 0.6730769230769231 0.5408653846153846 0.07692307692307693 0.08653846153846154
0 0.6850961538461539 0.6225961538461539 0.0673076923076923 0.09615384615384616