1 0.9855769230769231 0.04326923076923077 0.028846153846153848 0.08173076923076923
1 0.796875 0.18870192307692307 0.06009615384615385 0.10576923076923077
1 0.7211538461538461 0.21634615384615385 0.05048076923076923 0.07211538461538461
1 0.6983173076923077 0.28725961538461536 0.05048076923076923 0.08173076923076923
1 0.7295673076923077 0.3173076923076923 0.04326923076923077 0.07932692307692307
1 0.8004807692307693 0.3449519230769231 0.06490384615384616 0.0673076923076923
1 0.890625 0.28125 0.0673076923076923 0.11057692307692307
1 0.8581730769230769 0.3425480769230769 0.057692307692307696 0.09615384615384616
1 0.9122596153846154 0.3557692307692308 0.0625 0.09615384615384616
1 0.9579326923076923 0.39783653846153844 0.04326923076923077 0.07692307692307693
1 0.984375 0.42908653846153844 0.03125 0.08413461538461539
1 0.8245192307692307 0.4543269230769231 0.04326923076923077 0.08653846153846154
1 0.7043269230769231 0.5192307692307693 0.06490384615384616 0.09375
1 0.8233173076923077 0.6141826923076923 0.04326923076923077 0.07932692307692307
0 0.4579326923076923 0.8485576923076923 0.016826923076923076 0.13942307692307693
0 0.5637019230769231 0.7956730769230769 0.0625 0.08653846153846154