1 0.49759615384615385 0.019230769230769232 0.04807692307692308 0.038461538461538464
1 0.36899038461538464 0.06370192307692307 0.04807692307692308 0.08653846153846154
1 0.4050480769230769 0.09375 0.055288461538461536 0.09134615384615384
1 0.4230769230769231 0.18990384615384615 0.05048076923076923 0.08653846153846154
1 0.49278846153846156 0.1622596153846154 0.06009615384615385 0.11057692307692307
1 0.6057692307692307 0.10216346153846154 0.0673076923076923 0.11538461538461539
1 0.5901442307692307 0.04927884615384615 0.057692307692307696 0.06971153846153846
1 0.6646634615384616 0.859375 0.04807692307692308 0.07451923076923077
1 0.6322115384615384 0.8112980769230769 0.04567307692307692 0.09615384615384616
1 0.5949519230769231 0.8485576923076923 0.04326923076923077 0.07692307692307693
1 0.5913461538461539 0.9254807692307693 0.04807692307692308 0.07692307692307693
1 0.6382211538461539 0.9290865384615384 0.04807692307692308 0.08173076923076923
1 0.7764423076923077 0.7596153846153846 0.014423076923076924 0.09134615384615384