0 0.39663461538461536 0.04807692307692308 0.057692307692307696 0.09615384615384616
0 0.21634615384615385 0.20192307692307693 0.07211538461538461 0.15865384615384615
0 0.21153846153846154 0.40384615384615385 0.10576923076923077 0.11057692307692307
0 0.40024038461538464 0.3870192307692308 0.055288461538461536 0.125
1 0.9423076923076923 0.19831730769230768 0.05048076923076923 0.09134615384615384
1 0.8401442307692307 0.265625 0.04567307692307692 0.07692307692307693
1 0.9483173076923077 0.38341346153846156 0.04807692307692308 0.08173076923076923
1 0.8653846153846154 0.4411057692307692 0.04807692307692308 0.036057692307692304
1 0.25721153846153844 0.5733173076923077 0.04807692307692308 0.10096153846153846
1 0.32091346153846156 0.7632211538461539 0.0673076923076923 0.1201923076923077
1 0.7764423076923077 0.8545673076923077 0.057692307692307696 0.10576923076923077
1 0.765625 0.8028846153846154 0.04326923076923077 0.08173076923076923
1 0.7524038461538461 0.7175480769230769 0.0673076923076923 0.09615384615384616
1 0.7800480769230769 0.6502403846153846 0.057692307692307696 0.08173076923076923
1 0.7536057692307693 0.5408653846153846 0.04567307692307692 0.07932692307692307
1 0.7163461538461539 0.5084134615384616 0.04326923076923077 0.09375
1 0.6983173076923077 0.5600961538461539 0.04326923076923077 0.07211538461538461
1 0.6141826923076923 0.5865384615384616 0.057692307692307696 0.09615384615384616
1 0.6057692307692307 0.6430288461538461 0.04807692307692308 0.06009615384615385
1 0.5348557692307693 0.6586538461538461 0.04807692307692308 0.10817307692307693
1 0.5384615384615384 0.8137019230769231 0.04326923076923077 0.08653846153846154
1 0.578125 0.8497596153846154 0.052884615384615384 0.09375
1 0.5961538461538461 0.9471153846153846 0.05048076923076923 0.07451923076923077
1 0.6634615384615384 0.9194711538461539 0.052884615384615384 0.10096153846153846
1 0.6742788461538461 0.71875 0.05048076923076923 0.12980769230769232