1 0.5492788461538461 0.07572115384615384 0.11057692307692307 0.0625
1 0.4423076923076923 0.12980769230769232 0.07211538461538461 0.04567307692307692
1 0.4026442307692308 0.2824519230769231 0.11057692307692307 0.052884615384615384
0 0.90625 0.609375 0.1875 0.08413461538461539
0 0.9254807692307693 0.41346153846153844 0.1346153846153846 0.0625
0 0.7788461538461539 0.4675480769230769 0.15865384615384615 0.0985576923076923
0 0.7632211538461539 0.3581730769230769 0.12740384615384615 0.10096153846153846
0 0.7151442307692307 0.32211538461538464 0.03125 0.11057692307692307
1 0.8774038461538461 0.11899038461538461 0.125 0.07211538461538461
1 0.8990384615384616 0.2439903846153846 0.11538461538461539 0.0625
1 0.7956730769230769 0.015625 0.13942307692307693 0.03125
1 0.7163461538461539 0.06850961538461539 0.03365384615384615 0.06490384615384616
1 0.734375 0.1971153846153846 0.06971153846153846 0.07692307692307693
1 0.6298076923076923 0.8100961538461539 0.08173076923076923 0.04326923076923077
1 0.5901442307692307 0.9615384615384616 0.10576923076923077 0.052884615384615384
1 0.9338942307692307 0.9134615384615384 0.11538461538461539 0.07932692307692307
1 0.9591346153846154 0.734375 0.08173076923076923 0.06009615384615385
1 0.7776442307692307 0.6862980769230769 0.15625 0.036057692307692304
0 0.7247596153846154 0.8605769230769231 0.05048076923076923 0.08173076923076923
0 0.7632211538461539 0.7512019230769231 0.12740384615384615 0.0889423076923077