1 0.7331730769230769 0.2980769230769231 0.08774038461538461 0.15144230769230768
1 0.8713942307692307 0.5144230769230769 0.06370192307692307 0.12379807692307693
1 0.7608173076923077 0.9411057692307693 0.1141826923076923 0.11778846153846154
1 0.3545673076923077 0.32091346153846156 0.0625 0.11899038461538461
1 0.3401442307692308 0.4987980769230769 0.05889423076923077 0.1201923076923077
1 0.2127403846153846 0.5673076923076923 0.109375 0.15625
1 0.2704326923076923 0.7836538461538461 0.07451923076923077 0.11057692307692307
0 0.6153846153846154 0.5216346153846154 0.13701923076923078 0.3088942307692308
0 0.578125 0.11298076923076923 0.10096153846153846 0.22596153846153846
0 0.47115384615384615 0.078125 0.046875 0.15625
0 0.3269230769230769 0.051682692307692304 0.10697115384615384 0.10216346153846154
0 0.4326923076923077 0.6117788461538461 0.0829326923076923 0.20793269230769232