1 0.28125 0.28846153846153844 0.06971153846153846 0.11538461538461539
1 0.4543269230769231 0.16105769230769232 0.04326923076923077 0.08173076923076923
0 0.9254807692307693 0.9711538461538461 0.11538461538461539 0.057692307692307696
0 0.9362980769230769 0.796875 0.07451923076923077 0.1778846153846154
0 0.9711538461538461 0.6033653846153846 0.057692307692307696 0.2692307692307692
0 0.8197115384615384 0.4362980769230769 0.10576923076923077 0.07451923076923077
0 0.8858173076923077 0.5480769230769231 0.10096153846153846 0.125
1 0.7091346153846154 0.8786057692307693 0.08173076923076923 0.10096153846153846
1 0.7632211538461539 0.6778846153846154 0.0625 0.11538461538461539
1 0.5889423076923077 0.8497596153846154 0.07211538461538461 0.14423076923076922
1 0.6418269230769231 0.6586538461538461 0.0625 0.11298076923076923
1 0.5108173076923077 0.5817307692307693 0.09134615384615384 0.1466346153846154
1 0.5913461538461539 0.453125 0.0625 0.10576923076923077
1 0.7211538461538461 0.47115384615384615 0.07211538461538461 0.14423076923076922