0 0.25 0.11778846153846154 0.04326923076923077 0.08653846153846154
0 0.078125 0.11778846153846154 0.11057692307692307 0.13942307692307693
0 0.359375 0.43509615384615385 0.14182692307692307 0.08653846153846154
0 0.4543269230769231 0.10336538461538461 0.125 0.20673076923076922
0 0.18509615384615385 0.4110576923076923 0.09134615384615384 0.1346153846153846
1 0.33653846153846156 0.21153846153846154 0.06490384615384616 0.11538461538461539
1 0.1622596153846154 0.18028846153846154 0.07211538461538461 0.10576923076923077
1 0.0889423076923077 0.37259615384615385 0.07932692307692307 0.13942307692307693
0 0.44711538461538464 0.8245192307692307 0.07211538461538461 0.12980769230769232
0 0.9603365384615384 0.5288461538461539 0.07932692307692307 0.10096153846153846
1 0.8245192307692307 0.7475961538461539 0.07451923076923077 0.11057692307692307
1 0.9326923076923077 0.7067307692307693 0.06490384615384616 0.0889423076923077
1 0.8834134615384616 0.9170673076923077 0.07211538461538461 0.10817307692307693
1 0.96875 0.9459134615384616 0.052884615384615384 0.10817307692307693
1 0.7932692307692307 0.9350961538461539 0.07692307692307693 0.12980769230769232