1 0.2776442307692308 0.23677884615384615 0.04807692307692308 0.08413461538461539
1 0.38221153846153844 0.24158653846153846 0.04447115384615385 0.078125
1 0.33774038461538464 0.3605769230769231 0.03485576923076923 0.07211538461538461
1 0.3545673076923077 0.5192307692307693 0.04927884615384615 0.08173076923076923
1 0.41947115384615385 0.6045673076923077 0.056490384615384616 0.0985576923076923
1 0.5576923076923077 0.24519230769230768 0.04927884615384615 0.07451923076923077
1 0.5372596153846154 0.33653846153846156 0.03245192307692308 0.0673076923076923
0 0.5036057692307693 0.21153846153846154 0.055288461538461536 0.14423076923076922
0 0.4110576923076923 0.16826923076923078 0.09134615384615384 0.09495192307692307
0 0.4735576923076923 0.36177884615384615 0.056490384615384616 0.10817307692307693
0 0.38822115384615385 0.3629807692307692 0.026442307692307692 0.13221153846153846
0 0.45552884615384615 0.46153846153846156 0.05048076923076923 0.09254807692307693
0 0.5144230769230769 0.5817307692307693 0.078125 0.12860576923076922