0 0.43990384615384615 0.0985576923076923 0.13701923076923078 0.08413461538461539
0 0.5336538461538461 0.2512019230769231 0.12259615384615384 0.25
0 0.2512019230769231 0.3786057692307692 0.15625 0.23317307692307693
1 0.3641826923076923 0.6454326923076923 0.040865384615384616 0.07211538461538461
1 0.26802884615384615 0.6081730769230769 0.04567307692307692 0.057692307692307696
1 0.20793269230769232 0.6862980769230769 0.038461538461538464 0.07451923076923077
1 0.15264423076923078 0.7644230769230769 0.04326923076923077 0.07692307692307693
1 0.20432692307692307 0.8605769230769231 0.038461538461538464 0.09134615384615384
1 0.16947115384615385 0.9711538461538461 0.05048076923076923 0.057692307692307696
1 0.24759615384615385 0.9903846153846154 0.052884615384615384 0.019230769230769232
1 0.3485576923076923 0.9495192307692307 0.03365384615384615 0.0625
1 0.28966346153846156 0.90625 0.040865384615384616 0.057692307692307696
1 0.26322115384615385 0.8293269230769231 0.03125 0.06009615384615385
1 0.3088942307692308 0.7211538461538461 0.038461538461538464 0.055288461538461536
1 0.3557692307692308 0.7908653846153846 0.038461538461538464 0.06009615384615385
0 0.8605769230769231 0.5252403846153846 0.08173076923076923 0.05048076923076923
0 0.9423076923076923 0.6334134615384616 0.0673076923076923 0.10817307692307693