1 0.46153846153846156 0.3389423076923077 0.07692307692307693 0.04807692307692308
1 0.4326923076923077 0.3076923076923077 0.07692307692307693 0.04326923076923077
1 0.40865384615384615 0.234375 0.07211538461538461 0.06490384615384616
1 0.46875 0.14423076923076922 0.0625 0.057692307692307696
1 0.4014423076923077 0.12259615384615384 0.09375 0.052884615384615384
1 0.4050480769230769 0.015625 0.10817307692307693 0.03125
1 0.32091346153846156 0.038461538461538464 0.0889423076923077 0.04567307692307692
1 0.35697115384615385 0.07451923076923077 0.07211538461538461 0.04807692307692308
1 0.3004807692307692 0.2091346153846154 0.07692307692307693 0.04807692307692308
1 0.14182692307692307 0.21033653846153846 0.07932692307692307 0.052884615384615384
1 0.23197115384615385 0.3293269230769231 0.09134615384615384 0.057692307692307696
0 0.7704326923076923 0.5036057692307693 0.0625 0.09375
0 0.6129807692307693 0.8545673076923077 0.16105769230769232 0.04807692307692308