1 0.06850961538461539 0.08052884615384616 0.04567307692307692 0.11298076923076923
1 0.1201923076923077 0.12259615384615384 0.052884615384615384 0.09134615384615384
1 0.13221153846153846 0.29447115384615385 0.06009615384615385 0.10096153846153846
1 0.25240384615384615 0.036057692307692304 0.057692307692307696 0.07211538461538461
0 0.7235576923076923 0.1814903846153846 0.05048076923076923 0.10576923076923077
0 0.8088942307692307 0.15264423076923078 0.03125 0.055288461538461536
0 0.9254807692307693 0.009615384615384616 0.04807692307692308 0.019230769230769232
0 0.8858173076923077 0.24519230769230768 0.04807692307692308 0.09134615384615384
0 0.359375 0.6526442307692307 0.08653846153846154 0.18269230769230768
0 0.19110576923076922 0.5 0.055288461538461536 0.09615384615384616
0 0.23197115384615385 0.7319711538461539 0.07451923076923077 0.1466346153846154
0 0.12980769230769232 0.8846153846153846 0.0625 0.125
0 0.03245192307692308 0.7992788461538461 0.06490384615384616 0.1658653846153846
0 0.24759615384615385 0.9759615384615384 0.052884615384615384 0.04807692307692308
0 0.38100961538461536 0.90625 0.06971153846153846 0.11298076923076923
1 0.8269230769230769 0.4387019230769231 0.0625 0.11298076923076923
1 0.7644230769230769 0.4326923076923077 0.0625 0.09375
1 0.7403846153846154 0.3786057692307692 0.04807692307692308 0.06009615384615385
1 0.7199519230769231 0.4206730769230769 0.04807692307692308 0.07692307692307693
1 0.6923076923076923 0.3798076923076923 0.04807692307692308 0.0625
1 0.6754807692307693 0.42427884615384615 0.04807692307692308 0.07211538461538461
1 0.6394230769230769 0.38221153846153844 0.0673076923076923 0.0673076923076923
1 0.5829326923076923 0.4855769230769231 0.04326923076923077 0.08173076923076923
1 0.5120192307692307 0.5252403846153846 0.04807692307692308 0.11057692307692307
1 0.6502403846153846 0.5841346153846154 0.04326923076923077 0.13221153846153846
1 0.7439903846153846 0.6177884615384616 0.04567307692307692 0.08173076923076923
1 0.640625 0.7800480769230769 0.057692307692307696 0.10817307692307693
1 0.5733173076923077 0.8125 0.04567307692307692 0.07211538461538461
1 0.5540865384615384 0.7139423076923077 0.057692307692307696 0.0985576923076923
1 0.5192307692307693 0.6826923076923077 0.038461538461538464 0.07211538461538461