1 0.13942307692307693 0.038461538461538464 0.04807692307692308 0.07692307692307693
1 0.11899038461538461 0.12620192307692307 0.038461538461538464 0.057692307692307696
0 0.16706730769230768 0.18870192307692307 0.038461538461538464 0.10576923076923077
0 0.08413461538461539 0.037259615384615384 0.04807692307692308 0.07451923076923077
0 0.052884615384615384 0.15865384615384615 0.052884615384615384 0.10336538461538461
0 0.03485576923076923 0.24639423076923078 0.06971153846153846 0.0889423076923077
0 0.09134615384615384 0.3269230769230769 0.08173076923076923 0.0625
1 0.19110576923076922 0.40865384615384615 0.06009615384615385 0.10096153846153846
1 0.3004807692307692 0.4098557692307692 0.052884615384615384 0.10336538461538461
1 0.8942307692307693 0.5288461538461539 0.038461538461538464 0.08653846153846154
1 0.8870192307692307 0.7235576923076923 0.038461538461538464 0.08173076923076923
1 0.8197115384615384 0.5576923076923077 0.06490384615384616 0.0985576923076923
1 0.7908653846153846 0.6983173076923077 0.038461538461538464 0.09134615384615384
1 0.703125 0.7379807692307693 0.06009615384615385 0.10096153846153846
0 0.6995192307692307 0.44350961538461536 0.07451923076923077 0.10576923076923077
0 0.9651442307692307 0.7439903846153846 0.057692307692307696 0.11298076923076923
0 0.828125 0.7704326923076923 0.06971153846153846 0.0985576923076923