0 0.18990384615384615 0.16706730769230768 0.040865384615384616 0.14423076923076922
0 0.453125 0.12259615384615384 0.05048076923076923 0.16346153846153846
0 0.5492788461538461 0.19591346153846154 0.05048076923076923 0.1201923076923077
0 0.4723557692307692 0.28846153846153844 0.07211538461538461 0.07692307692307693
0 0.5793269230769231 0.33653846153846156 0.0625 0.10096153846153846
1 0.20072115384615385 0.4579326923076923 0.06490384615384616 0.07932692307692307
1 0.125 0.4651442307692308 0.04807692307692308 0.08173076923076923
1 0.10216346153846154 0.5336538461538461 0.04326923076923077 0.07211538461538461
1 0.13341346153846154 0.5612980769230769 0.040865384615384616 0.07211538461538461
1 0.20673076923076922 0.5865384615384616 0.07211538461538461 0.0625
1 0.2980769230769231 0.5180288461538461 0.057692307692307696 0.10096153846153846
1 0.4110576923076923 0.5949519230769231 0.03365384615384615 0.10336538461538461
1 0.40384615384615385 0.6754807692307693 0.04807692307692308 0.09134615384615384
1 0.36658653846153844 0.6454326923076923 0.040865384615384616 0.09615384615384616
1 0.31971153846153844 0.6033653846153846 0.06009615384615385 0.09134615384615384
1 0.2644230769230769 0.5853365384615384 0.057692307692307696 0.08653846153846154
1 0.22956730769230768 0.6959134615384616 0.04567307692307692 0.07211538461538461
1 0.11177884615384616 0.7680288461538461 0.052884615384615384 0.10576923076923077
1 0.23076923076923078 0.8569711538461539 0.04326923076923077 0.07932692307692307
1 0.8870192307692307 0.7043269230769231 0.04567307692307692 0.08653846153846154
1 0.8485576923076923 0.7415865384615384 0.038461538461538464 0.07692307692307693
1 0.9158653846153846 0.7548076923076923 0.04807692307692308 0.07211538461538461
1 0.8942307692307693 0.8221153846153846 0.04326923076923077 0.07451923076923077
1 0.8461538461538461 0.8221153846153846 0.04326923076923077 0.07692307692307693