1 0.037259615384615384 0.39903846153846156 0.07451923076923077 0.019230769230769232
1 0.039663461538461536 0.31009615384615385 0.07932692307692307 0.04807692307692308
1 0.04807692307692308 0.21514423076923078 0.07211538461538461 0.038461538461538464
0 0.014423076923076924 0.3545673076923077 0.028846153846153848 0.036057692307692304
0 0.10576923076923077 0.9146634615384616 0.1346153846153846 0.05048076923076923
0 0.08173076923076923 0.7956730769230769 0.10576923076923077 0.07211538461538461
0 0.07451923076923077 0.6634615384615384 0.14903846153846154 0.08653846153846154
1 0.5084134615384616 0.53125 0.08653846153846154 0.04326923076923077
1 0.5252403846153846 0.6045673076923077 0.0889423076923077 0.0625
1 0.7103365384615384 0.7223557692307693 0.125 0.055288461538461536
1 0.671875 0.6334134615384616 0.10096153846153846 0.04326923076923077
1 0.6971153846153846 0.5372596153846154 0.07211538461538461 0.04326923076923077
0 0.44591346153846156 0.7235576923076923 0.055288461538461536 0.07692307692307693
0 0.7283653846153846 0.45913461538461536 0.13942307692307693 0.052884615384615384
0 0.7487980769230769 0.5949519230769231 0.09375 0.07211538461538461