0 0.3161057692307692 0.3581730769230769 0.026442307692307692 0.1201923076923077
1 0.8293269230769231 0.12740384615384615 0.038461538461538464 0.08653846153846154
1 0.8221153846153846 0.32211538461538464 0.038461538461538464 0.08173076923076923
1 0.7548076923076923 0.15625 0.06490384615384616 0.0985576923076923
1 0.7259615384615384 0.296875 0.038461538461538464 0.09134615384615384
1 0.6382211538461539 0.33653846153846156 0.06009615384615385 0.10096153846153846
0 0.6334134615384616 0.046875 0.07451923076923077 0.09375
0 0.9855769230769231 0.27884615384615385 0.028846153846153848 0.125
0 0.9002403846153846 0.3425480769230769 0.057692307692307696 0.11298076923076923
0 0.7632211538461539 0.36899038461538464 0.06971153846153846 0.0985576923076923
1 0.13942307692307693 0.4519230769230769 0.04807692307692308 0.0673076923076923
1 0.07091346153846154 0.5048076923076923 0.055288461538461536 0.09615384615384616
1 0.015625 0.6370192307692307 0.03125 0.07211538461538461
1 0.018028846153846152 0.7512019230769231 0.036057692307692304 0.06009615384615385
1 0.057692307692307696 0.7536057692307693 0.04807692307692308 0.09134615384615384
1 0.10576923076923077 0.6237980769230769 0.04326923076923077 0.07211538461538461
1 0.19951923076923078 0.53125 0.04567307692307692 0.07692307692307693
1 0.2764423076923077 0.6550480769230769 0.038461538461538464 0.057692307692307696
1 0.2512019230769231 0.7800480769230769 0.052884615384615384 0.09615384615384616
1 0.14543269230769232 0.7824519230769231 0.06009615384615385 0.07451923076923077
1 0.08653846153846154 0.8798076923076923 0.04807692307692308 0.07211538461538461
0 0.20432692307692307 0.7019230769230769 0.038461538461538464 0.13221153846153846
0 0.23317307692307693 0.53125 0.04326923076923077 0.1346153846153846
1 0.48677884615384615 0.484375 0.06009615384615385 0.13221153846153846
1 0.5913461538461539 0.47716346153846156 0.04567307692307692 0.08173076923076923