0 0.19471153846153846 0.375 0.17427884615384615 0.15865384615384615
0 0.5132211538461539 0.12860576923076922 0.10216346153846154 0.18269230769230768
0 0.4567307692307692 0.5480769230769231 0.17067307692307693 0.15264423076923078
0 0.5228365384615384 0.7427884615384616 0.1201923076923077 0.14543269230769232
1 0.3329326923076923 0.44350961538461536 0.06971153846153846 0.11899038461538461
1 0.4026442307692308 0.18509615384615385 0.07451923076923077 0.16466346153846154
1 0.28725961538461536 0.1045673076923077 0.09615384615384616 0.15144230769230768
1 0.4807692307692308 0.33774038461538464 0.0673076923076923 0.10817307692307693
1 0.609375 0.6658653846153846 0.07932692307692307 0.1310096153846154
1 0.4170673076923077 0.6935096153846154 0.08052884615384616 0.12980769230769232
1 0.3401442307692308 0.8665865384615384 0.0733173076923077 0.16826923076923078
1 0.28725961538461536 0.7019230769230769 0.06129807692307692 0.15745192307692307
0 0.6129807692307693 0.4387019230769231 0.1141826923076923 0.20552884615384615