0 0.27884615384615385 0.36538461538461536 0.04807692307692308 0.08653846153846154
0 0.19230769230769232 0.3894230769230769 0.028846153846153848 0.038461538461538464
0 0.11298076923076923 0.30649038461538464 0.0625 0.09134615384615384
1 0.5877403846153846 0.3713942307692308 0.06009615384615385 0.07451923076923077
1 0.7548076923076923 0.36778846153846156 0.0673076923076923 0.08173076923076923
1 0.75 0.18629807692307693 0.0625 0.10336538461538461
1 0.6141826923076923 0.203125 0.0673076923076923 0.09615384615384616
0 0.24158653846153846 0.9254807692307693 0.09375 0.14903846153846154
0 0.08774038461538461 0.9699519230769231 0.04567307692307692 0.06009615384615385
0 0.17908653846153846 0.6887019230769231 0.0625 0.125
0 0.609375 0.9302884615384616 0.04807692307692308 0.08653846153846154
0 0.6971153846153846 0.8401442307692307 0.0625 0.14182692307692307
0 0.796875 0.8545673076923077 0.09615384615384616 0.1971153846153846