0 0.5661057692307693 0.5432692307692307 0.06490384615384616 0.07211538461538461
0 0.5673076923076923 0.31490384615384615 0.0625 0.04807692307692308
0 0.4326923076923077 0.2692307692307692 0.11057692307692307 0.07451923076923077
0 0.25 0.33774038461538464 0.08653846153846154 0.09134615384615384
1 0.9891826923076923 0.16826923076923078 0.021634615384615384 0.04807692307692308
1 0.984375 0.23076923076923078 0.03125 0.052884615384615384
1 0.9471153846153846 0.21033653846153846 0.07692307692307693 0.0625
1 0.9903846153846154 0.3245192307692308 0.019230769230769232 0.04326923076923077
1 0.9879807692307693 0.36899038461538464 0.02403846153846154 0.040865384615384616
1 0.9002403846153846 0.38822115384615385 0.10336538461538461 0.0625
1 0.8569711538461539 0.3401442307692308 0.10096153846153846 0.057692307692307696
1 0.6911057692307693 0.33052884615384615 0.11538461538461539 0.057692307692307696
0 0.5576923076923077 0.8918269230769231 0.08173076923076923 0.0673076923076923