1 0.5012019230769231 0.43028846153846156 0.07451923076923077 0.13942307692307693
1 0.42427884615384615 0.2776442307692308 0.0625 0.10096153846153846
0 0.390625 0.4699519230769231 0.10336538461538461 0.11778846153846154
0 0.2620192307692308 0.17067307692307693 0.16346153846153846 0.17307692307692307
0 0.4483173076923077 0.0673076923076923 0.15625 0.1346153846153846
0 0.7920673076923077 0.3605769230769231 0.0625 0.15384615384615385
0 0.8185096153846154 0.20432692307692307 0.07932692307692307 0.07692307692307693
0 0.8966346153846154 0.29447115384615385 0.052884615384615384 0.12980769230769232
0 0.9230769230769231 0.15625 0.06971153846153846 0.10336538461538461
0 0.9603365384615384 0.0829326923076923 0.07932692307692307 0.12740384615384615
0 0.8677884615384616 0.03125 0.04326923076923077 0.0625
1 0.4362980769230769 0.9723557692307693 0.055288461538461536 0.055288461538461536
1 0.4026442307692308 0.9302884615384616 0.052884615384615384 0.09134615384615384
1 0.3473557692307692 0.9302884615384616 0.0673076923076923 0.06971153846153846
1 0.46033653846153844 0.9098557692307693 0.055288461538461536 0.10096153846153846
1 0.4987980769230769 0.8665865384615384 0.04807692307692308 0.07692307692307693
1 0.5288461538461539 0.8389423076923077 0.019230769230769232 0.09615384615384616
1 0.36899038461538464 0.8149038461538461 0.036057692307692304 0.07692307692307693
1 0.27403846153846156 0.9495192307692307 0.040865384615384616 0.07692307692307693
1 0.2403846153846154 0.9723557692307693 0.04807692307692308 0.055288461538461536
1 0.24879807692307693 0.7439903846153846 0.057692307692307696 0.10096153846153846
1 0.36778846153846156 0.6574519230769231 0.052884615384615384 0.08653846153846154
0 0.5817307692307693 0.9086538461538461 0.057692307692307696 0.09615384615384616