1 0.8689903846153846 0.10096153846153846 0.13942307692307693 0.07932692307692307
1 0.75 0.037259615384615384 0.08413461538461539 0.057692307692307696
1 0.53125 0.07932692307692307 0.12980769230769232 0.06971153846153846
1 0.5048076923076923 0.17067307692307693 0.15384615384615385 0.08173076923076923
1 0.4230769230769231 0.2620192307692308 0.028846153846153848 0.07211538461538461
1 0.36538461538461536 0.9411057692307693 0.08173076923076923 0.052884615384615384
1 0.38822115384615385 0.8653846153846154 0.040865384615384616 0.04326923076923077
1 0.3485576923076923 0.7668269230769231 0.07692307692307693 0.04567307692307692
1 0.2283653846153846 0.8737980769230769 0.0889423076923077 0.04326923076923077
1 0.14903846153846154 0.7896634615384616 0.08413461538461539 0.05048076923076923
0 0.7235576923076923 0.5649038461538461 0.1201923076923077 0.03365384615384615
0 0.6850961538461539 0.6310096153846154 0.10817307692307693 0.052884615384615384
0 0.47836538461538464 0.5637019230769231 0.13942307692307693 0.03125