0 0.11899038461538461 0.026442307692307692 0.10817307692307693 0.052884615384615384
0 0.30649038461538464 0.17067307692307693 0.13942307692307693 0.08413461538461539
0 0.19471153846153846 0.453125 0.125 0.22115384615384615
0 0.05048076923076923 0.5288461538461539 0.10096153846153846 0.15865384615384615
0 0.8834134615384616 0.1466346153846154 0.125 0.23076923076923078
0 0.8257211538461539 0.38100961538461536 0.10576923076923077 0.15384615384615385
0 0.8040865384615384 0.5564903846153846 0.11778846153846154 0.10336538461538461
0 0.984375 0.47596153846153844 0.03125 0.20673076923076922
0 0.4735576923076923 0.6899038461538461 0.0673076923076923 0.1201923076923077
1 0.7548076923076923 0.625 0.0625 0.03365384615384615
1 0.7704326923076923 0.7716346153846154 0.0673076923076923 0.11057692307692307