0 0.49278846153846156 0.3485576923076923 0.09134615384615384 0.0625
1 0.9423076923076923 0.008413461538461538 0.07692307692307693 0.016826923076923076
1 0.8713942307692307 0.09014423076923077 0.08173076923076923 0.04567307692307692
1 0.6778846153846154 0.06850961538461539 0.08653846153846154 0.04807692307692308
1 0.5192307692307693 0.49158653846153844 0.038461538461538464 0.05048076923076923
1 0.4423076923076923 0.5168269230769231 0.11057692307692307 0.057692307692307696
1 0.4375 0.5649038461538461 0.09134615384615384 0.04807692307692308
1 0.44591346153846156 0.6286057692307693 0.10817307692307693 0.057692307692307696
1 0.5060096153846154 0.6850961538461539 0.06490384615384616 0.04807692307692308
1 0.41225961538461536 0.703125 0.10576923076923077 0.0625
1 0.39302884615384615 0.8028846153846154 0.08653846153846154 0.04807692307692308
0 0.9663461538461539 0.6382211538461539 0.0673076923076923 0.07451923076923077
0 0.8233173076923077 0.5985576923076923 0.08653846153846154 0.07692307692307693