0 0.5817307692307693 0.15264423076923078 0.12139423076923077 0.10817307692307693
0 0.8028846153846154 0.4266826923076923 0.08413461538461539 0.24879807692307693
0 0.6057692307692307 0.43990384615384615 0.0625 0.13341346153846154
0 0.6598557692307693 0.5901442307692307 0.0985576923076923 0.16706730769230768
0 0.6418269230769231 0.7908653846153846 0.08653846153846154 0.19831730769230768
0 0.5504807692307693 0.6021634615384616 0.10096153846153846 0.12860576923076922
0 0.515625 0.7067307692307693 0.109375 0.1466346153846154
1 0.3737980769230769 0.28365384615384615 0.06850961538461539 0.12139423076923077
1 0.2512019230769231 0.2980769230769231 0.06490384615384616 0.13701923076923078
1 0.3112980769230769 0.4879807692307692 0.07211538461538461 0.12620192307692307
1 0.4362980769230769 0.46634615384615385 0.0625 0.1141826923076923
1 0.18028846153846154 0.5685096153846154 0.08653846153846154 0.140625
1 0.2608173076923077 0.6959134615384616 0.06490384615384616 0.12740384615384615
1 0.390625 0.6790865384615384 0.078125 0.1658653846153846