0 0.02403846153846154 0.03245192307692308 0.04326923076923077 0.06490384615384616
0 0.046875 0.14543269230769232 0.04567307692307692 0.07451923076923077
0 0.1935096153846154 0.14783653846153846 0.09134615384615384 0.16105769230769232
0 0.21394230769230768 0.4206730769230769 0.06971153846153846 0.12980769230769232
0 0.5877403846153846 0.11538461538461539 0.0625 0.15384615384615385
0 0.6141826923076923 0.27163461538461536 0.07932692307692307 0.07692307692307693
0 0.6923076923076923 0.1814903846153846 0.052884615384615384 0.12980769230769232
0 0.71875 0.31971153846153844 0.06971153846153846 0.10336538461538461
0 0.765625 0.3918269230769231 0.09615384615384616 0.12740384615384615
0 0.6634615384615384 0.4651442307692308 0.04326923076923077 0.10817307692307693
0 0.5841346153846154 0.4963942307692308 0.07692307692307693 0.04567307692307692
0 0.20793269230769232 0.5588942307692307 0.0889423076923077 0.07932692307692307
0 0.12740384615384615 0.6033653846153846 0.03365384615384615 0.1346153846153846
0 0.6394230769230769 0.5697115384615384 0.0673076923076923 0.10096153846153846