0 0.6670673076923077 0.37259615384615385 0.13701923076923078 0.21875
0 0.6045673076923077 0.18269230769230768 0.10336538461538461 0.1778846153846154
1 0.6586538461538461 0.018028846153846152 0.08653846153846154 0.036057692307692304
1 0.75 0.09615384615384616 0.07451923076923077 0.15865384615384615
1 0.8449519230769231 0.17548076923076922 0.0625 0.13221153846153846
1 0.5877403846153846 0.056490384615384616 0.0625 0.11057692307692307
1 0.5084134615384616 0.09375 0.08173076923076923 0.10096153846153846
1 0.48677884615384615 0.2620192307692308 0.08173076923076923 0.13221153846153846
1 0.6033653846153846 0.4579326923076923 0.07692307692307693 0.12259615384615384
1 0.46875 0.44711538461538464 0.0625 0.11057692307692307
0 0.7932692307692307 0.45072115384615385 0.08653846153846154 0.13701923076923078