1 0.3269230769230769 0.4639423076923077 0.07451923076923077 0.057692307692307696
1 0.41947115384615385 0.1658653846153846 0.040865384615384616 0.04807692307692308
1 0.38221153846153844 0.25 0.10576923076923077 0.06971153846153846
1 0.3858173076923077 0.34134615384615385 0.0985576923076923 0.06971153846153846
1 0.2956730769230769 0.3641826923076923 0.07932692307692307 0.055288461538461536
1 0.2536057692307692 0.3425480769230769 0.06009615384615385 0.05048076923076923
1 0.1658653846153846 0.3173076923076923 0.11057692307692307 0.057692307692307696
1 0.16105769230769232 0.2692307692307692 0.09134615384615384 0.04807692307692308
1 0.16947115384615385 0.20552884615384615 0.10817307692307693 0.057692307692307696
1 0.23798076923076922 0.14903846153846154 0.08173076923076923 0.04807692307692308
1 0.33052884615384615 0.18269230769230768 0.125 0.04807692307692308
1 0.13581730769230768 0.1310096153846154 0.10576923076923077 0.0625
1 0.11658653846153846 0.03125 0.08653846153846154 0.04807692307692308
1 0.9723557692307693 0.3894230769230769 0.055288461538461536 0.04807692307692308
1 0.9038461538461539 0.53125 0.10576923076923077 0.014423076923076924
1 0.9014423076923077 0.5048076923076923 0.09134615384615384 0.04326923076923077
1 0.9098557692307693 0.4387019230769231 0.11298076923076923 0.0673076923076923
1 0.8701923076923077 0.36658653846153844 0.10336538461538461 0.057692307692307696
1 0.859375 0.2692307692307692 0.09615384615384616 0.04807692307692308
0 0.3737980769230769 0.9134615384615384 0.13221153846153846 0.09615384615384616
0 0.2704326923076923 0.7451923076923077 0.16826923076923078 0.11057692307692307
0 0.10697115384615384 0.9555288461538461 0.21153846153846154 0.0625
0 0.06490384615384616 0.7608173076923077 0.12980769230769232 0.16105769230769232
1 0.8497596153846154 0.7956730769230769 0.07692307692307693 0.052884615384615384
1 0.9050480769230769 0.7608173076923077 0.07692307692307693 0.04807692307692308
1 0.8713942307692307 0.7247596153846154 0.07211538461538461 0.04326923076923077
1 0.7884615384615384 0.7704326923076923 0.08413461538461539 0.04807692307692308
1 0.78125 0.7235576923076923 0.07692307692307693 0.04807692307692308