0 0.3629807692307692 0.36538461538461536 0.03365384615384615 0.07211538461538461
0 0.29447115384615385 0.17427884615384615 0.11538461538461539 0.052884615384615384
0 0.02403846153846154 0.23918269230769232 0.04807692307692308 0.07932692307692307
0 0.18509615384615385 0.29086538461538464 0.0625 0.03125
0 0.11899038461538461 0.23317307692307693 0.08173076923076923 0.04807692307692308
0 0.2644230769230769 0.328125 0.0673076923076923 0.04807692307692308
0 0.3605769230769231 0.24639423076923078 0.038461538461538464 0.026442307692307692
1 0.29447115384615385 0.3942307692307692 0.0625 0.052884615384615384
1 0.3125 0.47115384615384615 0.09615384615384616 0.055288461538461536
1 0.19831730769230768 0.4206730769230769 0.08173076923076923 0.038461538461538464
1 0.25240384615384615 0.2644230769230769 0.0625 0.04326923076923077
1 0.20072115384615385 0.20072115384615385 0.07932692307692307 0.04567307692307692
1 0.06971153846153846 0.3942307692307692 0.08173076923076923 0.052884615384615384
1 0.9459134615384616 0.27163461538461536 0.10817307692307693 0.06009615384615385
1 0.9158653846153846 0.17067307692307693 0.07692307692307693 0.05048076923076923
0 0.21995192307692307 0.7451923076923077 0.09134615384615384 0.07692307692307693
0 0.25 0.9747596153846154 0.13942307692307693 0.05048076923076923
0 0.08052884615384616 0.9903846153846154 0.10817307692307693 0.019230769230769232
1 0.9423076923076923 0.8557692307692307 0.11538461538461539 0.05048076923076923
1 0.8161057692307693 0.6622596153846154 0.08173076923076923 0.040865384615384616