1 0.96875 0.31009615384615385 0.0625 0.038461538461538464
1 0.9615384615384616 0.20793269230769232 0.06490384615384616 0.04567307692307692
1 0.9615384615384616 0.11298076923076923 0.06971153846153846 0.04326923076923077
1 0.8473557692307693 0.21634615384615385 0.06009615384615385 0.04326923076923077
1 0.8389423076923077 0.25841346153846156 0.08173076923076923 0.057692307692307696
1 0.8137019230769231 0.3449519230769231 0.0889423076923077 0.04807692307692308
1 0.8149038461538461 0.4411057692307692 0.07692307692307693 0.036057692307692304
0 0.8942307692307693 0.40625 0.1466346153846154 0.03365384615384615
0 0.6454326923076923 0.18028846153846154 0.055288461538461536 0.09134615384615384
1 0.71875 0.28365384615384615 0.08413461538461539 0.052884615384615384
1 0.5661057692307693 0.8040865384615384 0.07692307692307693 0.04326923076923077
1 0.5228365384615384 0.9519230769230769 0.11057692307692307 0.07932692307692307
0 0.9639423076923077 0.9555288461538461 0.07211538461538461 0.0889423076923077
0 0.9134615384615384 0.859375 0.1658653846153846 0.07211538461538461