1 0.15625 0.054086538461538464 0.07692307692307693 0.10817307692307693
1 0.2860576923076923 0.06850961538461539 0.07211538461538461 0.10576923076923077
1 0.21995192307692307 0.1466346153846154 0.055288461538461536 0.10576923076923077
1 0.01201923076923077 0.18629807692307693 0.02403846153846154 0.15625
1 0.1778846153846154 0.3737980769230769 0.07451923076923077 0.14423076923076922
1 0.3161057692307692 0.25600961538461536 0.07692307692307693 0.12980769230769232
1 0.3894230769230769 0.3425480769230769 0.06971153846153846 0.10336538461538461
1 0.08173076923076923 0.39783653846153844 0.07451923076923077 0.12740384615384615
1 0.018028846153846152 0.5012019230769231 0.036057692307692304 0.09375
0 0.9519230769230769 0.10096153846153846 0.052884615384615384 0.125
0 0.9074519230769231 0.2692307692307692 0.07692307692307693 0.09375
0 0.9615384615384616 0.46153846153846156 0.07692307692307693 0.08173076923076923
1 0.07091346153846154 0.8076923076923077 0.04326923076923077 0.06971153846153846
1 0.25961538461538464 0.7740384615384616 0.057692307692307696 0.10576923076923077
1 0.1971153846153846 0.9555288461538461 0.0625 0.0889423076923077