1 0.35096153846153844 0.43149038461538464 0.09134615384615384 0.036057692307692304
1 0.08653846153846154 0.5504807692307693 0.1346153846153846 0.08173076923076923
1 0.10817307692307693 0.703125 0.14423076923076922 0.09134615384615384
1 0.515625 0.7439903846153846 0.1346153846153846 0.07692307692307693
1 0.515625 0.5877403846153846 0.11298076923076923 0.07211538461538461
1 0.5709134615384616 0.49759615384615385 0.036057692307692304 0.057692307692307696
1 0.3112980769230769 0.5420673076923077 0.11778846153846154 0.0673076923076923
1 0.8353365384615384 0.4891826923076923 0.10096153846153846 0.052884615384615384
1 0.8617788461538461 0.6298076923076923 0.0889423076923077 0.07692307692307693
1 0.7391826923076923 0.734375 0.1201923076923077 0.10576923076923077
1 0.6334134615384616 0.6394230769230769 0.0889423076923077 0.07692307692307693
1 0.6862980769230769 0.5204326923076923 0.11057692307692307 0.0673076923076923