0 0.02403846153846154 0.390625 0.04807692307692308 0.1658653846153846
0 0.20432692307692307 0.1778846153846154 0.08653846153846154 0.19230769230769232
1 0.015625 0.12740384615384615 0.03125 0.16346153846153846
1 0.11057692307692307 0.328125 0.0673076923076923 0.12259615384615384
1 0.6778846153846154 0.36658653846153844 0.06490384615384616 0.11057692307692307
1 0.10096153846153846 0.8040865384615384 0.07211538461538461 0.11057692307692307
1 0.6081730769230769 0.8990384615384616 0.0673076923076923 0.125
1 0.7800480769230769 0.9290865384615384 0.07692307692307693 0.09615384615384616
1 0.859375 0.7355769230769231 0.09134615384615384 0.125
1 0.9723557692307693 0.9254807692307693 0.055288461538461536 0.11057692307692307
1 0.9254807692307693 0.5733173076923077 0.0673076923076923 0.0889423076923077
0 0.5829326923076923 0.6225961538461539 0.12740384615384615 0.1875
0 0.7620192307692307 0.6875 0.09134615384615384 0.19230769230769232
0 0.8713942307692307 0.9495192307692307 0.0985576923076923 0.10096153846153846