1 0.10336538461538461 0.30408653846153844 0.10096153846153846 0.05048076923076923
1 0.421875 0.32211538461538464 0.09375 0.014423076923076924
1 0.3605769230769231 0.21995192307692307 0.07692307692307693 0.057692307692307696
1 0.13701923076923078 0.22115384615384615 0.07692307692307693 0.04807692307692308
1 0.484375 0.0733173076923077 0.07692307692307693 0.04326923076923077
0 0.20192307692307693 0.31490384615384615 0.125 0.028846153846153848
0 0.3125 0.1201923076923077 0.1346153846153846 0.0673076923076923
0 0.2704326923076923 0.06129807692307692 0.14903846153846154 0.057692307692307696
0 0.9278846153846154 0.0829326923076923 0.14423076923076922 0.08413461538461539
1 0.04807692307692308 0.44471153846153844 0.0889423076923077 0.05048076923076923
1 0.03245192307692308 0.6538461538461539 0.06490384615384616 0.052884615384615384
1 0.15625 0.4963942307692308 0.06009615384615385 0.04326923076923077
1 0.1502403846153846 0.5889423076923077 0.0625 0.028846153846153848
1 0.13341346153846154 0.6959134615384616 0.0673076923076923 0.04326923076923077
1 0.038461538461538464 0.7824519230769231 0.07692307692307693 0.040865384615384616
1 0.15745192307692307 0.8641826923076923 0.07451923076923077 0.03365384615384615
1 0.2668269230769231 0.6045673076923077 0.07211538461538461 0.03365384615384615
1 0.26802884615384615 0.6442307692307693 0.0889423076923077 0.05048076923076923
1 0.28966346153846156 0.7331730769230769 0.09134615384615384 0.04807692307692308
1 0.28966346153846156 0.8401442307692307 0.08413461538461539 0.052884615384615384
1 0.3004807692307692 0.9314903846153846 0.06971153846153846 0.04326923076923077
1 0.39302884615384615 0.6766826923076923 0.07692307692307693 0.04326923076923077
0 0.21754807692307693 0.7944711538461539 0.13942307692307693 0.028846153846153848
0 0.04927884615384615 0.8185096153846154 0.0985576923076923 0.040865384615384616
0 0.015625 0.3942307692307692 0.03125 0.08173076923076923
0 0.4963942307692308 0.5637019230769231 0.10096153846153846 0.07211538461538461