0 0.3918269230769231 0.2932692307692308 0.125 0.14903846153846154
0 0.33533653846153844 0.09975961538461539 0.10576923076923077 0.15384615384615385
0 0.5036057692307693 0.054086538461538464 0.05048076923076923 0.10817307692307693
0 0.5564903846153846 0.2764423076923077 0.055288461538461536 0.10096153846153846
0 0.5649038461538461 0.14423076923076922 0.04807692307692308 0.10817307692307693
0 0.65625 0.0625 0.057692307692307696 0.125
0 0.7824519230769231 0.10817307692307693 0.0625 0.08653846153846154
0 0.8100961538461539 0.2980769230769231 0.09134615384615384 0.13942307692307693
1 0.4254807692307692 0.9543269230769231 0.07211538461538461 0.09134615384615384
1 0.35096153846153844 0.8894230769230769 0.07211538461538461 0.10576923076923077
1 0.5012019230769231 0.7884615384615384 0.055288461538461536 0.125
1 0.42427884615384615 0.5300480769230769 0.0673076923076923 0.1201923076923077
1 0.21875 0.5649038461538461 0.0673076923076923 0.11057692307692307
1 0.49278846153846156 0.4014423076923077 0.0625 0.0673076923076923
0 0.1935096153846154 0.7932692307692307 0.15865384615384615 0.1778846153846154
0 0.37740384615384615 0.6790865384615384 0.14423076923076922 0.16346153846153846
0 0.3076923076923077 0.4891826923076923 0.10817307692307693 0.14903846153846154
1 0.9819711538461539 0.9711538461538461 0.036057692307692304 0.057692307692307696
1 0.9206730769230769 0.9543269230769231 0.052884615384615384 0.09134615384615384
1 0.9242788461538461 0.8137019230769231 0.04807692307692308 0.08653846153846154
1 0.9603365384615384 0.7836538461538461 0.055288461538461536 0.09134615384615384
1 0.9759615384615384 0.6875 0.04807692307692308 0.08653846153846154