1 0.75 0.28846153846153844 0.04326923076923077 0.038461538461538464
1 0.6658653846153846 0.25600961538461536 0.03125 0.06971153846153846
1 0.6069711538461539 0.21754807692307693 0.03125 0.0625
1 0.7848557692307693 0.19110576923076922 0.040865384615384616 0.08173076923076923
1 0.7728365384615384 0.04447115384615385 0.04326923076923077 0.08173076923076923
1 0.7091346153846154 0.13701923076923078 0.055288461538461536 0.10096153846153846
1 0.6442307692307693 0.14302884615384615 0.040865384615384616 0.07692307692307693
1 0.3858173076923077 0.7223557692307693 0.04567307692307692 0.07451923076923077
0 0.5552884615384616 0.9134615384615384 0.028846153846153848 0.06971153846153846
0 0.6298076923076923 0.8245192307692307 0.04807692307692308 0.11778846153846154
0 0.47596153846153844 0.8004807692307693 0.03365384615384615 0.0673076923076923
0 0.5120192307692307 0.7175480769230769 0.038461538461538464 0.07211538461538461
0 0.5697115384615384 0.6466346153846154 0.04567307692307692 0.08413461538461539
1 0.47836538461538464 0.47115384615384615 0.038461538461538464 0.11538461538461539
1 0.5372596153846154 0.7884615384615384 0.03365384615384615 0.06490384615384616
1 0.6021634615384616 0.7367788461538461 0.04807692307692308 0.08173076923076923
0 0.4675480769230769 0.9302884615384616 0.016826923076923076 0.10576923076923077
0 0.5600961538461539 0.49759615384615385 0.0889423076923077 0.14423076923076922