1 0.22596153846153846 0.36538461538461536 0.04807692307692308 0.07692307692307693
1 0.22596153846153846 0.21634615384615385 0.05048076923076923 0.09014423076923077
1 0.32211538461538464 0.18870192307692307 0.057692307692307696 0.10697115384615384
1 0.4483173076923077 0.12980769230769232 0.051682692307692304 0.11177884615384616
1 0.4963942307692308 0.03365384615384615 0.04567307692307692 0.06610576923076923
1 0.5240384615384616 0.25961538461538464 0.04927884615384615 0.0733173076923077
1 0.5913461538461539 0.2980769230769231 0.04567307692307692 0.08533653846153846
1 0.42788461538461536 0.37259615384615385 0.038461538461538464 0.08413461538461539
1 0.38100961538461536 0.36778846153846156 0.054086538461538464 0.08173076923076923
1 0.45072115384615385 0.48677884615384615 0.04567307692307692 0.11298076923076923
1 0.39903846153846156 0.5288461538461539 0.054086538461538464 0.09134615384615384
1 0.3870192307692308 0.7007211538461539 0.06009615384615385 0.10216346153846154
1 0.265625 0.4387019230769231 0.057692307692307696 0.08173076923076923
1 0.2848557692307692 0.38100961538461536 0.051682692307692304 0.06971153846153846
1 0.30528846153846156 0.3112980769230769 0.051682692307692304 0.1141826923076923