1 0.10336538461538461 0.22956730769230768 0.11538461538461539 0.06009615384615385
1 0.7572115384615384 0.24879807692307693 0.057692307692307696 0.021634615384615384
0 0.9579326923076923 0.21875 0.08413461538461539 0.07692307692307693
1 0.04326923076923077 0.6875 0.08653846153846154 0.057692307692307696
1 0.3581730769230769 0.7319711538461539 0.11538461538461539 0.057692307692307696
1 0.3137019230769231 0.6021634615384616 0.07211538461538461 0.04326923076923077
1 0.07451923076923077 0.5949519230769231 0.0673076923076923 0.038461538461538464
1 0.4182692307692308 0.45072115384615385 0.08653846153846154 0.055288461538461536
0 0.13341346153846154 0.7103365384615384 0.125 0.057692307692307696
0 0.24278846153846154 0.49759615384615385 0.1346153846153846 0.057692307692307696
0 0.20432692307692307 0.43990384615384615 0.13221153846153846 0.06009615384615385
1 0.90625 0.5552884615384616 0.07211538461538461 0.04807692307692308
1 0.8653846153846154 0.6418269230769231 0.10096153846153846 0.057692307692307696
0 0.7427884615384616 0.53125 0.028846153846153848 0.09134615384615384
0 0.9555288461538461 0.6586538461538461 0.0889423076923077 0.052884615384615384
0 0.984375 0.3942307692307692 0.03125 0.052884615384615384