1 0.11899038461538461 0.5480769230769231 0.13942307692307693 0.07692307692307693
1 0.02283653846153846 0.4807692307692308 0.04567307692307692 0.0673076923076923
1 0.0733173076923077 0.375 0.12259615384615384 0.0625
1 0.23197115384615385 0.4411057692307692 0.11057692307692307 0.052884615384615384
1 0.2920673076923077 0.3581730769230769 0.1346153846153846 0.08653846153846154
1 0.4074519230769231 0.5600961538461539 0.19230769230769232 0.10336538461538461
0 0.6766826923076923 0.43990384615384615 0.21394230769230768 0.0673076923076923
0 0.9134615384615384 0.49278846153846156 0.17307692307692307 0.15384615384615385
0 0.7776442307692307 0.3112980769230769 0.17307692307692307 0.10817307692307693
1 0.9855769230769231 0.6153846153846154 0.028846153846153848 0.057692307692307696
1 0.7836538461538461 0.6033653846153846 0.11538461538461539 0.06009615384615385
1 0.6706730769230769 0.6887019230769231 0.14423076923076922 0.021634615384615384
1 0.9350961538461539 0.6694711538461539 0.10096153846153846 0.06009615384615385
1 0.07692307692307693 0.8233173076923077 0.07211538461538461 0.038461538461538464
1 0.01201923076923077 0.8762019230769231 0.02403846153846154 0.06009615384615385
1 0.7620192307692307 0.7331730769230769 0.10576923076923077 0.057692307692307696
1 0.9783653846153846 0.75 0.04326923076923077 0.07211538461538461