0 0.2764423076923077 0.28966346153846156 0.11538461538461539 0.07692307692307693
0 0.8173076923076923 0.3449519230769231 0.1875 0.10817307692307693
1 0.8774038461538461 0.05048076923076923 0.10096153846153846 0.07692307692307693
1 0.921875 0.21875 0.11778846153846154 0.07211538461538461
0 0.5168269230769231 0.9435096153846154 0.22115384615384615 0.11298076923076923
0 0.4543269230769231 0.7884615384615384 0.1971153846153846 0.08653846153846154
0 0.15625 0.6766826923076923 0.17307692307692307 0.09375
1 0.20432692307692307 0.7692307692307693 0.10096153846153846 0.07692307692307693
1 0.24879807692307693 0.9375 0.11778846153846154 0.07211538461538461
1 0.4074519230769231 0.6911057692307693 0.17067307692307693 0.08173076923076923
1 0.5697115384615384 0.6225961538461539 0.1201923076923077 0.04807692307692308
1 0.7572115384615384 0.8810096153846154 0.11538461538461539 0.057692307692307696
1 0.9399038461538461 0.8052884615384616 0.1201923076923077 0.09134615384615384
1 0.7608173076923077 0.6887019230769231 0.11057692307692307 0.0673076923076923
0 0.6814903846153846 0.9326923076923077 0.04567307692307692 0.07211538461538461
0 0.9122596153846154 0.6105769230769231 0.17548076923076922 0.02403846153846154
0 0.9591346153846154 0.9038461538461539 0.08173076923076923 0.09615384615384616