0 0.8088942307692307 0.09375 0.06490384615384616 0.12740384615384615
1 0.12259615384615384 0.6105769230769231 0.07692307692307693 0.12740384615384615
1 0.22716346153846154 0.6298076923076923 0.07692307692307693 0.11538461538461539
1 0.3088942307692308 0.7632211538461539 0.09134615384615384 0.125
1 0.021634615384615384 0.8713942307692307 0.04326923076923077 0.10817307692307693
0 0.9158653846153846 0.5612980769230769 0.0673076923076923 0.04567307692307692
0 0.8413461538461539 0.5829326923076923 0.052884615384615384 0.0889423076923077
0 0.7487980769230769 0.640625 0.07932692307692307 0.14903846153846154
0 0.8293269230769231 0.8016826923076923 0.04326923076923077 0.10096153846153846
0 0.6862980769230769 0.8810096153846154 0.08653846153846154 0.18509615384615385
0 0.7860576923076923 0.9362980769230769 0.09615384615384616 0.12740384615384615