1 0.47115384615384615 0.48677884615384615 0.11538461538461539 0.055288461538461536
1 0.4519230769230769 0.40865384615384615 0.08653846153846154 0.04807692307692308
1 0.38100961538461536 0.38461538461538464 0.07692307692307693 0.04807692307692308
1 0.35096153846153844 0.41586538461538464 0.07692307692307693 0.04326923076923077
1 0.3269230769230769 0.4891826923076923 0.07211538461538461 0.06490384615384616
1 0.21875 0.5144230769230769 0.07692307692307693 0.04807692307692308
1 0.05889423076923077 0.5120192307692307 0.07932692307692307 0.052884615384615384
1 0.1502403846153846 0.3942307692307692 0.09134615384615384 0.057692307692307696
0 0.9735576923076923 0.04567307692307692 0.052884615384615384 0.03365384615384615
0 0.8882211538461539 0.125 0.10096153846153846 0.0625
0 0.11057692307692307 0.9903846153846154 0.10096153846153846 0.019230769230769232
0 0.10817307692307693 0.9411057692307693 0.07692307692307693 0.04807692307692308
0 0.2980769230769231 0.8173076923076923 0.15865384615384615 0.08653846153846154
0 0.06490384615384616 0.8173076923076923 0.12980769230769232 0.10096153846153846
1 0.8762019230769231 0.9266826923076923 0.10817307692307693 0.0625