1 0.6670673076923077 0.0673076923076923 0.0625 0.10576923076923077
1 0.6526442307692307 0.2548076923076923 0.057692307692307696 0.11057692307692307
1 0.5625 0.31971153846153844 0.028846153846153848 0.14903846153846154
0 0.7572115384615384 0.3425480769230769 0.07211538461538461 0.17067307692307693
1 0.02283653846153846 0.6706730769230769 0.04326923076923077 0.08653846153846154
1 0.12379807692307693 0.734375 0.04807692307692308 0.07692307692307693
1 0.020432692307692308 0.8545673076923077 0.040865384615384616 0.08413461538461539
1 0.0985576923076923 0.9290865384615384 0.04807692307692308 0.07692307692307693
1 0.8533653846153846 0.5444711538461539 0.057692307692307696 0.09375
1 0.9819711538461539 0.5865384615384616 0.036057692307692304 0.08173076923076923
1 0.8389423076923077 0.7956730769230769 0.0625 0.11057692307692307