1 0.34375 0.36778846153846156 0.04807692307692308 0.09615384615384616
1 0.8701923076923077 0.27524038461538464 0.057692307692307696 0.11538461538461539
1 0.6262019230769231 0.11298076923076923 0.03365384615384615 0.08173076923076923
0 0.43028846153846156 0.9651442307692307 0.07692307692307693 0.06971153846153846
0 0.2247596153846154 0.8269230769230769 0.09615384615384616 0.16826923076923078
0 0.09014423076923077 0.6478365384615384 0.08413461538461539 0.15865384615384615
0 0.296875 0.5853365384615384 0.057692307692307696 0.11538461538461539
0 0.3629807692307692 0.6502403846153846 0.055288461538461536 0.11057692307692307
0 0.42908653846153844 0.6754807692307693 0.0625 0.125
0 0.7439903846153846 0.9230769230769231 0.08653846153846154 0.07211538461538461
0 0.8617788461538461 0.9519230769230769 0.06009615384615385 0.0673076923076923
0 0.8125 0.9122596153846154 0.04326923076923077 0.11057692307692307
0 0.8725961538461539 0.8100961538461539 0.08413461538461539 0.11778846153846154