1 0.05889423076923077 0.1502403846153846 0.05048076923076923 0.10096153846153846
1 0.0985576923076923 0.35336538461538464 0.0625 0.11057692307692307
0 0.5685096153846154 0.3137019230769231 0.055288461538461536 0.1466346153846154
1 0.05048076923076923 0.9483173076923077 0.0673076923076923 0.10336538461538461
1 0.16947115384615385 0.7319711538461539 0.08173076923076923 0.125
1 0.20192307692307693 0.5925480769230769 0.0625 0.10336538461538461
1 0.0889423076923077 0.4699519230769231 0.0625 0.021634615384615384
1 0.07211538461538461 0.6213942307692307 0.06009615384615385 0.10576923076923077
1 0.3786057692307692 0.6021634615384616 0.052884615384615384 0.08413461538461539
1 0.42427884615384615 0.5228365384615384 0.04567307692307692 0.07211538461538461
1 0.41466346153846156 0.47836538461538464 0.05048076923076923 0.038461538461538464
1 0.53125 0.47475961538461536 0.04326923076923077 0.03125