0 0.25600961538461536 0.23197115384615385 0.10576923076923077 0.07451923076923077
1 0.020432692307692308 0.5697115384615384 0.040865384615384616 0.07692307692307693
1 0.15745192307692307 0.6610576923076923 0.14423076923076922 0.08173076923076923
1 0.2644230769230769 0.7427884615384616 0.13221153846153846 0.07451923076923077
1 0.3581730769230769 0.8365384615384616 0.10576923076923077 0.0625
1 0.23317307692307693 0.5817307692307693 0.11057692307692307 0.0625
1 0.0985576923076923 0.5024038461538461 0.10576923076923077 0.055288461538461536
1 0.21754807692307693 0.38822115384615385 0.10576923076923077 0.0673076923076923
1 0.28966346153846156 0.4963942307692308 0.11057692307692307 0.052884615384615384
1 0.39302884615384615 0.3798076923076923 0.13942307692307693 0.09134615384615384
1 0.45072115384615385 0.47596153846153844 0.13942307692307693 0.07692307692307693
0 0.042067307692307696 0.7451923076923077 0.08413461538461539 0.12980769230769232
0 0.0625 0.375 0.125 0.09134615384615384
0 0.36538461538461536 0.5985576923076923 0.16346153846153846 0.10576923076923077
0 0.5072115384615384 0.6610576923076923 0.10096153846153846 0.13942307692307693
0 0.6237980769230769 0.5120192307692307 0.13221153846153846 0.0673076923076923