1 0.3485576923076923 0.11899038461538461 0.055288461538461536 0.09615384615384616
1 0.4651442307692308 0.06370192307692307 0.04927884615384615 0.09615384615384616
1 0.5444711538461539 0.125 0.0625 0.09975961538461539
1 0.6045673076923077 0.21394230769230768 0.05048076923076923 0.08533653846153846
1 0.6875 0.33774038461538464 0.046875 0.06850961538461539
1 0.7487980769230769 0.4807692307692308 0.056490384615384616 0.0829326923076923
1 0.6574519230769231 0.4675480769230769 0.056490384615384616 0.0889423076923077
1 0.5516826923076923 0.4651442307692308 0.051682692307692304 0.10336538461538461
1 0.4675480769230769 0.43990384615384615 0.052884615384615384 0.09375
1 0.5144230769230769 0.30408653846153844 0.05048076923076923 0.0829326923076923
1 0.47596153846153844 0.18509615384615385 0.06971153846153846 0.11057692307692307
1 0.31490384615384615 0.31971153846153844 0.04447115384615385 0.08533653846153846
1 0.4074519230769231 0.31850961538461536 0.04567307692307692 0.0889423076923077
1 0.421875 0.43509615384615385 0.03485576923076923 0.06850961538461539
1 0.49038461538461536 0.5661057692307693 0.04567307692307692 0.0829326923076923
1 0.2704326923076923 0.2091346153846154 0.0625 0.09375
0 0.38100961538461536 0.6622596153846154 0.08774038461538461 0.15625
0 0.6442307692307693 0.2127403846153846 0.051682692307692304 0.1310096153846154
0 0.21995192307692307 0.15384615384615385 0.078125 0.08413461538461539
0 0.6177884615384616 0.38221153846153844 0.038461538461538464 0.1346153846153846