0 0.04447115384615385 0.20072115384615385 0.0889423076923077 0.055288461538461536
1 0.6610576923076923 0.17908653846153846 0.08653846153846154 0.04807692307692308
1 0.13942307692307693 0.7427884615384616 0.10576923076923077 0.08173076923076923
1 0.17668269230769232 0.8581730769230769 0.12980769230769232 0.0673076923076923
1 0.3293269230769231 0.6814903846153846 0.1201923076923077 0.0625
1 0.3545673076923077 0.8052884615384616 0.12740384615384615 0.0625
1 0.390625 0.9278846153846154 0.055288461538461536 0.09134615384615384
0 0.046875 0.5348557692307693 0.09375 0.11298076923076923
0 0.3293269230769231 0.5180288461538461 0.1201923076923077 0.0625
1 0.5120192307692307 0.6694711538461539 0.10096153846153846 0.06009615384615385
1 0.5504807692307693 0.5408653846153846 0.07451923076923077 0.040865384615384616
1 0.7620192307692307 0.6875 0.11778846153846154 0.0673076923076923