0 0.14903846153846154 0.6526442307692307 0.0625 0.05048076923076923
0 0.08653846153846154 0.5769230769230769 0.07451923076923077 0.1201923076923077
0 0.7992788461538461 0.45072115384615385 0.0673076923076923 0.11538461538461539
0 0.8545673076923077 0.5600961538461539 0.0673076923076923 0.12980769230769232
1 0.28125 0.9723557692307693 0.04326923076923077 0.055288461538461536
1 0.1045673076923077 0.9639423076923077 0.04567307692307692 0.07211538461538461
1 0.21514423076923078 0.8497596153846154 0.04807692307692308 0.08653846153846154
1 0.12860576923076922 0.7764423076923077 0.05048076923076923 0.08653846153846154
0 0.8125 0.9603365384615384 0.04807692307692308 0.07932692307692307
0 0.9362980769230769 0.9230769230769231 0.07932692307692307 0.0985576923076923
0 0.6754807692307693 0.875 0.08653846153846154 0.17307692307692307
0 0.7704326923076923 0.7872596153846154 0.09134615384615384 0.1875