0 0.2860576923076923 0.28125 0.16346153846153846 0.08653846153846154
0 0.33653846153846156 0.07572115384615384 0.10817307692307693 0.0673076923076923
0 0.2704326923076923 0.018028846153846152 0.10817307692307693 0.036057692307692304
0 0.09495192307692307 0.140625 0.17307692307692307 0.0889423076923077
0 0.5444711538461539 0.037259615384615384 0.11538461538461539 0.052884615384615384
0 0.5264423076923077 0.15384615384615385 0.0889423076923077 0.0625
0 0.030048076923076924 0.5961538461538461 0.06009615384615385 0.052884615384615384
0 0.11298076923076923 0.6141826923076923 0.07211538461538461 0.08653846153846154
0 0.02403846153846154 0.5492788461538461 0.04807692307692308 0.036057692307692304
0 0.08413461538461539 0.4963942307692308 0.0673076923076923 0.06009615384615385
0 0.12379807692307693 0.5456730769230769 0.11057692307692307 0.04326923076923077
0 0.22596153846153846 0.4855769230769231 0.11778846153846154 0.08413461538461539