0 0.14903846153846154 0.21754807692307693 0.09615384615384616 0.07932692307692307
0 0.3245192307692308 0.2548076923076923 0.08173076923076923 0.0889423076923077
0 0.6598557692307693 0.421875 0.05048076923076923 0.028846153846153848
0 0.6959134615384616 0.33413461538461536 0.10096153846153846 0.0625
0 0.7475961538461539 0.49158653846153844 0.09375 0.052884615384615384
1 0.19471153846153846 0.8221153846153846 0.06971153846153846 0.04326923076923077
1 0.2668269230769231 0.7728365384615384 0.08173076923076923 0.04567307692307692
1 0.35336538461538464 0.8269230769230769 0.07211538461538461 0.038461538461538464
1 0.47836538461538464 0.7956730769230769 0.07211538461538461 0.038461538461538464
1 0.5 0.8834134615384616 0.0889423076923077 0.052884615384615384
1 0.39663461538461536 0.9170673076923077 0.06971153846153846 0.038461538461538464
1 0.28966346153846156 0.8834134615384616 0.0673076923076923 0.03125
1 0.234375 0.9302884615384616 0.0625 0.03125
1 0.37259615384615385 0.9927884615384616 0.0673076923076923 0.014423076923076924
1 0.5913461538461539 0.8197115384615384 0.03365384615384615 0.052884615384615384
1 0.90625 0.7992788461538461 0.06971153846153846 0.04326923076923077
1 0.8725961538461539 0.6286057692307693 0.10576923076923077 0.021634615384615384