1 0.2548076923076923 0.0625 0.10096153846153846 0.04807692307692308
1 0.30649038461538464 0.13942307692307693 0.09134615384615384 0.05048076923076923
1 0.23918269230769232 0.24158653846153846 0.07692307692307693 0.04567307692307692
1 0.12139423076923077 0.13341346153846154 0.08173076923076923 0.04807692307692308
1 0.040865384615384616 0.21634615384615385 0.08173076923076923 0.04807692307692308
1 0.9819711538461539 0.03245192307692308 0.036057692307692304 0.04567307692307692
1 0.9771634615384616 0.08774038461538461 0.04567307692307692 0.05048076923076923
1 0.9603365384615384 0.17067307692307693 0.07932692307692307 0.0625
1 0.9182692307692307 0.17668269230769232 0.07211538461538461 0.052884615384615384
1 0.8930288461538461 0.25 0.11538461538461539 0.04807692307692308
1 0.8329326923076923 0.11538461538461539 0.11538461538461539 0.04807692307692308
1 0.90625 0.010817307692307692 0.07692307692307693 0.021634615384615384
1 0.8449519230769231 0.037259615384615384 0.09615384615384616 0.052884615384615384
1 0.703125 0.018028846153846152 0.11298076923076923 0.036057692307692304
1 0.75 0.02403846153846154 0.0673076923076923 0.04326923076923077
1 0.6322115384615384 0.1201923076923077 0.11057692307692307 0.055288461538461536
1 0.6105769230769231 0.18870192307692307 0.07692307692307693 0.04807692307692308
1 0.7043269230769231 0.20673076923076922 0.10817307692307693 0.052884615384615384
1 0.7355769230769231 0.2403846153846154 0.07211538461538461 0.04807692307692308
0 0.36538461538461536 0.7211538461538461 0.04807692307692308 0.11057692307692307
0 0.057692307692307696 0.7524038461538461 0.11538461538461539 0.07211538461538461
0 0.31009615384615385 0.5432692307692307 0.15865384615384615 0.10096153846153846
0 0.296875 0.4639423076923077 0.18509615384615385 0.04807692307692308
0 0.8076923076923077 0.5853365384615384 0.10096153846153846 0.0673076923076923