1 0.2704326923076923 0.2091346153846154 0.06610576923076923 0.09254807692307693
1 0.35096153846153844 0.125 0.06370192307692307 0.09375
1 0.4651442307692308 0.06129807692307692 0.04326923076923077 0.0733173076923077
1 0.47716346153846156 0.18870192307692307 0.052884615384615384 0.10697115384615384
1 0.546875 0.12740384615384615 0.051682692307692304 0.09495192307692307
1 0.3161057692307692 0.32091346153846156 0.036057692307692304 0.07451923076923077
1 0.4110576923076923 0.3125 0.037259615384615384 0.07211538461538461
1 0.5144230769230769 0.3076923076923077 0.036057692307692304 0.07451923076923077
1 0.6057692307692307 0.21514423076923078 0.039663461538461536 0.06610576923076923
1 0.4266826923076923 0.4362980769230769 0.037259615384615384 0.07572115384615384
1 0.4675480769230769 0.4362980769230769 0.06009615384615385 0.0829326923076923
1 0.5492788461538461 0.4675480769230769 0.055288461538461536 0.10697115384615384
1 0.6574519230769231 0.46875 0.04807692307692308 0.09254807692307693
1 0.6826923076923077 0.33653846153846156 0.036057692307692304 0.06490384615384616
1 0.7524038461538461 0.4831730769230769 0.04447115384615385 0.06610576923076923
1 0.49158653846153844 0.5625 0.03365384615384615 0.07692307692307693
0 0.22355769230769232 0.14903846153846154 0.07451923076923077 0.0889423076923077
0 0.6430288461538461 0.21394230769230768 0.04326923076923077 0.12740384615384615
0 0.6105769230769231 0.3858173076923077 0.039663461538461536 0.140625
0 0.3858173076923077 0.6634615384615384 0.0829326923076923 0.09975961538461539