1 0.7079326923076923 0.38461538461538464 0.021634615384615384 0.08653846153846154
1 0.6466346153846154 0.33533653846153844 0.04807692307692308 0.09615384615384616
1 0.5444711538461539 0.40024038461538464 0.04807692307692308 0.08653846153846154
1 0.6490384615384616 0.5216346153846154 0.04807692307692308 0.09615384615384616
1 0.5685096153846154 0.5961538461538461 0.04807692307692308 0.08653846153846154
0 0.9831730769230769 0.12620192307692307 0.03365384615384615 0.15625
0 0.9711538461538461 0.35336538461538464 0.057692307692307696 0.12980769230769232
0 0.36658653846153844 0.7211538461538461 0.13221153846153846 0.14423076923076922
0 0.5204326923076923 0.7512019230769231 0.1201923076923077 0.10336538461538461
0 0.6081730769230769 0.8822115384615384 0.08173076923076923 0.23557692307692307
0 0.32211538461538464 0.9567307692307693 0.16826923076923078 0.08653846153846154
0 0.9399038461538461 0.6682692307692307 0.10576923076923077 0.038461538461538464
0 0.9206730769230769 0.8112980769230769 0.11778846153846154 0.14903846153846154