1 0.2692307692307692 0.2127403846153846 0.04326923076923077 0.09975961538461539
1 0.34975961538461536 0.12740384615384615 0.052884615384615384 0.09375
1 0.46634615384615385 0.0673076923076923 0.040865384615384616 0.07572115384615384
1 0.5456730769230769 0.12980769230769232 0.04807692307692308 0.09495192307692307
1 0.47836538461538464 0.18509615384615385 0.052884615384615384 0.10216346153846154
1 0.6069711538461539 0.21634615384615385 0.037259615384615384 0.07692307692307693
1 0.5180288461538461 0.31009615384615385 0.040865384615384616 0.06610576923076923
1 0.6850961538461539 0.34134615384615385 0.039663461538461536 0.08533653846153846
1 0.41346153846153844 0.3161057692307692 0.039663461538461536 0.06490384615384616
1 0.3161057692307692 0.3233173076923077 0.04447115384615385 0.07211538461538461
1 0.7512019230769231 0.484375 0.04326923076923077 0.07932692307692307
1 0.6550480769230769 0.46634615384615385 0.04807692307692308 0.09615384615384616
1 0.5504807692307693 0.4639423076923077 0.04567307692307692 0.09014423076923077
1 0.4639423076923077 0.4411057692307692 0.04807692307692308 0.0889423076923077
1 0.42427884615384615 0.43509615384615385 0.038461538461538464 0.06850961538461539
1 0.49158653846153844 0.5673076923076923 0.042067307692307696 0.0733173076923077
0 0.21995192307692307 0.15745192307692307 0.07932692307692307 0.08413461538461539
0 0.6382211538461539 0.2127403846153846 0.04326923076923077 0.12860576923076922
0 0.6141826923076923 0.38822115384615385 0.03125 0.14182692307692307
0 0.38461538461538464 0.6598557692307693 0.0733173076923077 0.1045673076923077