0 0.265625 0.3269230769230769 0.20432692307692307 0.07692307692307693
0 0.06129807692307692 0.40384615384615385 0.12259615384615384 0.14423076923076922
1 0.9711538461538461 0.45913461538461536 0.057692307692307696 0.04326923076923077
1 0.9483173076923077 0.42788461538461536 0.07211538461538461 0.03365384615384615
1 0.9194711538461539 0.35336538461538464 0.0625 0.06490384615384616
1 0.9711538461538461 0.2644230769230769 0.057692307692307696 0.057692307692307696
1 0.9134615384615384 0.125 0.11057692307692307 0.06009615384615385
1 0.8269230769230769 0.16105769230769232 0.08653846153846154 0.052884615384615384
1 0.8617788461538461 0.20072115384615385 0.08653846153846154 0.052884615384615384
1 0.9026442307692307 0.24278846153846154 0.10096153846153846 0.057692307692307696
1 0.9182692307692307 0.29927884615384615 0.10096153846153846 0.057692307692307696
1 0.8112980769230769 0.3317307692307692 0.07692307692307693 0.04807692307692308
1 0.7439903846153846 0.4519230769230769 0.10096153846153846 0.052884615384615384
1 0.6502403846153846 0.33653846153846156 0.08173076923076923 0.04807692307692308
0 0.859375 0.578125 0.11298076923076923 0.057692307692307696
0 0.8161057692307693 0.7512019230769231 0.15384615384615385 0.07211538461538461
0 0.6454326923076923 0.5733173076923077 0.08653846153846154 0.052884615384615384
0 0.5348557692307693 0.6538461538461539 0.1201923076923077 0.057692307692307696
0 0.5649038461538461 0.7512019230769231 0.17307692307692307 0.09615384615384616