1 0.19951923076923078 0.34975961538461536 0.055288461538461536 0.11057692307692307
1 0.27524038461538464 0.41947115384615385 0.05048076923076923 0.06009615384615385
1 0.4735576923076923 0.421875 0.04326923076923077 0.055288461538461536
1 0.4074519230769231 0.3786057692307692 0.055288461538461536 0.10096153846153846
1 0.3401442307692308 0.2439903846153846 0.04326923076923077 0.07451923076923077
1 0.24519230769230768 0.2439903846153846 0.038461538461538464 0.07692307692307693
1 0.44471153846153844 0.25721153846153844 0.04567307692307692 0.0625
1 0.6165865384615384 0.22115384615384615 0.04326923076923077 0.0673076923076923
1 0.4807692307692308 0.10216346153846154 0.05048076923076923 0.08653846153846154
1 0.34975961538461536 0.13341346153846154 0.04567307692307692 0.08173076923076923
1 0.3918269230769231 0.12379807692307693 0.055288461538461536 0.09134615384615384
1 0.5889423076923077 0.09134615384615384 0.057692307692307696 0.08173076923076923
1 0.4182692307692308 0.019230769230769232 0.04326923076923077 0.038461538461538464
1 0.5372596153846154 0.3485576923076923 0.04807692307692308 0.07451923076923077
0 0.5396634615384616 0.17668269230769232 0.036057692307692304 0.14182692307692307
0 0.5733173076923077 0.34975961538461536 0.04326923076923077 0.12740384615384615
0 0.1466346153846154 0.4098557692307692 0.08653846153846154 0.07932692307692307
1 0.18509615384615385 0.859375 0.0673076923076923 0.1201923076923077
1 0.28846153846153844 0.8461538461538461 0.04807692307692308 0.09615384615384616
0 0.8966346153846154 0.6790865384615384 0.06490384615384616 0.1201923076923077