1 0.10096153846153846 0.1935096153846154 0.0625 0.10096153846153846
1 0.8257211538461539 0.15865384615384615 0.06490384615384616 0.1346153846153846
1 0.6622596153846154 0.14903846153846154 0.0889423076923077 0.125
1 0.31850961538461536 0.9543269230769231 0.06490384615384616 0.09134615384615384
1 0.22956730769230768 0.9206730769230769 0.08653846153846154 0.10817307692307693
0 0.21634615384615385 0.6838942307692307 0.11298076923076923 0.3125
0 0.06610576923076923 0.8545673076923077 0.07692307692307693 0.18990384615384615
0 0.38221153846153844 0.8485576923076923 0.03365384615384615 0.1971153846153846
0 0.8293269230769231 0.8665865384615384 0.13942307692307693 0.22115384615384615
0 0.9362980769230769 0.5528846153846154 0.10817307692307693 0.0673076923076923
0 0.6610576923076923 0.8028846153846154 0.0889423076923077 0.1971153846153846
0 0.5492788461538461 0.5552884615384616 0.09375 0.07211538461538461
1 0.4423076923076923 0.5733173076923077 0.0625 0.10817307692307693
1 0.6418269230769231 0.5612980769230769 0.07692307692307693 0.08413461538461539
1 0.8100961538461539 0.5973557692307693 0.07211538461538461 0.11778846153846154
1 0.5637019230769231 0.7560096153846154 0.08173076923076923 0.17067307692307693
1 0.49038461538461536 0.9182692307692307 0.057692307692307696 0.1201923076923077