0 0.32572115384615385 0.32572115384615385 0.036057692307692304 0.04567307692307692
0 0.3389423076923077 0.21394230769230768 0.0625 0.0625
0 0.43509615384615385 0.17307692307692307 0.0625 0.038461538461538464
0 0.6706730769230769 0.20192307692307693 0.09615384615384616 0.04807692307692308
0 0.6454326923076923 0.28725961538461536 0.04807692307692308 0.028846153846153848
0 0.47475961538461536 0.39903846153846156 0.07692307692307693 0.04326923076923077
0 0.734375 0.36778846153846156 0.09134615384615384 0.0625
1 0.055288461538461536 0.9735576923076923 0.07692307692307693 0.04807692307692308
1 0.21394230769230768 0.9723557692307693 0.07932692307692307 0.052884615384615384
1 0.12379807692307693 0.8533653846153846 0.09134615384615384 0.057692307692307696
1 0.7019230769230769 0.7788461538461539 0.08413461538461539 0.04567307692307692
1 0.6646634615384616 0.5889423076923077 0.10096153846153846 0.04807692307692308
1 0.8545673076923077 0.6526442307692307 0.1201923076923077 0.0673076923076923