0 0.18990384615384615 0.33653846153846156 0.038461538461538464 0.06009615384615385
1 0.9266826923076923 0.22355769230769232 0.0625 0.11538461538461539
1 0.7524038461538461 0.3449519230769231 0.07211538461538461 0.04567307692307692
1 0.8052884615384616 0.20432692307692307 0.0625 0.11298076923076923
1 0.6742788461538461 0.12740384615384615 0.09134615384615384 0.1466346153846154
1 0.7548076923076923 0.025240384615384616 0.0625 0.05048076923076923
1 0.8846153846153846 0.04447115384615385 0.07211538461538461 0.0889423076923077
1 0.4254807692307692 0.9483173076923077 0.0673076923076923 0.10336538461538461
1 0.34134615384615385 0.7800480769230769 0.057692307692307696 0.0985576923076923
1 0.06850961538461539 0.921875 0.09375 0.15625
1 0.19591346153846154 0.6430288461538461 0.07211538461538461 0.1346153846153846
1 0.3088942307692308 0.6394230769230769 0.07211538461538461 0.0985576923076923
1 0.19951923076923078 0.5084134615384616 0.06971153846153846 0.12980769230769232
1 0.046875 0.5012019230769231 0.07692307692307693 0.13942307692307693
1 0.47115384615384615 0.5336538461538461 0.057692307692307696 0.1201923076923077
1 0.8293269230769231 0.9759615384615384 0.04326923076923077 0.04807692307692308
1 0.6887019230769231 0.7872596153846154 0.06490384615384616 0.11057692307692307