1 0.5600961538461539 0.055288461538461536 0.042067307692307696 0.08413461538461539
1 0.6286057692307693 0.1346153846153846 0.04807692307692308 0.09735576923076923
1 0.6899038461538461 0.21995192307692307 0.04927884615384615 0.07451923076923077
1 0.4579326923076923 0.09014423076923077 0.03125 0.07211538461538461
1 0.5168269230769231 0.17548076923076922 0.036057692307692304 0.06009615384615385
1 0.46274038461538464 0.25240384615384615 0.04326923076923077 0.0625
1 0.5625 0.30288461538461536 0.04326923076923077 0.056490384615384616
1 0.6310096153846154 0.3317307692307692 0.04807692307692308 0.09134615384615384
1 0.6658653846153846 0.4651442307692308 0.051682692307692304 0.09615384615384616
1 0.6430288461538461 0.6129807692307693 0.04447115384615385 0.09615384615384616
1 0.5805288461538461 0.5204326923076923 0.05889423076923077 0.10336538461538461
1 0.5336538461538461 0.38100961538461536 0.037259615384615384 0.0625
1 0.46875 0.43149038461538464 0.03125 0.07451923076923077
1 0.5108173076923077 0.5096153846153846 0.046875 0.09134615384615384