0 0.4879807692307692 0.25240384615384615 0.030048076923076924 0.11177884615384616
0 0.5492788461538461 0.3786057692307692 0.08173076923076923 0.08653846153846154
0 0.4362980769230769 0.35216346153846156 0.06850961538461539 0.06370192307692307
0 0.4206730769230769 0.4807692307692308 0.08653846153846154 0.0985576923076923
0 0.48677884615384615 0.390625 0.039663461538461536 0.109375
0 0.515625 0.46274038461538464 0.039663461538461536 0.09735576923076923
1 0.5673076923076923 0.4855769230769231 0.04927884615384615 0.09254807692307693
1 0.59375 0.15384615384615385 0.040865384615384616 0.10336538461538461
1 0.39663461538461536 0.055288461538461536 0.046875 0.0733173076923077
1 0.3786057692307692 0.24639423076923078 0.054086538461538464 0.08533653846153846
1 0.4411057692307692 0.203125 0.03245192307692308 0.07211538461538461
1 0.3449519230769231 0.35336538461538464 0.03125 0.057692307692307696
1 0.3449519230769231 0.5192307692307693 0.054086538461538464 0.10096153846153846