1 0.40384615384615385 0.27884615384615385 0.028846153846153848 0.04326923076923077
1 0.7283653846153846 0.04927884615384615 0.15865384615384615 0.08653846153846154
1 0.8485576923076923 0.1346153846153846 0.12980769230769232 0.08173076923076923
1 0.9735576923076923 0.21995192307692307 0.052884615384615384 0.06490384615384616
1 0.9074519230769231 0.28725961538461536 0.1201923076923077 0.0625
1 0.7596153846153846 0.21153846153846154 0.11538461538461539 0.06490384615384616
1 0.7139423076923077 0.296875 0.11538461538461539 0.0625
1 0.7692307692307693 0.4014423076923077 0.0985576923076923 0.07211538461538461
1 0.6021634615384616 0.4098557692307692 0.13942307692307693 0.07932692307692307
1 0.5456730769230769 0.3137019230769231 0.13942307692307693 0.07932692307692307
0 0.9555288461538461 0.055288461538461536 0.0889423076923077 0.11057692307692307
0 0.4795673076923077 0.13341346153846154 0.12259615384615384 0.14182692307692307
0 0.9423076923076923 0.4326923076923077 0.11538461538461539 0.125
1 0.37259615384615385 0.7331730769230769 0.09134615384615384 0.07211538461538461
1 0.3389423076923077 0.8629807692307693 0.14903846153846154 0.10336538461538461
1 0.11057692307692307 0.8112980769230769 0.1201923076923077 0.07932692307692307
0 0.28725961538461536 0.6394230769230769 0.21153846153846154 0.07211538461538461
1 0.9230769230769231 0.9591346153846154 0.07211538461538461 0.04807692307692308