1 0.11177884615384616 0.12860576923076922 0.10576923076923077 0.06009615384615385
1 0.13942307692307693 0.20432692307692307 0.07211538461538461 0.05048076923076923
1 0.21033653846153846 0.22716346153846154 0.08173076923076923 0.05048076923076923
1 0.2403846153846154 0.19591346153846154 0.07932692307692307 0.04326923076923077
1 0.26802884615384615 0.125 0.0673076923076923 0.06490384615384616
1 0.20432692307692307 0.03485576923076923 0.11057692307692307 0.0673076923076923
1 0.265625 0.0673076923076923 0.09615384615384616 0.057692307692307696
1 0.27884615384615385 0.021634615384615384 0.09615384615384616 0.04326923076923077
1 0.34615384615384615 0.10096153846153846 0.02403846153846154 0.04326923076923077
0 0.22115384615384615 0.7908653846153846 0.19471153846153846 0.07692307692307693
0 0.2620192307692308 0.6947115384615384 0.1875 0.0673076923076923
0 0.13701923076923078 0.953125 0.15384615384615385 0.09375
0 0.3088942307692308 0.9699519230769231 0.0985576923076923 0.06009615384615385
0 0.40024038461538464 0.7283653846153846 0.08413461538461539 0.07211538461538461
0 0.4362980769230769 0.6262019230769231 0.10817307692307693 0.052884615384615384
0 0.5240384615384616 0.7019230769230769 0.0625 0.07692307692307693
0 0.8004807692307693 0.7331730769230769 0.1346153846153846 0.052884615384615384
0 0.7151442307692307 0.6514423076923077 0.125 0.04807692307692308
0 0.7283653846153846 0.5180288461538461 0.10096153846153846 0.09615384615384616
0 0.4483173076923077 0.5084134615384616 0.08173076923076923 0.07692307692307693