1 0.09254807692307693 0.06610576923076923 0.055288461538461536 0.125
1 0.18028846153846154 0.038461538461538464 0.04326923076923077 0.07692307692307693
1 0.2776442307692308 0.052884615384615384 0.04326923076923077 0.07211538461538461
0 0.45913461538461536 0.042067307692307696 0.0625 0.08413461538461539
0 0.3557692307692308 0.08413461538461539 0.052884615384615384 0.13942307692307693
0 0.21995192307692307 0.1045673076923077 0.07211538461538461 0.09375
1 0.1971153846153846 0.5721153846153846 0.0625 0.125
1 0.29927884615384615 0.5757211538461539 0.04567307692307692 0.10336538461538461
0 0.9771634615384616 0.9543269230769231 0.04567307692307692 0.0673076923076923
0 0.9278846153846154 0.7596153846153846 0.07692307692307693 0.07692307692307693
0 0.9711538461538461 0.59375 0.055288461538461536 0.125