1 0.43149038461538464 0.31971153846153844 0.09615384615384616 0.06490384615384616
1 0.5144230769230769 0.2403846153846154 0.09615384615384616 0.055288461538461536
1 0.5600961538461539 0.12139423076923077 0.038461538461538464 0.040865384615384616
1 0.5144230769230769 0.046875 0.09615384615384616 0.04807692307692308
1 0.4579326923076923 0.10697115384615384 0.10096153846153846 0.052884615384615384
1 0.3245192307692308 0.17908653846153846 0.0673076923076923 0.04326923076923077
1 0.31850961538461536 0.27283653846153844 0.0673076923076923 0.028846153846153848
1 0.20673076923076922 0.16826923076923078 0.07932692307692307 0.040865384615384616
1 0.19591346153846154 0.1201923076923077 0.08173076923076923 0.04567307692307692
1 0.33653846153846156 0.07211538461538461 0.0625 0.04326923076923077
1 0.17307692307692307 0.036057692307692304 0.08653846153846154 0.052884615384615384
1 0.07211538461538461 0.09495192307692307 0.07692307692307693 0.04567307692307692
0 0.4879807692307692 0.36778846153846156 0.08173076923076923 0.07692307692307693
0 0.016826923076923076 0.20432692307692307 0.03365384615384615 0.07211538461538461
0 0.055288461538461536 0.8305288461538461 0.0673076923076923 0.08173076923076923
0 0.25 0.8990384615384616 0.07692307692307693 0.07692307692307693
0 0.41586538461538464 0.8557692307692307 0.125 0.052884615384615384
0 0.38461538461538464 0.6237980769230769 0.07211538461538461 0.07692307692307693
0 0.8834134615384616 0.5048076923076923 0.0985576923076923 0.03365384615384615
0 0.9206730769230769 0.5817307692307693 0.09375 0.07211538461538461