1 0.14903846153846154 0.23918269230769232 0.051682692307692304 0.08173076923076923
1 0.23076923076923078 0.09735576923076923 0.04567307692307692 0.09014423076923077
1 0.42908653846153844 0.23918269230769232 0.06009615384615385 0.12379807692307693
1 0.5072115384615384 0.2644230769230769 0.046875 0.0829326923076923
1 0.5264423076923077 0.3329326923076923 0.04567307692307692 0.078125
1 0.4987980769230769 0.3701923076923077 0.037259615384615384 0.06850961538461539
1 0.4230769230769231 0.39302884615384615 0.06850961538461539 0.07091346153846154
1 0.33653846153846156 0.32211538461538464 0.05889423076923077 0.09495192307692307
1 0.1971153846153846 0.3918269230769231 0.0625 0.10096153846153846
1 0.234375 0.4831730769230769 0.052884615384615384 0.08413461538461539
1 0.2668269230769231 0.44591346153846156 0.054086538461538464 0.07211538461538461
1 0.3112980769230769 0.4110576923076923 0.0673076923076923 0.109375
1 0.36778846153846156 0.390625 0.05889423076923077 0.10817307692307693
1 0.4050480769230769 0.5 0.04326923076923077 0.07451923076923077
1 0.5204326923076923 0.5661057692307693 0.056490384615384616 0.10216346153846154
1 0.40384615384615385 0.6598557692307693 0.04567307692307692 0.078125