0 0.44350961538461536 0.21754807692307693 0.052884615384615384 0.16826923076923078
0 0.5180288461538461 0.055288461538461536 0.021634615384615384 0.11057692307692307
0 0.9038461538461539 0.07692307692307693 0.04807692307692308 0.09615384615384616
0 0.8762019230769231 0.30408653846153844 0.10576923076923077 0.16826923076923078
0 0.7379807692307693 0.22355769230769232 0.0889423076923077 0.1466346153846154
0 0.96875 0.4170673076923077 0.0625 0.04567307692307692
0 0.4098557692307692 0.4567307692307692 0.07451923076923077 0.03365384615384615
0 0.2283653846153846 0.4951923076923077 0.052884615384615384 0.11057692307692307
1 0.5757211538461539 0.6935096153846154 0.04807692307692308 0.08173076923076923
1 0.6514423076923077 0.640625 0.05048076923076923 0.08413461538461539
1 0.7548076923076923 0.7103365384615384 0.05048076923076923 0.08173076923076923
1 0.6454326923076923 0.8257211538461539 0.04807692307692308 0.08173076923076923
1 0.7295673076923077 0.9038461538461539 0.04326923076923077 0.08173076923076923