1 0.03485576923076923 0.32091346153846156 0.04567307692307692 0.055288461538461536
1 0.046875 0.20072115384615385 0.057692307692307696 0.10576923076923077
1 0.11658653846153846 0.25841346153846156 0.052884615384615384 0.10096153846153846
1 0.17427884615384615 0.171875 0.04326923076923077 0.0625
1 0.08413461538461539 0.08533653846153846 0.04807692307692308 0.06971153846153846
1 0.25240384615384615 0.04807692307692308 0.036057692307692304 0.06971153846153846
0 0.21394230769230768 0.171875 0.052884615384615384 0.125
0 0.18269230769230768 0.036057692307692304 0.04326923076923077 0.07211538461538461
1 0.21754807692307693 0.9831730769230769 0.07451923076923077 0.03365384615384615
1 0.3629807692307692 0.9675480769230769 0.0625 0.06490384615384616
1 0.28966346153846156 0.7403846153846154 0.0673076923076923 0.12259615384615384
0 0.8701923076923077 0.8137019230769231 0.08413461538461539 0.10096153846153846