1 0.14182692307692307 0.10697115384615384 0.040865384615384616 0.08173076923076923
1 0.33052884615384615 0.14302884615384615 0.057692307692307696 0.09615384615384616
1 0.5408653846153846 0.31850961538461536 0.06971153846153846 0.09375
1 0.6466346153846154 0.23677884615384615 0.04807692307692308 0.13942307692307693
1 0.7704326923076923 0.24639423076923078 0.0673076923076923 0.1201923076923077
1 0.9711538461538461 0.28125 0.057692307692307696 0.11057692307692307
1 0.6995192307692307 0.07572115384615384 0.0625 0.15144230769230768
0 0.8173076923076923 0.3762019230769231 0.14423076923076922 0.12740384615384615
0 0.8870192307692307 0.20552884615384615 0.10576923076923077 0.14903846153846154
0 0.21995192307692307 0.9627403846153846 0.055288461538461536 0.07451923076923077
0 0.28125 0.8786057692307693 0.0625 0.11538461538461539
0 0.7524038461538461 0.9399038461538461 0.07211538461538461 0.0889423076923077
0 0.7632211538461539 0.8617788461538461 0.0673076923076923 0.0889423076923077