0 0.21153846153846154 0.028846153846153848 0.10576923076923077 0.057692307692307696
0 0.3641826923076923 0.0673076923076923 0.12740384615384615 0.11057692307692307
0 0.4206730769230769 0.10817307692307693 0.057692307692307696 0.1201923076923077
1 0.036057692307692304 0.24278846153846154 0.07211538461538461 0.0673076923076923
1 0.06971153846153846 0.3557692307692308 0.1201923076923077 0.07692307692307693
1 0.3233173076923077 0.4387019230769231 0.15384615384615385 0.09134615384615384
1 0.24759615384615385 0.30288461538461536 0.10817307692307693 0.07451923076923077
1 0.22355769230769232 0.18389423076923078 0.10817307692307693 0.06971153846153846
1 0.4014423076923077 0.2283653846153846 0.09615384615384616 0.08653846153846154
1 0.4266826923076923 0.3557692307692308 0.04567307692307692 0.07692307692307693
1 0.7259615384615384 0.5336538461538461 0.08653846153846154 0.04807692307692308
1 0.3798076923076923 0.7247596153846154 0.07211538461538461 0.04326923076923077
1 0.42788461538461536 0.7139423076923077 0.04326923076923077 0.04326923076923077
1 0.43509615384615385 0.6754807692307693 0.028846153846153848 0.04807692307692308
1 0.3870192307692308 0.6790865384615384 0.07451923076923077 0.04807692307692308
1 0.3233173076923077 0.6838942307692307 0.08173076923076923 0.052884615384615384