1 0.44711538461538464 0.10817307692307693 0.10576923076923077 0.057692307692307696
1 0.4074519230769231 0.22716346153846154 0.13701923076923078 0.07211538461538461
1 0.37259615384615385 0.3329326923076923 0.13701923076923078 0.06971153846153846
1 0.28125 0.26322115384615385 0.07692307692307693 0.057692307692307696
1 0.10336538461538461 0.28125 0.10336538461538461 0.04326923076923077
1 0.06009615384615385 0.20192307692307693 0.09375 0.06490384615384616
1 0.2668269230769231 0.1622596153846154 0.125 0.10096153846153846
1 0.28966346153846156 0.08173076923076923 0.12259615384615384 0.06009615384615385
1 0.2932692307692308 0.014423076923076924 0.14903846153846154 0.028846153846153848
1 0.040865384615384616 0.014423076923076924 0.08173076923076923 0.028846153846153848
1 0.05889423076923077 0.0673076923076923 0.11778846153846154 0.07692307692307693
1 0.7235576923076923 0.026442307692307692 0.15865384615384615 0.052884615384615384
1 0.6334134615384616 0.10576923076923077 0.12740384615384615 0.0673076923076923
0 0.953125 0.038461538461538464 0.09375 0.07692307692307693
1 0.3942307692307692 0.7764423076923077 0.09134615384615384 0.05048076923076923
1 0.7536057692307693 0.5036057692307693 0.08173076923076923 0.04807692307692308