1 0.24879807692307693 0.10336538461538461 0.040865384615384616 0.10336538461538461
1 0.06610576923076923 0.08653846153846154 0.0625 0.125
0 0.5661057692307693 0.12860576923076922 0.016826923076923076 0.10336538461538461
0 0.5745192307692307 0.22115384615384615 0.03365384615384615 0.08653846153846154
0 0.6286057692307693 0.125 0.02403846153846154 0.125
1 0.7427884615384616 0.019230769230769232 0.052884615384615384 0.038461538461538464
1 0.6790865384615384 0.1201923076923077 0.038461538461538464 0.06971153846153846
1 0.6358173076923077 0.02283653846153846 0.055288461538461536 0.04567307692307692
1 0.6670673076923077 0.2860576923076923 0.05048076923076923 0.08413461538461539
1 0.5949519230769231 0.3701923076923077 0.06009615384615385 0.09615384615384616
1 0.15504807692307693 0.5324519230769231 0.06009615384615385 0.06490384615384616
1 0.24278846153846154 0.5528846153846154 0.040865384615384616 0.08653846153846154
1 0.24278846153846154 0.7908653846153846 0.04326923076923077 0.08653846153846154
1 0.11778846153846154 0.8317307692307693 0.057692307692307696 0.10817307692307693
1 0.39302884615384615 0.8966346153846154 0.038461538461538464 0.08173076923076923
0 0.40024038461538464 0.6911057692307693 0.04807692307692308 0.1201923076923077
0 0.13581730769230768 0.6225961538461539 0.04807692307692308 0.13942307692307693
0 0.35216346153846156 0.7259615384615384 0.052884615384615384 0.13221153846153846
1 0.9507211538461539 0.5637019230769231 0.052884615384615384 0.09134615384615384
1 0.8870192307692307 0.6466346153846154 0.038461538461538464 0.07211538461538461
1 0.9759615384615384 0.7439903846153846 0.038461538461538464 0.0673076923076923
1 0.8076923076923077 0.7704326923076923 0.038461538461538464 0.07451923076923077
1 0.7367788461538461 0.90625 0.038461538461538464 0.06971153846153846
1 0.8341346153846154 0.9002403846153846 0.04807692307692308 0.09615384615384616
1 0.9399038461538461 0.9026442307692307 0.05048076923076923 0.0985576923076923
1 0.9867788461538461 0.984375 0.026442307692307692 0.03125
0 0.8521634615384616 0.6454326923076923 0.04807692307692308 0.12740384615384615
0 0.8798076923076923 0.8209134615384616 0.038461538461538464 0.13942307692307693