1 0.265625 0.2439903846153846 0.04927884615384615 0.0985576923076923
1 0.375 0.28125 0.055288461538461536 0.10216346153846154
1 0.31490384615384615 0.38822115384615385 0.037259615384615384 0.07211538461538461
1 0.43509615384615385 0.3449519230769231 0.03485576923076923 0.06971153846153846
1 0.4375 0.47716346153846156 0.040865384615384616 0.06610576923076923
1 0.5649038461538461 0.4326923076923077 0.042067307692307696 0.08173076923076923
1 0.6862980769230769 0.4423076923076923 0.038461538461538464 0.0733173076923077
1 0.6947115384615384 0.359375 0.039663461538461536 0.0625
1 0.6466346153846154 0.19471153846153846 0.051682692307692304 0.09735576923076923
1 0.6694711538461539 0.07572115384615384 0.051682692307692304 0.08533653846153846
1 0.5348557692307693 0.16105769230769232 0.038461538461538464 0.07692307692307693
1 0.5348557692307693 0.28125 0.040865384615384616 0.046875
1 0.4639423076923077 0.16105769230769232 0.04927884615384615 0.0985576923076923
1 0.4014423076923077 0.02283653846153846 0.042067307692307696 0.04447115384615385
1 0.2920673076923077 0.08533653846153846 0.039663461538461536 0.078125
0 0.5973557692307693 0.32211538461538464 0.06610576923076923 0.109375
0 0.6165865384615384 0.0889423076923077 0.051682692307692304 0.12259615384615384
0 0.34375 0.4579326923076923 0.08052884615384616 0.07091346153846154
0 0.35336538461538464 0.12980769230769232 0.06610576923076923 0.12980769230769232