0 0.056490384615384616 0.25721153846153844 0.11298076923076923 0.07211538461538461
0 0.04447115384615385 0.2091346153846154 0.0889423076923077 0.028846153846153848
0 0.13221153846153846 0.15745192307692307 0.07211538461538461 0.055288461538461536
0 0.1622596153846154 0.27524038461538464 0.08173076923076923 0.08173076923076923
0 0.24879807692307693 0.23317307692307693 0.10817307692307693 0.05048076923076923
0 0.2620192307692308 0.140625 0.0985576923076923 0.09375
1 0.036057692307692304 0.0889423076923077 0.07211538461538461 0.0625
1 0.018028846153846152 0.16105769230769232 0.036057692307692304 0.04326923076923077
1 0.13942307692307693 0.06370192307692307 0.04567307692307692 0.040865384615384616
1 0.26322115384615385 0.28365384615384615 0.06971153846153846 0.04807692307692308
1 0.32091346153846156 0.19591346153846154 0.057692307692307696 0.03365384615384615
1 0.30528846153846156 0.06370192307692307 0.09615384615384616 0.052884615384615384
1 0.49759615384615385 0.17307692307692307 0.038461538461538464 0.057692307692307696
1 0.49399038461538464 0.27163461538461536 0.03125 0.052884615384615384
0 0.43028846153846156 0.9867788461538461 0.09615384615384616 0.026442307692307692
1 0.021634615384615384 0.984375 0.04326923076923077 0.03125
1 0.1971153846153846 0.9735576923076923 0.08653846153846154 0.052884615384615384
1 0.30528846153846156 0.9411057692307693 0.057692307692307696 0.03125
1 0.4495192307692308 0.9399038461538461 0.057692307692307696 0.052884615384615384
0 0.9447115384615384 0.9939903846153846 0.11057692307692307 0.01201923076923077
0 0.90625 0.8870192307692307 0.08173076923076923 0.0673076923076923
0 0.5324519230769231 0.9603365384615384 0.10817307692307693 0.07932692307692307
0 0.49759615384615385 0.8701923076923077 0.038461538461538464 0.0673076923076923