1 0.7548076923076923 0.5384615384615384 0.07692307692307693 0.2283653846153846
1 0.5841346153846154 0.21394230769230768 0.08533653846153846 0.1814903846153846
1 0.625 0.5396634615384616 0.07932692307692307 0.1141826923076923
1 0.44591346153846156 0.49759615384615385 0.06009615384615385 0.1141826923076923
1 0.25 0.5012019230769231 0.06370192307692307 0.12259615384615384
1 0.36899038461538464 0.6959134615384616 0.09735576923076923 0.15865384615384615
1 0.2980769230769231 0.8725961538461539 0.0733173076923077 0.125
0 0.15745192307692307 0.6502403846153846 0.08653846153846154 0.203125
0 0.3269230769230769 0.23076923076923078 0.10697115384615384 0.29447115384615385
0 0.7379807692307693 0.19230769230769232 0.13221153846153846 0.3088942307692308
0 0.5733173076923077 0.8245192307692307 0.08173076923076923 0.203125
0 0.4639423076923077 0.7439903846153846 0.0889423076923077 0.19471153846153846
0 0.5 0.359375 0.08533653846153846 0.1875
0 0.45552884615384615 0.1971153846153846 0.12259615384615384 0.11658653846153846