0 0.5204326923076923 0.0889423076923077 0.0985576923076923 0.0625
1 0.8665865384615384 0.48677884615384615 0.13221153846153846 0.04567307692307692
0 0.9002403846153846 0.12740384615384615 0.19951923076923078 0.09615384615384616
0 0.8882211538461539 0.3389423076923077 0.11057692307692307 0.07692307692307693
0 0.7331730769230769 0.27403846153846156 0.16826923076923078 0.09615384615384616
0 0.5985576923076923 0.27884615384615385 0.057692307692307696 0.09615384615384616
0 0.7439903846153846 0.37740384615384615 0.12980769230769232 0.11057692307692307
0 0.6334134615384616 0.4170673076923077 0.125 0.11538461538461539
1 0.9182692307692307 0.9483173076923077 0.08653846153846154 0.04807692307692308
1 0.9627403846153846 0.8701923076923077 0.07451923076923077 0.04326923076923077
1 0.9050480769230769 0.7704326923076923 0.07692307692307693 0.04807692307692308
1 0.7848557692307693 0.8762019230769231 0.08413461538461539 0.04807692307692308
1 0.7103365384615384 0.7956730769230769 0.07692307692307693 0.04807692307692308