1 0.11298076923076923 0.025240384615384616 0.10576923076923077 0.05048076923076923
1 0.22355769230769232 0.01201923076923077 0.10096153846153846 0.02403846153846154
0 0.9831730769230769 0.49038461538461536 0.03365384615384615 0.0673076923076923
0 0.9459134615384616 0.38461538461538464 0.10576923076923077 0.0625
0 0.8112980769230769 0.44350961538461536 0.04807692307692308 0.028846153846153848
0 0.7896634615384616 0.5252403846153846 0.09134615384615384 0.057692307692307696
0 0.7271634615384616 0.36177884615384615 0.09375 0.052884615384615384
1 0.4206730769230769 0.6899038461538461 0.038461538461538464 0.04807692307692308
1 0.31850961538461536 0.6237980769230769 0.06971153846153846 0.03125
1 0.3389423076923077 0.6802884615384616 0.07692307692307693 0.040865384615384616
1 0.37259615384615385 0.7127403846153846 0.07692307692307693 0.04807692307692308
1 0.13341346153846154 0.7055288461538461 0.10096153846153846 0.057692307692307696
0 0.7884615384615384 0.9927884615384616 0.07211538461538461 0.014423076923076924