1 0.2247596153846154 0.21995192307692307 0.051682692307692304 0.09495192307692307
1 0.32211538461538464 0.18629807692307693 0.05889423076923077 0.10216346153846154
1 0.4411057692307692 0.13221153846153846 0.056490384615384616 0.12379807692307693
1 0.5012019230769231 0.036057692307692304 0.055288461538461536 0.06971153846153846
1 0.2704326923076923 0.2764423076923077 0.04567307692307692 0.09495192307692307
1 0.30288461538461536 0.3112980769230769 0.04567307692307692 0.09615384615384616
1 0.22355769230769232 0.36658653846153844 0.04567307692307692 0.08052884615384616
1 0.2800480769230769 0.38221153846153844 0.04927884615384615 0.08774038461538461
1 0.2692307692307692 0.44471153846153844 0.054086538461538464 0.08533653846153846
1 0.3786057692307692 0.36658653846153844 0.04447115384615385 0.08413461538461539
1 0.4266826923076923 0.3737980769230769 0.05048076923076923 0.07572115384615384
1 0.5252403846153846 0.26322115384615385 0.04927884615384615 0.0889423076923077
1 0.5925480769230769 0.3004807692307692 0.04567307692307692 0.08173076923076923
1 0.44471153846153844 0.48677884615384615 0.0625 0.10336538461538461
1 0.40024038461538464 0.5252403846153846 0.0625 0.09735576923076923
1 0.3858173076923077 0.7019230769230769 0.0673076923076923 0.109375