0 0.5745192307692307 0.09375 0.07692307692307693 0.10096153846153846
0 0.47716346153846156 0.09254807692307693 0.08173076923076923 0.07692307692307693
1 0.36899038461538464 0.6370192307692307 0.06009615384615385 0.1346153846153846
1 0.2800480769230769 0.6634615384615384 0.07211538461538461 0.12980769230769232
1 0.19230769230769232 0.7908653846153846 0.08173076923076923 0.125
0 0.6658653846153846 0.6995192307692307 0.0673076923076923 0.10576923076923077
0 0.7475961538461539 0.65625 0.05048076923076923 0.11538461538461539
0 0.8064903846153846 0.5516826923076923 0.06971153846153846 0.08413461538461539
0 0.8990384615384616 0.7451923076923077 0.06971153846153846 0.18028846153846154
0 0.8605769230769231 0.9314903846153846 0.03365384615384615 0.12980769230769232
0 0.7800480769230769 0.8461538461538461 0.09615384615384616 0.15144230769230768