1 0.4254807692307692 0.6911057692307693 0.07211538461538461 0.09375
1 0.5612980769230769 0.6514423076923077 0.0673076923076923 0.09615384615384616
1 0.48197115384615385 0.43509615384615385 0.0673076923076923 0.13942307692307693
1 0.8822115384615384 0.9182692307692307 0.04807692307692308 0.08653846153846154
1 0.7896634615384616 0.9314903846153846 0.057692307692307696 0.10817307692307693
1 0.6838942307692307 0.9314903846153846 0.06009615384615385 0.10817307692307693
1 0.625 0.8377403846153846 0.04326923076923077 0.07692307692307693
1 0.5985576923076923 0.9543269230769231 0.052884615384615384 0.09134615384615384
1 0.5504807692307693 0.9627403846153846 0.052884615384615384 0.07451923076923077
0 0.5120192307692307 0.7728365384615384 0.09134615384615384 0.06971153846153846
0 0.7451923076923077 0.9663461538461539 0.04807692307692308 0.0673076923076923