1 0.3942307692307692 0.0625 0.08173076923076923 0.04807692307692308
1 0.39783653846153844 0.34375 0.10096153846153846 0.06009615384615385
1 0.36538461538461536 0.4206730769230769 0.07932692307692307 0.04326923076923077
1 0.29086538461538464 0.44471153846153844 0.07211538461538461 0.04807692307692308
1 0.26322115384615385 0.41466346153846156 0.08173076923076923 0.04326923076923077
1 0.23798076923076922 0.3389423076923077 0.057692307692307696 0.0625
1 0.30528846153846156 0.24759615384615385 0.10096153846153846 0.055288461538461536
1 0.24278846153846154 0.28365384615384615 0.09134615384615384 0.05048076923076923
1 0.2247596153846154 0.22716346153846154 0.11057692307692307 0.05048076923076923
1 0.18028846153846154 0.18389423076923078 0.08173076923076923 0.04807692307692308
1 0.23677884615384615 0.11538461538461539 0.09375 0.0673076923076923
1 0.14903846153846154 0.14302884615384615 0.09375 0.04807692307692308
1 0.06129807692307692 0.43509615384615385 0.10336538461538461 0.0625
1 0.13341346153846154 0.3161057692307692 0.07211538461538461 0.05048076923076923
1 0.9507211538461539 0.3112980769230769 0.08653846153846154 0.04807692307692308
1 0.9206730769230769 0.27524038461538464 0.09134615384615384 0.055288461538461536
1 0.8245192307692307 0.25721153846153844 0.08653846153846154 0.05048076923076923
1 0.8521634615384616 0.1875 0.11057692307692307 0.06009615384615385
1 0.9122596153846154 0.07451923076923077 0.11538461538461539 0.0673076923076923
1 0.9651442307692307 0.09014423076923077 0.06971153846153846 0.057692307692307696
0 0.36538461538461536 0.6298076923076923 0.07692307692307693 0.08173076923076923
0 0.9278846153846154 0.78125 0.14423076923076922 0.08653846153846154
0 0.6622596153846154 0.9375 0.13942307692307693 0.04807692307692308
0 0.71875 0.8076923076923077 0.07211538461538461 0.0625