1 0.171875 0.11177884615384616 0.08653846153846154 0.04567307692307692
1 0.5877403846153846 0.016826923076923076 0.13221153846153846 0.03365384615384615
0 0.23317307692307693 0.8473557692307693 0.20192307692307693 0.055288461538461536
0 0.11057692307692307 0.6502403846153846 0.22115384615384615 0.10817307692307693
1 0.3449519230769231 0.7596153846153846 0.10096153846153846 0.07211538461538461
1 0.4098557692307692 0.9435096153846154 0.07932692307692307 0.06490384615384616
1 0.43028846153846156 0.6634615384615384 0.038461538461538464 0.08653846153846154
1 0.484375 0.4206730769230769 0.06971153846153846 0.04326923076923077
1 0.4639423076923077 0.6754807692307693 0.028846153846153848 0.10096153846153846
1 0.5552884615384616 0.7872596153846154 0.10096153846153846 0.04326923076923077
1 0.6129807692307693 0.7043269230769231 0.09615384615384616 0.057692307692307696
1 0.8269230769230769 0.7884615384615384 0.14182692307692307 0.04807692307692308
1 0.71875 0.6466346153846154 0.11778846153846154 0.0625
1 0.6225961538461539 0.5757211538461539 0.13221153846153846 0.08173076923076923
1 0.6418269230769231 0.5036057692307693 0.10096153846153846 0.05048076923076923