1 0.13701923076923078 0.22956730769230768 0.04447115384615385 0.07932692307692307
1 0.21875 0.08413461538461539 0.0625 0.078125
1 0.421875 0.2283653846153846 0.06370192307692307 0.10096153846153846
1 0.4963942307692308 0.25841346153846156 0.04807692307692308 0.0829326923076923
1 0.5168269230769231 0.32091346153846156 0.052884615384615384 0.08533653846153846
1 0.49158653846153844 0.3641826923076923 0.04447115384615385 0.07572115384615384
1 0.4098557692307692 0.3858173076923077 0.06850961538461539 0.0673076923076923
1 0.32572115384615385 0.3137019230769231 0.05889423076923077 0.09254807692307693
1 0.18629807692307693 0.38461538461538464 0.06370192307692307 0.10216346153846154
1 0.22115384615384615 0.47716346153846156 0.04447115384615385 0.0829326923076923
1 0.25721153846153844 0.44350961538461536 0.05048076923076923 0.08052884615384616
1 0.30408653846153844 0.40625 0.06129807692307692 0.1141826923076923
1 0.35697115384615385 0.38341346153846156 0.0625 0.09735576923076923
1 0.390625 0.49759615384615385 0.04447115384615385 0.09134615384615384
1 0.5144230769230769 0.5625 0.057692307692307696 0.10216346153846154
1 0.3942307692307692 0.6550480769230769 0.04807692307692308 0.08413461538461539