1 0.46033653846153844 0.19230769230769232 0.0985576923076923 0.057692307692307696
1 0.38822115384615385 0.3004807692307692 0.10576923076923077 0.0625
1 0.4807692307692308 0.7019230769230769 0.057692307692307696 0.0625
1 0.33533653846153844 0.6887019230769231 0.1201923076923077 0.057692307692307696
1 0.2668269230769231 0.5612980769230769 0.15625 0.11057692307692307
1 0.052884615384615384 0.6189903846153846 0.10576923076923077 0.07451923076923077
0 0.3125 0.9471153846153846 0.3076923076923077 0.10576923076923077
0 0.22235576923076922 0.78125 0.20673076923076922 0.08173076923076923
1 0.8942307692307693 0.8810096153846154 0.1201923076923077 0.052884615384615384
1 0.8894230769230769 0.9711538461538461 0.125 0.057692307692307696
1 0.6117788461538461 0.9759615384615384 0.17067307692307693 0.04807692307692308
1 0.6334134615384616 0.8786057692307693 0.17548076923076922 0.09134615384615384