1 0.38822115384615385 0.6670673076923077 0.040865384615384616 0.10336538461538461
1 0.3918269230769231 0.5408653846153846 0.03365384615384615 0.08653846153846154
1 0.3137019230769231 0.6622596153846154 0.057692307692307696 0.10576923076923077
1 0.22596153846153846 0.7007211538461539 0.04807692307692308 0.036057692307692304
1 0.24278846153846154 0.6105769230769231 0.04567307692307692 0.1346153846153846
1 0.20552884615384615 0.53125 0.04326923076923077 0.07211538461538461
1 0.18870192307692307 0.41346153846153844 0.0625 0.11057692307692307
1 0.09375 0.39783653846153844 0.055288461538461536 0.08653846153846154
1 0.2668269230769231 0.4567307692307692 0.0625 0.11057692307692307
1 0.3269230769230769 0.4423076923076923 0.04807692307692308 0.08653846153846154
1 0.37740384615384615 0.45072115384615385 0.06009615384615385 0.0985576923076923
1 0.8737980769230769 0.5096153846153846 0.07932692307692307 0.14423076923076922
1 0.7079326923076923 0.6610576923076923 0.0673076923076923 0.10817307692307693
1 0.7427884615384616 0.4723557692307692 0.07451923076923077 0.125
1 0.8100961538461539 0.3870192307692308 0.052884615384615384 0.1201923076923077
1 0.7091346153846154 0.2932692307692308 0.07692307692307693 0.125
1 0.6322115384615384 0.1875 0.0673076923076923 0.11538461538461539
1 0.8533653846153846 0.16706730769230768 0.0673076923076923 0.14423076923076922
1 0.9387019230769231 0.140625 0.08653846153846154 0.1346153846153846
0 0.32572115384615385 0.75 0.08413461538461539 0.0625
0 0.7391826923076923 0.8521634615384616 0.08653846153846154 0.07692307692307693