1 0.05048076923076923 0.3125 0.10096153846153846 0.052884615384615384
1 0.3798076923076923 0.35096153846153844 0.0985576923076923 0.07211538461538461
1 0.3401442307692308 0.22355769230769232 0.09375 0.0625
1 0.09254807692307693 0.2247596153846154 0.07692307692307693 0.04567307692307692
1 0.4254807692307692 0.07451923076923077 0.0673076923076923 0.04326923076923077
0 0.16105769230769232 0.328125 0.125 0.057692307692307696
0 0.25841346153846156 0.11658653846153846 0.15384615384615385 0.05048076923076923
0 0.2283653846153846 0.06370192307692307 0.14423076923076922 0.05048076923076923
1 0.9086538461538461 0.48197115384615385 0.07211538461538461 0.04326923076923077
1 0.9879807692307693 0.3317307692307692 0.02403846153846154 0.057692307692307696
1 0.6682692307692307 0.4795673076923077 0.08653846153846154 0.04807692307692308
1 0.9038461538461539 0.48197115384615385 0.08653846153846154 0.04567307692307692
0 0.47836538461538464 0.4519230769230769 0.038461538461538464 0.08173076923076923
0 0.828125 0.37259615384615385 0.12980769230769232 0.057692307692307696
0 0.8016826923076923 0.31971153846153844 0.12980769230769232 0.05048076923076923
1 0.18870192307692307 0.5709134615384616 0.09134615384615384 0.052884615384615384
0 0.6442307692307693 0.7860576923076923 0.16346153846153846 0.08653846153846154
0 0.6947115384615384 0.5805288461538461 0.10817307692307693 0.0673076923076923
0 0.6286057692307693 0.5252403846153846 0.10817307692307693 0.03125
0 0.4987980769230769 0.6454326923076923 0.07932692307692307 0.0889423076923077