1 0.2704326923076923 0.2091346153846154 0.057692307692307696 0.09495192307692307
1 0.34975961538461536 0.12860576923076922 0.052884615384615384 0.10817307692307693
1 0.46634615384615385 0.06129807692307692 0.036057692307692304 0.06850961538461539
1 0.5456730769230769 0.1310096153846154 0.04807692307692308 0.0985576923076923
1 0.47716346153846156 0.18028846153846154 0.056490384615384616 0.10336538461538461
1 0.31850961538461536 0.3161057692307692 0.039663461538461536 0.0829326923076923
1 0.4098557692307692 0.31490384615384615 0.042067307692307696 0.06971153846153846
1 0.5144230769230769 0.30408653846153844 0.042067307692307696 0.0673076923076923
1 0.4230769230769231 0.43149038461538464 0.040865384615384616 0.07451923076923077
1 0.46634615384615385 0.4362980769230769 0.051682692307692304 0.0829326923076923
1 0.5492788461538461 0.46153846153846156 0.04807692307692308 0.07692307692307693
1 0.4891826923076923 0.5600961538461539 0.046875 0.06850961538461539
1 0.65625 0.4699519230769231 0.04927884615384615 0.08052884615384616
1 0.6862980769230769 0.34134615384615385 0.04326923076923077 0.07451923076923077
1 0.7512019230769231 0.49038461538461536 0.046875 0.0829326923076923
1 0.6105769230769231 0.21754807692307693 0.03365384615384615 0.06850961538461539
0 0.6141826923076923 0.3870192307692308 0.03125 0.13701923076923078
0 0.640625 0.21754807692307693 0.052884615384615384 0.12860576923076922
0 0.22355769230769232 0.15144230769230768 0.08052884615384616 0.07211538461538461
0 0.38221153846153844 0.6634615384615384 0.08173076923076923 0.10216346153846154