1 0.44471153846153844 0.3581730769230769 0.028846153846153848 0.0625
1 0.3269230769230769 0.39663461538461536 0.03365384615384615 0.11057692307692307
1 0.19951923076923078 0.453125 0.04326923076923077 0.03125
1 0.2091346153846154 0.3942307692307692 0.04326923076923077 0.06009615384615385
1 0.5504807692307693 0.21875 0.057692307692307696 0.09615384615384616
1 0.6802884615384616 0.25961538461538464 0.04326923076923077 0.07211538461538461
1 0.8317307692307693 0.15504807692307693 0.03125 0.08173076923076923
0 0.5721153846153846 0.41947115384615385 0.057692307692307696 0.0985576923076923
0 0.7896634615384616 0.3317307692307692 0.04807692307692308 0.125
0 0.8365384615384616 0.36177884615384615 0.055288461538461536 0.13942307692307693
0 0.21634615384615385 0.8725961538461539 0.028846153846153848 0.06971153846153846
0 0.14182692307692307 0.7836538461538461 0.04807692307692308 0.11778846153846154
0 0.296875 0.7608173076923077 0.036057692307692304 0.0673076923076923
0 0.25961538461538464 0.6766826923076923 0.038461538461538464 0.07211538461538461
0 0.20192307692307693 0.6057692307692307 0.04567307692307692 0.08413461538461539
1 0.36658653846153844 0.5564903846153846 0.04567307692307692 0.09134615384615384
1 0.3918269230769231 0.6971153846153846 0.040865384615384616 0.06971153846153846
1 0.4411057692307692 0.8052884615384616 0.036057692307692304 0.09134615384615384
1 0.234375 0.7475961538461539 0.03365384615384615 0.06490384615384616
1 0.16947115384615385 0.6959134615384616 0.04807692307692308 0.08173076923076923
0 0.3317307692307692 0.8894230769230769 0.06971153846153846 0.10576923076923077
1 0.3629807692307692 0.7872596153846154 0.04807692307692308 0.0625
0 0.21033653846153846 0.4987980769230769 0.0889423076923077 0.06009615384615385
0 0.6021634615384616 0.9026442307692307 0.052884615384615384 0.11538461538461539
0 0.4879807692307692 0.9194711538461539 0.057692307692307696 0.0889423076923077