0 0.10697115384615384 0.3112980769230769 0.08653846153846154 0.12980769230769232
1 0.4807692307692308 0.5204326923076923 0.04326923076923077 0.06009615384615385
1 0.6262019230769231 0.47596153846153844 0.052884615384615384 0.10817307692307693
1 0.17067307692307693 0.9423076923076923 0.057692307692307696 0.10096153846153846
1 0.29927884615384615 0.9050480769230769 0.04326923076923077 0.07692307692307693
1 0.15384615384615385 0.7199519230769231 0.0673076923076923 0.06009615384615385
0 0.8377403846153846 0.9423076923076923 0.0985576923076923 0.11538461538461539
0 0.84375 0.7728365384615384 0.14423076923076922 0.1658653846153846
0 0.6658653846153846 0.8161057692307693 0.10576923076923077 0.14903846153846154
0 0.7307692307692307 0.9507211538461539 0.10096153846153846 0.0985576923076923
1 0.5685096153846154 0.8870192307692307 0.07211538461538461 0.1466346153846154
1 0.5456730769230769 0.7211538461538461 0.11057692307692307 0.0625