1 0.6274038461538461 0.37259615384615385 0.057692307692307696 0.057692307692307696
1 0.6610576923076923 0.22355769230769232 0.10096153846153846 0.055288461538461536
1 0.056490384615384616 0.8353365384615384 0.09615384615384616 0.052884615384615384
1 0.042067307692307696 0.6262019230769231 0.08413461538461539 0.05048076923076923
1 0.05889423076923077 0.4987980769230769 0.07692307692307693 0.038461538461538464
1 0.15384615384615385 0.5877403846153846 0.06490384615384616 0.038461538461538464
1 0.1658653846153846 0.6935096153846154 0.08173076923076923 0.036057692307692304
1 0.16706730769230768 0.7884615384615384 0.0625 0.038461538461538464
1 0.2824519230769231 0.6826923076923077 0.07211538461538461 0.04326923076923077
1 0.28725961538461536 0.6418269230769231 0.08173076923076923 0.052884615384615384
1 0.4050480769230769 0.6177884615384616 0.07932692307692307 0.038461538461538464
1 0.3137019230769231 0.5540865384615384 0.08653846153846154 0.052884615384615384
1 0.3161057692307692 0.44711538461538464 0.08173076923076923 0.04807692307692308
1 0.18509615384615385 0.42908653846153844 0.07211538461538461 0.021634615384615384
0 0.06129807692307692 0.4639423076923077 0.12259615384615384 0.04807692307692308
0 0.23557692307692307 0.49158653846153844 0.13942307692307693 0.03365384615384615
0 0.5108173076923077 0.7199519230769231 0.0985576923076923 0.07211538461538461
0 0.019230769230769232 0.8846153846153846 0.038461538461538464 0.07692307692307693