1 0.06850961538461539 0.08653846153846154 0.08173076923076923 0.04326923076923077
0 0.9110576923076923 0.0733173076923077 0.10576923076923077 0.0673076923076923
0 0.27884615384615385 0.9891826923076923 0.16826923076923078 0.021634615384615384
0 0.38341346153846156 0.8774038461538461 0.0889423076923077 0.1346153846153846
0 0.078125 0.9411057692307693 0.06971153846153846 0.052884615384615384
0 0.23918269230769232 0.9002403846153846 0.13221153846153846 0.0673076923076923
1 0.1875 0.8004807692307693 0.1201923076923077 0.08413461538461539
1 0.203125 0.6646634615384616 0.11538461538461539 0.06490384615384616
1 0.026442307692307692 0.7247596153846154 0.052884615384615384 0.06490384615384616
1 0.03485576923076923 0.8341346153846154 0.06971153846153846 0.0673076923076923
1 0.03125 0.640625 0.0625 0.07932692307692307
1 0.8209134615384616 0.6658653846153846 0.10096153846153846 0.055288461538461536
1 0.7764423076923077 0.796875 0.0889423076923077 0.04807692307692308
1 0.5709134615384616 0.6502403846153846 0.11298076923076923 0.0673076923076923