1 0.009615384615384616 0.1778846153846154 0.019230769230769232 0.1201923076923077
1 0.19591346153846154 0.33653846153846156 0.052884615384615384 0.10096153846153846
0 0.5492788461538461 0.36177884615384615 0.13701923076923078 0.055288461538461536
0 0.48677884615384615 0.2548076923076923 0.10336538461538461 0.1778846153846154
1 0.5408653846153846 0.054086538461538464 0.08653846153846154 0.10817307692307693
1 0.6322115384615384 0.16826923076923078 0.07451923076923077 0.15865384615384615
1 0.7271634615384616 0.24759615384615385 0.0625 0.13221153846153846
1 0.39663461538461536 0.015625 0.0625 0.03125
1 0.4699519230769231 0.12860576923076922 0.0625 0.11057692307692307
1 0.390625 0.1658653846153846 0.08173076923076923 0.10096153846153846
1 0.36778846153846156 0.328125 0.08173076923076923 0.12259615384615384
1 0.27884615384615385 0.5120192307692307 0.057692307692307696 0.10576923076923077
0 0.6442307692307693 0.5841346153846154 0.08173076923076923 0.10576923076923077