0 0.5516826923076923 0.052884615384615384 0.07451923076923077 0.04807692307692308
1 0.5588942307692307 0.47836538461538464 0.06009615384615385 0.04326923076923077
1 0.5564903846153846 0.3858173076923077 0.0625 0.04326923076923077
1 0.44350961538461536 0.4891826923076923 0.08173076923076923 0.038461538461538464
1 0.4387019230769231 0.5372596153846154 0.08653846153846154 0.052884615384615384
1 0.40865384615384615 0.6213942307692307 0.09615384615384616 0.04326923076923077
1 0.5588942307692307 0.5841346153846154 0.06009615384615385 0.038461538461538464
1 0.5384615384615384 0.7536057692307693 0.057692307692307696 0.04326923076923077
1 0.4098557692307692 0.7295673076923077 0.09134615384615384 0.052884615384615384
1 0.3894230769230769 0.8233173076923077 0.08173076923076923 0.05048076923076923
1 0.3173076923076923 0.5588942307692307 0.0673076923076923 0.038461538461538464
0 0.4963942307692308 0.6778846153846154 0.1466346153846154 0.04807692307692308
0 0.2127403846153846 0.4519230769230769 0.11538461538461539 0.07211538461538461
0 0.9771634615384616 0.6634615384615384 0.04567307692307692 0.08653846153846154
0 0.9014423076923077 0.6213942307692307 0.09615384615384616 0.052884615384615384
0 0.9855769230769231 0.5408653846153846 0.028846153846153848 0.0625
0 0.8786057692307693 0.5276442307692307 0.10576923076923077 0.09134615384615384