0 0.5228365384615384 0.39783653846153844 0.03125 0.0889423076923077
0 0.5180288461538461 0.32091346153846156 0.040865384615384616 0.0889423076923077
0 0.5889423076923077 0.2644230769230769 0.04567307692307692 0.0673076923076923
0 0.6610576923076923 0.09975961538461539 0.04326923076923077 0.07692307692307693
0 0.21514423076923078 0.6923076923076923 0.057692307692307696 0.11538461538461539
0 0.3137019230769231 0.7548076923076923 0.057692307692307696 0.15625
0 0.40865384615384615 0.953125 0.08173076923076923 0.09375
0 0.4723557692307692 0.8377403846153846 0.05048076923076923 0.1201923076923077
0 0.5288461538461539 0.796875 0.019230769230769232 0.10817307692307693
0 0.46634615384615385 0.5805288461538461 0.057692307692307696 0.16346153846153846
0 0.35697115384615385 0.5576923076923077 0.03365384615384615 0.125
1 0.6947115384615384 0.9663461538461539 0.05048076923076923 0.06490384615384616
1 0.75 0.8677884615384616 0.04567307692307692 0.06490384615384616
1 0.7163461538461539 0.7487980769230769 0.04807692307692308 0.06971153846153846
1 0.7271634615384616 0.6069711538461539 0.038461538461538464 0.07211538461538461
1 0.796875 0.7151442307692307 0.055288461538461536 0.09615384615384616
1 0.8028846153846154 0.9326923076923077 0.03365384615384615 0.0673076923076923
1 0.8545673076923077 0.9699519230769231 0.036057692307692304 0.06009615384615385
1 0.9170673076923077 0.953125 0.038461538461538464 0.057692307692307696
1 0.921875 0.8269230769230769 0.03365384615384615 0.0673076923076923
1 0.8930288461538461 0.6778846153846154 0.04807692307692308 0.057692307692307696
1 0.8317307692307693 0.8173076923076923 0.03365384615384615 0.0673076923076923