1 0.028846153846153848 0.7379807692307693 0.057692307692307696 0.04326923076923077
1 0.009615384615384616 0.7055288461538461 0.019230769230769232 0.05048076923076923
1 0.3425480769230769 0.5985576923076923 0.04567307692307692 0.08173076923076923
1 0.4014423076923077 0.5168269230769231 0.13221153846153846 0.07451923076923077
1 0.4951923076923077 0.4230769230769231 0.10576923076923077 0.0625
1 0.37259615384615385 0.6778846153846154 0.10576923076923077 0.0625
1 0.3629807692307692 0.8701923076923077 0.08653846153846154 0.0673076923076923
1 0.4266826923076923 0.7632211538461539 0.11057692307692307 0.052884615384615384
1 0.5300480769230769 0.8798076923076923 0.13942307692307693 0.09134615384615384
1 0.5877403846153846 0.7836538461538461 0.13942307692307693 0.07692307692307693
1 0.7728365384615384 0.8040865384615384 0.11057692307692307 0.0625
1 0.7908653846153846 0.6634615384615384 0.1346153846153846 0.08173076923076923
1 0.9615384615384616 0.7103365384615384 0.07692307692307693 0.07932692307692307
0 0.8161057692307693 0.4735576923076923 0.1971153846153846 0.10336538461538461
0 0.8449519230769231 0.8858173076923077 0.23557692307692307 0.11778846153846154
0 0.5024038461538461 0.6610576923076923 0.16346153846153846 0.10576923076923077
0 0.6947115384615384 0.5985576923076923 0.19951923076923078 0.13942307692307693
0 0.9459134615384616 0.5733173076923077 0.10817307692307693 0.06971153846153846