0 0.030048076923076924 0.30408653846153844 0.06009615384615385 0.12740384615384615
1 0.8197115384615384 0.06971153846153846 0.052884615384615384 0.1201923076923077
1 0.9507211538461539 0.2956730769230769 0.052884615384615384 0.1201923076923077
1 0.8581730769230769 0.29927884615384615 0.0625 0.125
1 0.8389423076923077 0.5144230769230769 0.08173076923076923 0.04807692307692308
1 0.953125 0.5036057692307693 0.09375 0.06971153846153846
0 0.09254807692307693 0.8317307692307693 0.0673076923076923 0.11298076923076923
0 0.5372596153846154 0.7211538461538461 0.11298076923076923 0.24278846153846154
0 0.7475961538461539 0.75 0.07692307692307693 0.10576923076923077
0 0.7956730769230769 0.9026442307692307 0.11057692307692307 0.12740384615384615
0 0.8365384615384616 0.9651442307692307 0.1201923076923077 0.06971153846153846
0 0.6887019230769231 0.9098557692307693 0.10096153846153846 0.15865384615384615
1 0.96875 0.5745192307692307 0.0625 0.07211538461538461
1 0.9122596153846154 0.7620192307692307 0.06971153846153846 0.10817307692307693
1 0.9567307692307693 0.9459134615384616 0.08653846153846154 0.10817307692307693