0 0.30528846153846156 0.040865384615384616 0.057692307692307696 0.08173076923076923
0 0.28846153846153844 0.13581730769230768 0.07692307692307693 0.09134615384615384
0 0.38461538461538464 0.11298076923076923 0.028846153846153848 0.0625
0 0.35096153846153844 0.03245192307692308 0.028846153846153848 0.06490384615384616
0 0.38822115384615385 0.23677884615384615 0.021634615384615384 0.11778846153846154
0 0.3545673076923077 0.14783653846153846 0.04326923076923077 0.11057692307692307
0 0.32572115384615385 0.22355769230769232 0.052884615384615384 0.09615384615384616
1 0.7427884615384616 0.028846153846153848 0.03365384615384615 0.057692307692307696
0 0.8485576923076923 0.13341346153846154 0.0673076923076923 0.10096153846153846
1 0.9050480769230769 0.5108173076923077 0.06490384615384616 0.10336538461538461
1 0.796875 0.5096153846153846 0.055288461538461536 0.10096153846153846