1 0.5456730769230769 0.007211538461538462 0.09615384615384616 0.014423076923076924
1 0.625 0.03125 0.028846153846153848 0.04807692307692308
1 0.5769230769230769 0.20192307692307693 0.08653846153846154 0.04567307692307692
1 0.6213942307692307 0.28365384615384615 0.036057692307692304 0.038461538461538464
1 0.4338942307692308 0.25841346153846156 0.08173076923076923 0.052884615384615384
1 0.35336538461538464 0.2608173076923077 0.07692307692307693 0.055288461538461536
1 0.3762019230769231 0.18629807692307693 0.08173076923076923 0.040865384615384616
1 0.4735576923076923 0.19471153846153846 0.0673076923076923 0.036057692307692304
1 0.4483173076923077 0.1141826923076923 0.10576923076923077 0.052884615384615384
1 0.35216346153846156 0.04927884615384615 0.07211538461538461 0.03365384615384615
0 0.2668269230769231 0.0829326923076923 0.08173076923076923 0.07211538461538461
0 0.5925480769230769 0.09014423076923077 0.09375 0.06490384615384616
0 0.71875 0.29927884615384615 0.10576923076923077 0.016826923076923076
1 0.4170673076923077 0.671875 0.07451923076923077 0.036057692307692304
1 0.49278846153846156 0.71875 0.052884615384615384 0.038461538461538464
1 0.5817307692307693 0.6646634615384616 0.04807692307692308 0.028846153846153848
1 0.6153846153846154 0.765625 0.04807692307692308 0.036057692307692304
1 0.5348557692307693 0.8353365384615384 0.08413461538461539 0.04567307692307692
1 0.4495192307692308 0.8954326923076923 0.07211538461538461 0.04567307692307692
1 0.34615384615384615 0.8341346153846154 0.08653846153846154 0.038461538461538464
1 0.21153846153846154 0.8701923076923077 0.07211538461538461 0.04807692307692308
1 0.06129807692307692 0.8509615384615384 0.08173076923076923 0.05048076923076923
1 0.15865384615384615 0.7872596153846154 0.0985576923076923 0.055288461538461536
1 0.16105769230769232 0.7163461538461539 0.08413461538461539 0.040865384615384616
1 0.24158653846153846 0.6766826923076923 0.0625 0.038461538461538464
1 0.8353365384615384 0.65625 0.10817307692307693 0.06009615384615385
1 0.8052884615384616 0.7572115384615384 0.07692307692307693 0.05048076923076923