1 0.09375 0.328125 0.038461538461538464 0.07211538461538461
0 0.625 0.42788461538461536 0.09134615384615384 0.16346153846153846
0 0.5444711538461539 0.3870192307692308 0.03125 0.1971153846153846
0 0.6814903846153846 0.0985576923076923 0.12259615384615384 0.1971153846153846
1 0.8064903846153846 0.2644230769230769 0.10096153846153846 0.14182692307692307
1 0.9399038461538461 0.057692307692307696 0.07211538461538461 0.11538461538461539
0 0.12980769230769232 0.6310096153846154 0.16826923076923078 0.1778846153846154
1 0.06129807692307692 0.9170673076923077 0.07692307692307693 0.11298076923076923
1 0.14903846153846154 0.9146634615384616 0.07692307692307693 0.14423076923076922
1 0.2439903846153846 0.8076923076923077 0.07692307692307693 0.1466346153846154
1 0.32091346153846156 0.7043269230769231 0.07692307692307693 0.1201923076923077
1 0.014423076923076924 0.7884615384615384 0.028846153846153848 0.11057692307692307
1 0.010817307692307692 0.6225961538461539 0.021634615384615384 0.1346153846153846
1 0.6225961538461539 0.8786057692307693 0.08173076923076923 0.14423076923076922
1 0.7043269230769231 0.7716346153846154 0.07451923076923077 0.13221153846153846
1 0.7980769230769231 0.6778846153846154 0.0625 0.10576923076923077
1 0.5516826923076923 0.8028846153846154 0.04567307692307692 0.11057692307692307
0 0.7067307692307693 0.9747596153846154 0.12980769230769232 0.05048076923076923
0 0.5709134615384616 0.6706730769230769 0.08413461538461539 0.16346153846153846
0 0.6225961538461539 0.5432692307692307 0.13942307692307693 0.0673076923076923