0 0.078125 0.037259615384615384 0.05048076923076923 0.07451923076923077
0 0.15264423076923078 0.055288461538461536 0.052884615384615384 0.10817307692307693
0 0.07211538461538461 0.27283653846153844 0.057692307692307696 0.16346153846153846
0 0.6694711538461539 0.25961538461538464 0.0985576923076923 0.25240384615384615
0 0.5300480769230769 0.421875 0.06009615384615385 0.15625
0 0.7163461538461539 0.5096153846153846 0.07692307692307693 0.057692307692307696
0 0.20072115384615385 0.703125 0.0889423076923077 0.22115384615384615
0 0.44711538461538464 0.9230769230769231 0.10576923076923077 0.15384615384615385
0 0.2848557692307692 0.9771634615384616 0.17067307692307693 0.04567307692307692
0 0.5360576923076923 0.5685096153846154 0.028846153846153848 0.06009615384615385
0 0.6129807692307693 0.65625 0.06009615384615385 0.09615384615384616