1 0.051682692307692304 0.10817307692307693 0.04326923076923077 0.07692307692307693
1 0.12740384615384615 0.33774038461538464 0.057692307692307696 0.10096153846153846
1 0.021634615384615384 0.4098557692307692 0.04326923076923077 0.11298076923076923
0 0.5216346153846154 0.5492788461538461 0.09615384615384616 0.06009615384615385
0 0.6021634615384616 0.6394230769230769 0.0985576923076923 0.2403846153846154
0 0.5985576923076923 0.8954326923076923 0.14423076923076922 0.2091346153846154
0 0.7764423076923077 0.8305288461538461 0.10576923076923077 0.14903846153846154
0 0.7103365384615384 0.6826923076923077 0.10096153846153846 0.125
1 0.8317307692307693 0.5649038461538461 0.0625 0.09134615384615384
1 0.9543269230769231 0.5733173076923077 0.0625 0.10817307692307693
1 0.9867788461538461 0.7764423076923077 0.026442307692307692 0.10576923076923077
1 0.8737980769230769 0.7596153846153846 0.07211538461538461 0.1466346153846154
1 0.8942307692307693 0.9459134615384616 0.11057692307692307 0.10817307692307693