0 0.36177884615384615 0.06971153846153846 0.036057692307692304 0.07211538461538461
0 0.19230769230769232 0.13942307692307693 0.07211538461538461 0.08173076923076923
0 0.9567307692307693 0.5012019230769231 0.08653846153846154 0.07932692307692307
0 0.890625 0.41466346153846156 0.1201923076923077 0.04567307692307692
0 0.9555288461538461 0.3858173076923077 0.0889423076923077 0.04567307692307692
0 0.9891826923076923 0.2644230769230769 0.021634615384615384 0.07211538461538461
0 0.8293269230769231 0.29086538461538464 0.11778846153846154 0.10096153846153846
1 0.35096153846153844 0.6129807692307693 0.057692307692307696 0.04807692307692308
1 0.34975961538461536 0.71875 0.06009615384615385 0.04807692307692308
1 0.3473557692307692 0.8125 0.06490384615384616 0.038461538461538464
1 0.25721153846153844 0.5625 0.07211538461538461 0.028846153846153848
1 0.9495192307692307 0.65625 0.10096153846153846 0.057692307692307696
1 0.953125 0.7584134615384616 0.07211538461538461 0.038461538461538464