1 0.3449519230769231 0.10817307692307693 0.04807692307692308 0.09615384615384616
1 0.2644230769230769 0.03365384615384615 0.04807692307692308 0.0673076923076923
1 0.13581730769230768 0.07572115384615384 0.052884615384615384 0.09134615384615384
1 0.06490384615384616 0.030048076923076924 0.04326923076923077 0.06009615384615385
1 0.01201923076923077 0.09495192307692307 0.02403846153846154 0.07451923076923077
1 0.09375 0.1971153846153846 0.038461538461538464 0.06490384615384616
1 0.19831730769230768 0.21394230769230768 0.03365384615384615 0.06971153846153846
1 0.29447115384615385 0.22115384615384615 0.040865384615384616 0.07692307692307693
1 0.18629807692307693 0.3293269230769231 0.038461538461538464 0.0673076923076923
1 0.14302884615384615 0.3293269230769231 0.04807692307692308 0.07932692307692307
1 0.056490384615384616 0.3473557692307692 0.04567307692307692 0.08653846153846154
1 0.11538461538461539 0.45552884615384615 0.038461538461538464 0.07692307692307693
0 0.22355769230769232 0.5588942307692307 0.0673076923076923 0.0985576923076923
0 0.004807692307692308 0.2668269230769231 0.009615384615384616 0.1346153846153846
0 0.3713942307692308 0.05889423076923077 0.036057692307692304 0.07451923076923077
1 0.7992788461538461 0.2860576923076923 0.06490384615384616 0.07451923076923077
1 0.23798076923076922 0.7752403846153846 0.04807692307692308 0.08653846153846154
1 0.25841346153846156 0.8665865384615384 0.038461538461538464 0.057692307692307696
0 0.21033653846153846 0.9290865384615384 0.038461538461538464 0.10576923076923077
0 0.2920673076923077 0.7427884615384616 0.04807692307692308 0.14423076923076922
0 0.3245192307692308 0.8990384615384616 0.052884615384615384 0.10336538461538461
0 0.34134615384615385 0.9711538461538461 0.07211538461538461 0.057692307692307696