1 0.015625 0.4807692307692308 0.03125 0.10096153846153846
1 0.11658653846153846 0.5588942307692307 0.0625 0.11538461538461539
1 0.08173076923076923 0.25 0.04326923076923077 0.07692307692307693
1 0.671875 0.09014423076923077 0.07932692307692307 0.1466346153846154
1 0.7716346153846154 0.2704326923076923 0.07692307692307693 0.13942307692307693
1 0.8389423076923077 0.1201923076923077 0.0673076923076923 0.15384615384615385
1 0.9783653846153846 0.038461538461538464 0.04326923076923077 0.07692307692307693
1 0.9447115384615384 0.2247596153846154 0.0625 0.12259615384615384
1 0.8786057692307693 0.38341346153846156 0.052884615384615384 0.11057692307692307
1 0.9591346153846154 0.4423076923076923 0.08173076923076923 0.1346153846153846
1 0.7584134615384616 0.5504807692307693 0.10336538461538461 0.1778846153846154
1 0.20432692307692307 0.6586538461538461 0.057692307692307696 0.038461538461538464
0 0.6334134615384616 0.6586538461538461 0.10817307692307693 0.038461538461538464
0 0.7908653846153846 0.8161057692307693 0.10576923076923077 0.23557692307692307
0 0.6478365384615384 0.8076923076923077 0.0673076923076923 0.19230769230769232
0 0.7043269230769231 0.9278846153846154 0.10096153846153846 0.14423076923076922