1 0.5240384615384616 0.6370192307692307 0.07692307692307693 0.0625
1 0.4074519230769231 0.6286057692307693 0.06490384615384616 0.07932692307692307
1 0.328125 0.38461538461538464 0.10336538461538461 0.16826923076923078
1 0.46153846153846156 0.4519230769230769 0.0625 0.11298076923076923
1 0.5817307692307693 0.47115384615384615 0.07211538461538461 0.13221153846153846
1 0.5408653846153846 0.27524038461538464 0.09134615384615384 0.15384615384615385
1 0.40865384615384615 0.2439903846153846 0.06490384615384616 0.12980769230769232
1 0.5096153846153846 0.06490384615384616 0.10096153846153846 0.12980769230769232
0 0.953125 0.5276442307692307 0.09375 0.24759615384615385
0 0.7427884615384616 0.49158653846153844 0.07692307692307693 0.11057692307692307
0 0.8076923076923077 0.33653846153846156 0.09615384615384616 0.16826923076923078
0 0.8028846153846154 0.14302884615384615 0.09615384615384616 0.1778846153846154
0 0.7043269230769231 0.3473557692307692 0.11057692307692307 0.12980769230769232
0 0.6646634615384616 0.23677884615384615 0.11538461538461539 0.125
1 0.5204326923076923 0.7860576923076923 0.04326923076923077 0.07692307692307693