0 0.054086538461538464 0.5673076923076923 0.10817307692307693 0.057692307692307696
0 0.1971153846153846 0.5600961538461539 0.10336538461538461 0.0625
0 0.2920673076923077 0.4675480769230769 0.14423076923076922 0.052884615384615384
0 0.2247596153846154 0.3389423076923077 0.0625 0.07692307692307693
0 0.042067307692307696 0.3173076923076923 0.08413461538461539 0.09134615384615384
0 0.5733173076923077 0.4951923076923077 0.0889423076923077 0.0673076923076923
0 0.6646634615384616 0.3473557692307692 0.15384615384615385 0.07211538461538461
0 0.7932692307692307 0.32091346153846156 0.12259615384615384 0.02403846153846154
0 0.5733173076923077 0.27403846153846156 0.10817307692307693 0.08653846153846154
0 0.7379807692307693 0.1814903846153846 0.07692307692307693 0.06971153846153846
0 0.04927884615384615 0.8413461538461539 0.0985576923076923 0.11057692307692307
0 0.421875 0.8725961538461539 0.19471153846153846 0.07211538461538461
0 0.1045673076923077 0.671875 0.2091346153846154 0.08413461538461539
0 0.6225961538461539 0.9495192307692307 0.0889423076923077 0.07211538461538461
0 0.7007211538461539 0.9603365384615384 0.0889423076923077 0.0673076923076923