1 0.3389423076923077 0.3713942307692308 0.052884615384615384 0.08413461538461539
1 0.28365384615384615 0.484375 0.0625 0.10576923076923077
1 0.6153846153846154 0.5985576923076923 0.08173076923076923 0.10576923076923077
1 0.5 0.5612980769230769 0.0673076923076923 0.12980769230769232
1 0.6766826923076923 0.40865384615384615 0.0625 0.1201923076923077
1 0.5528846153846154 0.37259615384615385 0.0625 0.14903846153846154
1 0.43028846153846156 0.3076923076923077 0.09134615384615384 0.1346153846153846
1 0.5 0.17908653846153846 0.0673076923076923 0.11778846153846154
1 0.6286057692307693 0.1935096153846154 0.08653846153846154 0.13942307692307693
1 0.6009615384615384 0.038461538461538464 0.1201923076923077 0.07692307692307693
0 0.8269230769230769 0.6802884615384616 0.1201923076923077 0.07692307692307693
0 0.8401442307692307 0.40865384615384615 0.0625 0.1201923076923077
0 0.7944711538461539 0.2764423076923077 0.11057692307692307 0.1346153846153846
0 0.7560096153846154 0.16947115384615385 0.10576923076923077 0.13221153846153846
0 0.8966346153846154 0.25841346153846156 0.08413461538461539 0.18509615384615385
0 0.8918269230769231 0.0829326923076923 0.11057692307692307 0.1658653846153846