0 0.1814903846153846 0.25721153846153844 0.11538461538461539 0.0625
0 0.20072115384615385 0.5492788461538461 0.125 0.07451923076923077
1 0.43509615384615385 0.46274038461538464 0.14903846153846154 0.0673076923076923
1 0.3894230769230769 0.5877403846153846 0.10096153846153846 0.10096153846153846
1 0.35697115384615385 0.7079326923076923 0.13221153846153846 0.06009615384615385
1 0.46875 0.8125 0.17307692307692307 0.057692307692307696
1 0.5240384615384616 0.7259615384615384 0.10576923076923077 0.0673076923076923
1 0.5625 0.6310096153846154 0.1778846153846154 0.07692307692307693
1 0.5228365384615384 0.5384615384615384 0.09615384615384616 0.052884615384615384
1 0.7139423076923077 0.49399038461538464 0.0985576923076923 0.057692307692307696
1 0.7512019230769231 0.5985576923076923 0.0673076923076923 0.0673076923076923
1 0.7211538461538461 0.6911057692307693 0.11538461538461539 0.08653846153846154
1 0.6129807692307693 0.9014423076923077 0.13221153846153846 0.07211538461538461
1 0.7824519230769231 0.7896634615384616 0.09375 0.0625
1 0.8413461538461539 0.65625 0.08653846153846154 0.0625
1 0.9086538461538461 0.5216346153846154 0.15384615384615385 0.04326923076923077