0 0.4483173076923077 0.35336538461538464 0.040865384615384616 0.028846153846153848
0 0.43509615384615385 0.20552884615384615 0.0673076923076923 0.06009615384615385
1 0.8894230769230769 0.19831730769230768 0.1201923076923077 0.057692307692307696
1 0.3088942307692308 0.6778846153846154 0.11538461538461539 0.06490384615384616
1 0.1045673076923077 0.5685096153846154 0.08413461538461539 0.052884615384615384
1 0.12860576923076922 0.7451923076923077 0.10576923076923077 0.052884615384615384
0 0.9603365384615384 0.8713942307692307 0.07932692307692307 0.06490384615384616
0 0.8737980769230769 0.9302884615384616 0.09615384615384616 0.09134615384615384
0 0.8004807692307693 0.84375 0.10336538461538461 0.04567307692307692
0 0.9375 0.6935096153846154 0.10096153846153846 0.0625
0 0.7391826923076923 0.7211538461538461 0.10096153846153846 0.10096153846153846
0 0.8774038461538461 0.8137019230769231 0.11778846153846154 0.05048076923076923