1 0.3786057692307692 0.35336538461538464 0.057692307692307696 0.1201923076923077
1 0.6947115384615384 0.49759615384615385 0.038461538461538464 0.0625
1 0.7307692307692307 0.375 0.04807692307692308 0.07211538461538461
1 0.7115384615384616 0.2247596153846154 0.05048076923076923 0.08173076923076923
1 0.6478365384615384 0.32211538461538464 0.055288461538461536 0.0985576923076923
1 0.5769230769230769 0.3245192307692308 0.040865384615384616 0.08413461538461539
1 0.5372596153846154 0.4050480769230769 0.038461538461538464 0.0625
1 0.21754807692307693 0.8064903846153846 0.052884615384615384 0.10096153846153846
1 0.2956730769230769 0.8942307692307693 0.052884615384615384 0.09134615384615384
1 0.41225961538461536 0.953125 0.040865384615384616 0.0673076923076923
1 0.4230769230769231 0.8305288461538461 0.052884615384615384 0.10336538461538461
1 0.3581730769230769 0.7007211538461539 0.038461538461538464 0.07692307692307693
1 0.41225961538461536 0.5793269230769231 0.04567307692307692 0.08173076923076923
1 0.3701923076923077 0.5805288461538461 0.036057692307692304 0.07451923076923077
1 0.265625 0.6911057692307693 0.036057692307692304 0.07692307692307693
0 0.16947115384615385 0.8653846153846154 0.07211538461538461 0.08173076923076923