1 0.026442307692307692 0.21033653846153846 0.052884615384615384 0.040865384615384616
1 0.008413461538461538 0.036057692307692304 0.016826923076923076 0.03365384615384615
1 0.125 0.008413461538461538 0.09134615384615384 0.016826923076923076
1 0.14302884615384615 0.07572115384615384 0.0889423076923077 0.04807692307692308
1 0.14302884615384615 0.1814903846153846 0.09134615384615384 0.052884615384615384
1 0.15625 0.2776442307692308 0.07451923076923077 0.040865384615384616
1 0.23798076923076922 0.019230769230769232 0.08653846153846154 0.038461538461538464
0 0.0673076923076923 0.13822115384615385 0.1346153846153846 0.036057692307692304
1 0.7920673076923077 0.003605769230769231 0.07451923076923077 0.007211538461538462
1 0.9134615384615384 0.07091346153846154 0.0673076923076923 0.036057692307692304
0 0.9471153846153846 0.007211538461538462 0.10576923076923077 0.014423076923076924
0 0.7884615384615384 0.027644230769230768 0.125 0.055288461538461536
0 0.07692307692307693 0.5949519230769231 0.08413461538461539 0.07451923076923077
0 0.24519230769230768 0.6382211538461539 0.13942307692307693 0.07211538461538461
0 0.3629807692307692 0.7584134615384616 0.11538461538461539 0.04567307692307692
0 0.34375 0.8653846153846154 0.08653846153846154 0.07451923076923077
0 0.3293269230769231 0.9771634615384616 0.1778846153846154 0.04567307692307692
0 0.03365384615384615 0.8725961538461539 0.0673076923076923 0.07692307692307693
0 0.38461538461538464 0.6033653846153846 0.125 0.06009615384615385
0 0.7235576923076923 0.7536057692307693 0.08413461538461539 0.07211538461538461
0 0.7415865384615384 0.640625 0.1201923076923077 0.052884615384615384
0 0.7572115384615384 0.4855769230769231 0.10336538461538461 0.052884615384615384