1 0.38822115384615385 0.2620192307692308 0.07932692307692307 0.07211538461538461
1 0.25600961538461536 0.24759615384615385 0.07451923076923077 0.10096153846153846
1 0.3245192307692308 0.17548076923076922 0.052884615384615384 0.1201923076923077
1 0.22355769230769232 0.08173076923076923 0.07692307692307693 0.125
1 0.1466346153846154 0.016826923076923076 0.0673076923076923 0.03365384615384615
0 0.9759615384615384 0.06370192307692307 0.04807692307692308 0.11778846153846154
1 0.19951923076923078 0.9879807692307693 0.04807692307692308 0.02403846153846154
1 0.18028846153846154 0.9483173076923077 0.04567307692307692 0.07692307692307693
1 0.20793269230769232 0.9110576923076923 0.038461538461538464 0.0673076923076923
1 0.28365384615384615 0.8882211538461539 0.0673076923076923 0.07211538461538461
1 0.3701923076923077 0.9555288461538461 0.057692307692307696 0.0889423076923077
1 0.5036057692307693 0.8894230769230769 0.05048076923076923 0.10096153846153846
1 0.4723557692307692 0.7980769230769231 0.052884615384615384 0.08413461538461539
1 0.43990384615384615 0.8353365384615384 0.052884615384615384 0.07211538461538461
1 0.3954326923076923 0.8701923076923077 0.0673076923076923 0.11057692307692307
1 0.3389423076923077 0.890625 0.057692307692307696 0.10817307692307693
1 0.3016826923076923 0.78125 0.04326923076923077 0.07451923076923077
1 0.18629807692307693 0.7151442307692307 0.057692307692307696 0.10096153846153846
1 0.30288461538461536 0.6213942307692307 0.04567307692307692 0.07692307692307693
1 0.953125 0.6983173076923077 0.0625 0.09615384615384616
1 0.9603365384615384 0.5024038461538461 0.0673076923076923 0.10576923076923077