0 0.4807692307692308 0.3016826923076923 0.18269230769230768 0.09375
0 0.06971153846153846 0.3125 0.13942307692307693 0.07211538461538461
1 0.27283653846153844 0.3269230769230769 0.10817307692307693 0.04326923076923077
0 0.171875 0.20673076923076922 0.20673076923076922 0.11538461538461539
0 0.9603365384615384 0.25961538461538464 0.07932692307692307 0.0673076923076923
0 0.7692307692307693 0.2920673076923077 0.21634615384615385 0.11298076923076923
0 0.9206730769230769 0.1310096153846154 0.15865384615384615 0.10817307692307693
0 0.28846153846153844 0.5697115384615384 0.19951923076923078 0.07692307692307693
0 0.38100961538461536 0.4026442307692308 0.2956730769230769 0.10817307692307693
1 0.5625 0.6586538461538461 0.052884615384615384 0.07692307692307693
1 0.4050480769230769 0.6634615384615384 0.11538461538461539 0.057692307692307696
1 0.3473557692307692 0.7956730769230769 0.14182692307692307 0.09134615384615384
1 0.11177884615384616 0.7319711538461539 0.14903846153846154 0.07211538461538461