0 0.7824519230769231 0.11057692307692307 0.08413461538461539 0.15144230769230768
0 0.25961538461538464 0.7824519230769231 0.055288461538461536 0.16826923076923078
0 0.28725961538461536 0.90625 0.09134615384615384 0.07211538461538461
0 0.24639423076923078 0.9747596153846154 0.036057692307692304 0.05048076923076923
0 0.16947115384615385 0.8882211538461539 0.057692307692307696 0.0673076923076923
0 0.14903846153846154 0.9819711538461539 0.09134615384615384 0.036057692307692304
0 0.21634615384615385 0.9230769230769231 0.04326923076923077 0.11538461538461539
1 0.3233173076923077 0.6899038461538461 0.038461538461538464 0.09134615384615384
1 0.12860576923076922 0.6153846153846154 0.055288461538461536 0.03365384615384615
1 0.17067307692307693 0.7319711538461539 0.03365384615384615 0.07692307692307693
1 0.11298076923076923 0.7824519230769231 0.040865384615384616 0.08653846153846154
1 0.0733173076923077 0.8846153846153846 0.038461538461538464 0.0673076923076923
1 0.2956730769230769 0.9867788461538461 0.04326923076923077 0.026442307692307692