1 0.08173076923076923 0.24158653846153846 0.07211538461538461 0.03365384615384615
1 0.0829326923076923 0.28125 0.0889423076923077 0.05048076923076923
1 0.10336538461538461 0.36778846153846156 0.09134615384615384 0.04326923076923077
1 0.20793269230769232 0.3137019230769231 0.07692307692307693 0.04326923076923077
0 0.3112980769230769 0.20072115384615385 0.10096153846153846 0.07211538461538461
1 0.5829326923076923 0.014423076923076924 0.0889423076923077 0.028846153846153848
1 0.5829326923076923 0.11177884615384616 0.09134615384615384 0.052884615384615384
1 0.5961538461538461 0.20793269230769232 0.07451923076923077 0.040865384615384616
0 0.5516826923076923 0.06850961538461539 0.04567307692307692 0.036057692307692304
1 0.15985576923076922 0.5144230769230769 0.11778846153846154 0.06009615384615385
1 0.15985576923076922 0.6201923076923077 0.08653846153846154 0.04567307692307692