1 0.35336538461538464 0.27884615384615385 0.052884615384615384 0.019230769230769232
1 0.3173076923076923 0.2512019230769231 0.04807692307692308 0.07451923076923077
1 0.28125 0.2692307692307692 0.04326923076923077 0.038461538461538464
0 0.7391826923076923 0.040865384615384616 0.08413461538461539 0.08173076923076923
1 0.4375 0.4855769230769231 0.0625 0.10576923076923077
1 0.2704326923076923 0.4963942307692308 0.06490384615384616 0.1201923076923077
1 0.2776442307692308 0.6850961538461539 0.06009615384615385 0.0985576923076923
1 0.4110576923076923 0.6706730769230769 0.0625 0.10576923076923077
1 0.9879807692307693 0.44591346153846156 0.02403846153846154 0.0985576923076923
1 0.9747596153846154 0.5048076923076923 0.05048076923076923 0.09615384615384616
1 0.9266826923076923 0.5132211538461539 0.0673076923076923 0.0673076923076923
1 0.9146634615384616 0.36177884615384615 0.06490384615384616 0.1201923076923077
1 0.8389423076923077 0.3858173076923077 0.04807692307692308 0.06971153846153846
1 0.8161057692307693 0.45552884615384615 0.04326923076923077 0.07692307692307693
1 0.8449519230769231 0.4963942307692308 0.04326923076923077 0.08413461538461539
1 0.9399038461538461 0.6213942307692307 0.04807692307692308 0.07451923076923077
1 0.9411057692307693 0.78125 0.04807692307692308 0.07932692307692307
1 0.8245192307692307 0.6887019230769231 0.06009615384615385 0.09615384615384616