1 0.0985576923076923 0.33533653846153844 0.051682692307692304 0.09254807692307693
1 0.19471153846153846 0.36177884615384615 0.04807692307692308 0.09014423076923077
1 0.21875 0.41225961538461536 0.054086538461538464 0.08413461538461539
1 0.3798076923076923 0.33653846153846156 0.042067307692307696 0.125
1 0.40865384615384615 0.41586538461538464 0.046875 0.07692307692307693
1 0.39783653846153844 0.22716346153846154 0.042067307692307696 0.078125
1 0.4543269230769231 0.19230769230769232 0.046875 0.08173076923076923
1 0.5288461538461539 0.5456730769230769 0.04807692307692308 0.08774038461538461
1 0.4326923076923077 0.5264423076923077 0.056490384615384616 0.11538461538461539
1 0.3545673076923077 0.49278846153846156 0.057692307692307696 0.11057692307692307
1 0.2956730769230769 0.49759615384615385 0.04807692307692308 0.07932692307692307
1 0.2403846153846154 0.49399038461538464 0.06129807692307692 0.11658653846153846
1 0.30528846153846156 0.2824519230769231 0.0625 0.1045673076923077
1 0.21995192307692307 0.27884615384615385 0.06009615384615385 0.10096153846153846
1 0.26322115384615385 0.12379807692307693 0.055288461538461536 0.11658653846153846
1 0.21634615384615385 0.09735576923076923 0.046875 0.08413461538461539