1 0.23197115384615385 0.007211538461538462 0.07451923076923077 0.014423076923076924
1 0.1502403846153846 0.006009615384615385 0.06971153846153846 0.01201923076923077
1 0.9807692307692307 0.12259615384615384 0.038461538461538464 0.052884615384615384
1 0.9206730769230769 0.056490384615384616 0.12980769230769232 0.04807692307692308
1 0.9555288461538461 0.1875 0.0889423076923077 0.04807692307692308
1 0.8185096153846154 0.18870192307692307 0.07692307692307693 0.052884615384615384
1 0.7824519230769231 0.15384615384615385 0.10336538461538461 0.0625
1 0.6947115384615384 0.1310096153846154 0.08173076923076923 0.06009615384615385
1 0.71875 0.06370192307692307 0.11538461538461539 0.0673076923076923
0 0.4495192307692308 0.8161057692307693 0.07692307692307693 0.07451923076923077
0 0.4230769230769231 0.7103365384615384 0.12980769230769232 0.055288461538461536
0 0.3329326923076923 0.7860576923076923 0.07211538461538461 0.0673076923076923
0 0.2764423076923077 0.6778846153846154 0.10576923076923077 0.052884615384615384
0 0.20793269230769232 0.6358173076923077 0.11538461538461539 0.0889423076923077
0 0.06370192307692307 0.8173076923076923 0.12740384615384615 0.057692307692307696
0 0.140625 0.7319711538461539 0.11778846153846154 0.05048076923076923
1 0.8389423076923077 0.5985576923076923 0.08173076923076923 0.04567307692307692
1 0.8004807692307693 0.6358173076923077 0.07692307692307693 0.04807692307692308
1 0.7896634615384616 0.5649038461538461 0.08173076923076923 0.04326923076923077
1 0.7211538461538461 0.5877403846153846 0.08173076923076923 0.055288461538461536
1 0.7211538461538461 0.6370192307692307 0.08653846153846154 0.04807692307692308