1 0.390625 0.3786057692307692 0.13221153846153846 0.06009615384615385
1 0.18990384615384615 0.3317307692307692 0.13221153846153846 0.07211538461538461
1 0.03485576923076923 0.36778846153846156 0.06971153846153846 0.08173076923076923
0 0.45913461538461536 0.1778846153846154 0.10096153846153846 0.1201923076923077
0 0.21033653846153846 0.17067307692307693 0.11057692307692307 0.07692307692307693
0 0.06971153846153846 0.10576923076923077 0.13942307692307693 0.09615384615384616
0 0.06610576923076923 0.2091346153846154 0.12980769230769232 0.11057692307692307
0 0.6189903846153846 0.1346153846153846 0.21875 0.13942307692307693
0 0.9495192307692307 0.040865384615384616 0.10096153846153846 0.08173076923076923
0 0.6826923076923077 0.30288461538461536 0.1971153846153846 0.08653846153846154
0 0.9471153846153846 0.38822115384615385 0.10576923076923077 0.040865384615384616
1 0.9326923076923077 0.32211538461538464 0.10096153846153846 0.07692307692307693
1 0.8882211538461539 0.15384615384615385 0.11778846153846154 0.07211538461538461
1 0.7295673076923077 0.38341346153846156 0.17067307692307693 0.05048076923076923
1 0.4831730769230769 0.8076923076923077 0.052884615384615384 0.0625
1 0.32211538461538464 0.8233173076923077 0.11057692307692307 0.057692307692307696
1 0.25600961538461536 0.9411057692307693 0.14903846153846154 0.08173076923076923
1 0.056490384615384616 0.8942307692307693 0.11298076923076923 0.0673076923076923
0 0.21754807692307693 0.7175480769230769 0.20192307692307693 0.07211538461538461
0 0.09014423076923077 0.6069711538461539 0.18028846153846154 0.13221153846153846
1 0.890625 0.7367788461538461 0.10576923076923077 0.0625
1 0.7487980769230769 0.7644230769230769 0.11057692307692307 0.0625
1 0.7572115384615384 0.8774038461538461 0.1201923076923077 0.08413461538461539
1 0.6129807692307693 0.9903846153846154 0.14423076923076922 0.019230769230769232
1 0.625 0.8774038461538461 0.1346153846153846 0.0673076923076923
1 0.6466346153846154 0.5985576923076923 0.11057692307692307 0.0625