1 0.37740384615384615 0.20793269230769232 0.06009615384615385 0.1201923076923077
1 0.2692307692307692 0.20072115384615385 0.04567307692307692 0.09615384615384616
1 0.7644230769230769 0.3545673076923077 0.052884615384615384 0.05048076923076923
1 0.7295673076923077 0.296875 0.04807692307692308 0.0673076923076923
1 0.6225961538461539 0.3329326923076923 0.04807692307692308 0.09134615384615384
1 0.5901442307692307 0.21033653846153846 0.038461538461538464 0.0673076923076923
1 0.5480769230769231 0.25721153846153844 0.038461538461538464 0.07211538461538461
1 0.5661057692307693 0.028846153846153848 0.05048076923076923 0.057692307692307696
0 0.6526442307692307 0.1141826923076923 0.0673076923076923 0.11538461538461539
0 0.6947115384615384 0.056490384615384616 0.0673076923076923 0.11298076923076923
0 0.5408653846153846 0.30649038461538464 0.02403846153846154 0.07451923076923077