1 0.6947115384615384 0.3581730769230769 0.09375 0.03365384615384615
1 0.6274038461538461 0.3004807692307692 0.08173076923076923 0.038461538461538464
1 0.546875 0.24278846153846154 0.07692307692307693 0.04326923076923077
1 0.4543269230769231 0.296875 0.07211538461538461 0.04326923076923077
1 0.47596153846153844 0.35697115384615385 0.06490384615384616 0.028846153846153848
1 0.5829326923076923 0.4014423076923077 0.0625 0.028846153846153848
1 0.6634615384615384 0.4543269230769231 0.052884615384615384 0.03365384615384615
1 0.5180288461538461 0.45072115384615385 0.0625 0.03365384615384615
1 0.27403846153846156 0.3389423076923077 0.09615384615384616 0.052884615384615384
1 0.32572115384615385 0.26322115384615385 0.08413461538461539 0.04326923076923077
1 0.18629807692307693 0.2800480769230769 0.07692307692307693 0.04567307692307692
1 0.28725961538461536 0.4074519230769231 0.0889423076923077 0.04326923076923077
1 0.5865384615384616 0.9098557692307693 0.12980769230769232 0.057692307692307696
1 0.5817307692307693 0.8052884615384616 0.10096153846153846 0.05048076923076923
1 0.8149038461538461 0.8257211538461539 0.09134615384615384 0.06009615384615385
1 0.8064903846153846 0.71875 0.07451923076923077 0.04807692307692308