1 0.5456730769230769 0.2283653846153846 0.08653846153846154 0.08653846153846154
1 0.5276442307692307 0.3269230769230769 0.12259615384615384 0.07211538461538461
1 0.44711538461538464 0.4014423076923077 0.10576923076923077 0.07211538461538461
1 0.34615384615384615 0.24879807692307693 0.125 0.057692307692307696
1 0.15985576923076922 0.0985576923076923 0.09375 0.06971153846153846
1 0.078125 0.20432692307692307 0.13942307692307693 0.04807692307692308
1 0.08774038461538461 0.328125 0.1201923076923077 0.0673076923076923
1 0.12259615384615384 0.5336538461538461 0.11057692307692307 0.0673076923076923
0 0.35096153846153844 0.5432692307692307 0.1778846153846154 0.12980769230769232
0 0.23677884615384615 0.375 0.16346153846153846 0.14423076923076922
0 0.06009615384615385 0.44471153846153844 0.1201923076923077 0.10576923076923077
0 0.4014423076923077 0.1201923076923077 0.16826923076923078 0.14423076923076922
0 0.9771634615384616 0.2932692307692308 0.04567307692307692 0.18269230769230768
0 0.6730769230769231 0.4567307692307692 0.16826923076923078 0.09134615384615384
0 0.828125 0.2920673076923077 0.22596153846153846 0.09615384615384616
0 0.48677884615384615 0.9447115384615384 0.08173076923076923 0.07451923076923077
0 0.40865384615384615 0.9579326923076923 0.09134615384615384 0.08413461538461539