1 0.10336538461538461 0.1778846153846154 0.10576923076923077 0.057692307692307696
1 0.1466346153846154 0.30528846153846156 0.09134615384615384 0.052884615384615384
1 0.3233173076923077 0.16105769230769232 0.05048076923076923 0.07211538461538461
1 0.671875 0.4230769230769231 0.10096153846153846 0.06009615384615385
1 0.6358173076923077 0.2704326923076923 0.07692307692307693 0.052884615384615384
1 0.5324519230769231 0.21875 0.10096153846153846 0.06490384615384616
1 0.7944711538461539 0.6694711538461539 0.11298076923076923 0.06009615384615385
1 0.8413461538461539 0.84375 0.125 0.07211538461538461
1 0.5144230769230769 0.8064903846153846 0.14903846153846154 0.09375
1 0.9567307692307693 0.5961538461538461 0.08653846153846154 0.08173076923076923
0 0.49399038461538464 0.6754807692307693 0.09615384615384616 0.1201923076923077
0 0.6574519230769231 0.7223557692307693 0.18509615384615385 0.08173076923076923
0 0.4879807692307692 0.9507211538461539 0.27884615384615385 0.0985576923076923
0 0.9759615384615384 0.6887019230769231 0.04807692307692308 0.0889423076923077
1 0.8269230769230769 0.9579326923076923 0.18269230769230768 0.08413461538461539