0 0.040865384615384616 0.21033653846153846 0.08173076923076923 0.08413461538461539
0 0.27403846153846156 0.18028846153846154 0.04807692307692308 0.12980769230769232
0 0.3173076923076923 0.34975961538461536 0.07211538461538461 0.09375
0 0.24639423076923078 0.5324519230769231 0.08413461538461539 0.09134615384615384
1 0.9591346153846154 0.13822115384615385 0.057692307692307696 0.11538461538461539
1 0.7151442307692307 0.3004807692307692 0.03365384615384615 0.08173076923076923
1 0.36538461538461536 0.6706730769230769 0.04807692307692308 0.10576923076923077
1 0.18389423076923078 0.7944711538461539 0.03365384615384615 0.07932692307692307
1 0.9206730769230769 0.6790865384615384 0.0625 0.09615384615384616
1 0.8401442307692307 0.6310096153846154 0.055288461538461536 0.026442307692307692
1 0.6466346153846154 0.6310096153846154 0.04807692307692308 0.026442307692307692
1 0.7067307692307693 0.6598557692307693 0.052884615384615384 0.08413461538461539
1 0.7800480769230769 0.7860576923076923 0.04326923076923077 0.0673076923076923
1 0.8737980769230769 0.7920673076923077 0.028846153846153848 0.0673076923076923
1 0.7692307692307693 0.9038461538461539 0.040865384615384616 0.07932692307692307
1 0.7211538461538461 0.9146634615384616 0.04567307692307692 0.08173076923076923
1 0.6730769230769231 0.7740384615384616 0.04326923076923077 0.0625
1 0.6370192307692307 0.9375 0.052884615384615384 0.08653846153846154
1 0.5528846153846154 0.9411057692307693 0.009615384615384616 0.0985576923076923
1 0.5841346153846154 0.6862980769230769 0.04567307692307692 0.07451923076923077
0 0.9651442307692307 0.640625 0.06971153846153846 0.04567307692307692
0 0.5600961538461539 0.6875 0.02403846153846154 0.13942307692307693
0 0.5817307692307693 0.8581730769230769 0.03365384615384615 0.15384615384615385