1 0.016826923076923076 0.04567307692307692 0.03365384615384615 0.0625
1 0.08653846153846154 0.008413461538461538 0.07692307692307693 0.016826923076923076
0 0.3762019230769231 0.9411057692307693 0.08413461538461539 0.07932692307692307
0 0.11177884615384616 0.7103365384615384 0.13701923076923078 0.03365384615384615
1 0.04326923076923077 0.8064903846153846 0.08653846153846154 0.06490384615384616
1 0.04807692307692308 0.9122596153846154 0.08653846153846154 0.04567307692307692
1 0.046875 0.9903846153846154 0.09375 0.019230769230769232
1 0.2127403846153846 0.5733173076923077 0.11298076923076923 0.05048076923076923
1 0.0625 0.6382211538461539 0.08173076923076923 0.04567307692307692
1 0.19591346153846154 0.6658653846153846 0.11538461538461539 0.055288461538461536
1 0.19591346153846154 0.7740384615384616 0.10096153846153846 0.04807692307692308
1 0.29086538461538464 0.8341346153846154 0.07211538461538461 0.04807692307692308
1 0.171875 0.8581730769230769 0.0985576923076923 0.057692307692307696
1 0.15865384615384615 0.9038461538461539 0.07932692307692307 0.038461538461538464
1 0.43149038461538464 0.5625 0.026442307692307692 0.03365384615384615
1 0.45913461538461536 0.41586538461538464 0.08173076923076923 0.0673076923076923