1 0.5576923076923077 0.24158653846153846 0.04807692307692308 0.08653846153846154
1 0.5372596153846154 0.3329326923076923 0.037259615384615384 0.05889423076923077
1 0.3557692307692308 0.5228365384615384 0.04567307692307692 0.0889423076923077
1 0.41947115384615385 0.6033653846153846 0.056490384615384616 0.09014423076923077
1 0.27524038461538464 0.23798076923076922 0.051682692307692304 0.07572115384615384
1 0.3786057692307692 0.2512019230769231 0.051682692307692304 0.07451923076923077
1 0.33774038461538464 0.3557692307692308 0.037259615384615384 0.06370192307692307
0 0.5853365384615384 0.3954326923076923 0.038461538461538464 0.10576923076923077
0 0.5036057692307693 0.2091346153846154 0.04807692307692308 0.14423076923076922
0 0.47115384615384615 0.36538461538461536 0.052884615384615384 0.10336538461538461
0 0.453125 0.4543269230769231 0.0733173076923077 0.0889423076923077
0 0.3918269230769231 0.36658653846153844 0.027644230769230768 0.12139423076923077
0 0.5108173076923077 0.5805288461538461 0.08173076923076923 0.15264423076923078