0 0.06490384615384616 0.04326923076923077 0.12980769230769232 0.07211538461538461
0 0.5228365384615384 0.21033653846153846 0.07451923076923077 0.07451923076923077
0 0.04807692307692308 0.6995192307692307 0.09615384615384616 0.0673076923076923
0 0.08533653846153846 0.7740384615384616 0.10817307692307693 0.052884615384615384
0 0.15264423076923078 0.8665865384615384 0.14903846153846154 0.07932692307692307
0 0.3137019230769231 0.7860576923076923 0.10096153846153846 0.04326923076923077
0 0.375 0.9278846153846154 0.14903846153846154 0.08653846153846154
0 0.4170673076923077 0.8293269230769231 0.06490384615384616 0.09615384615384616
1 0.5384615384615384 0.7800480769230769 0.10096153846153846 0.0625
1 0.6995192307692307 0.609375 0.13942307692307693 0.07692307692307693
1 0.734375 0.7439903846153846 0.11298076923076923 0.0673076923076923
1 0.8245192307692307 0.6790865384615384 0.09615384615384616 0.0673076923076923
1 0.9194711538461539 0.7740384615384616 0.1201923076923077 0.07451923076923077
1 0.9831730769230769 0.8485576923076923 0.03365384615384615 0.0673076923076923
1 0.859375 0.43509615384615385 0.15144230769230768 0.09134615384615384