0 0.3449519230769231 0.30288461538461536 0.1466346153846154 0.055288461538461536
0 0.2127403846153846 0.2824519230769231 0.08173076923076923 0.08173076923076923
0 0.12980769230769232 0.31850961538461536 0.10576923076923077 0.040865384615384616
0 0.20072115384615385 0.35096153846153844 0.10576923076923077 0.04326923076923077
0 0.24759615384615385 0.39903846153846156 0.0673076923076923 0.0673076923076923
0 0.11538461538461539 0.4110576923076923 0.10817307692307693 0.08653846153846154
0 0.3425480769230769 0.3425480769230769 0.1201923076923077 0.028846153846153848
1 0.43990384615384615 0.24639423076923078 0.09615384615384616 0.04567307692307692
1 0.11778846153846154 0.26802884615384615 0.0889423076923077 0.04326923076923077
1 0.055288461538461536 0.3557692307692308 0.0625 0.03125
1 0.07932692307692307 0.49158653846153844 0.09615384615384616 0.057692307692307696
1 0.24639423076923078 0.4831730769230769 0.04807692307692308 0.04807692307692308
1 0.3485576923076923 0.453125 0.09134615384615384 0.04807692307692308
1 0.3894230769230769 0.3918269230769231 0.09134615384615384 0.038461538461538464
1 0.515625 0.4362980769230769 0.06490384615384616 0.05048076923076923
1 0.9086538461538461 0.38100961538461536 0.08173076923076923 0.07211538461538461
1 0.8040865384615384 0.2692307692307692 0.07932692307692307 0.04567307692307692
1 0.6514423076923077 0.8425480769230769 0.10336538461538461 0.040865384615384616
1 0.6682692307692307 0.6598557692307693 0.125 0.0625