1 0.28846153846153844 0.4855769230769231 0.1201923076923077 0.04807692307692308
1 0.2764423076923077 0.3425480769230769 0.13221153846153846 0.0889423076923077
1 0.125 0.29447115384615385 0.1658653846153846 0.05048076923076923
1 0.25841346153846156 0.25 0.08173076923076923 0.0673076923076923
1 0.6310096153846154 0.4375 0.07692307692307693 0.05048076923076923
1 0.5889423076923077 0.24879807692307693 0.09615384615384616 0.057692307692307696
1 0.7824519230769231 0.3125 0.11057692307692307 0.06490384615384616
0 0.13341346153846154 0.9795673076923077 0.13221153846153846 0.040865384615384616
0 0.6862980769230769 0.8016826923076923 0.21153846153846154 0.08173076923076923
1 0.39663461538461536 0.5348557692307693 0.09615384615384616 0.05048076923076923
1 0.3954326923076923 0.8870192307692307 0.09375 0.07211538461538461
1 0.5769230769230769 0.9086538461538461 0.12259615384615384 0.0673076923076923
1 0.6346153846153846 0.9891826923076923 0.14423076923076922 0.021634615384615384
1 0.8641826923076923 0.96875 0.12740384615384615 0.0625
0 0.5841346153846154 0.6334134615384616 0.2980769230769231 0.13942307692307693