1 0.19951923076923078 0.6177884615384616 0.0673076923076923 0.0625
0 0.6887019230769231 0.4963942307692308 0.057692307692307696 0.17307692307692307
1 0.9170673076923077 0.9230769230769231 0.057692307692307696 0.09615384615384616
1 0.8365384615384616 0.9747596153846154 0.052884615384615384 0.05048076923076923
1 0.6418269230769231 0.9759615384615384 0.04807692307692308 0.04807692307692308
1 0.7091346153846154 0.9495192307692307 0.057692307692307696 0.10096153846153846
1 0.8689903846153846 0.8161057692307693 0.038461538461538464 0.08173076923076923
1 0.7776442307692307 0.8173076923076923 0.04326923076923077 0.06971153846153846
1 0.6730769230769231 0.828125 0.04326923076923077 0.0673076923076923
1 0.7644230769230769 0.7007211538461539 0.040865384615384616 0.07451923076923077
1 0.7211538461538461 0.6959134615384616 0.052884615384615384 0.08173076923076923
1 0.6370192307692307 0.6790865384615384 0.04807692307692308 0.06009615384615385
1 0.53125 0.6754807692307693 0.04807692307692308 0.052884615384615384
1 0.5012019230769231 0.7908653846153846 0.04326923076923077 0.07451923076923077
1 0.43509615384615385 0.6658653846153846 0.04807692307692308 0.03365384615384615
1 0.5769230769230769 0.9146634615384616 0.03365384615384615 0.0673076923076923
0 0.5733173076923077 0.7451923076923077 0.03125 0.13701923076923078
0 0.546875 0.9146634615384616 0.052884615384615384 0.12980769230769232
0 0.9615384615384616 0.9723557692307693 0.07692307692307693 0.055288461538461536