1 0.7139423076923077 0.14182692307692307 0.0985576923076923 0.07211538461538461
1 0.6742788461538461 0.02283653846153846 0.09375 0.04567307692307692
0 0.5180288461538461 0.11778846153846154 0.07932692307692307 0.057692307692307696
1 0.29927884615384615 0.8137019230769231 0.09134615384615384 0.04807692307692308
1 0.5072115384615384 0.546875 0.057692307692307696 0.04567307692307692
1 0.5949519230769231 0.5144230769230769 0.0625 0.03365384615384615
1 0.7632211538461539 0.5120192307692307 0.09615384615384616 0.057692307692307696
1 0.7764423076923077 0.6466346153846154 0.057692307692307696 0.03125
1 0.7175480769230769 0.7331730769230769 0.07211538461538461 0.04326923076923077
0 0.6225961538461539 0.7175480769230769 0.07692307692307693 0.08173076923076923
0 0.5216346153846154 0.6971153846153846 0.08653846153846154 0.04807692307692308
0 0.515625 0.6550480769230769 0.07451923076923077 0.036057692307692304
0 0.5949519230769231 0.609375 0.0625 0.0625
0 0.6262019230769231 0.65625 0.10096153846153846 0.04567307692307692
0 0.7199519230769231 0.5913461538461539 0.10096153846153846 0.08413461538461539