1 0.39903846153846156 0.44711538461538464 0.057692307692307696 0.12980769230769232
1 0.4987980769230769 0.4362980769230769 0.040865384615384616 0.10817307692307693
1 0.8677884615384616 0.4963942307692308 0.06009615384615385 0.11778846153846154
0 0.1814903846153846 0.84375 0.07692307692307693 0.09134615384615384
0 0.6802884615384616 0.71875 0.08653846153846154 0.14423076923076922
0 0.6802884615384616 0.8629807692307693 0.04807692307692308 0.08653846153846154
0 0.6225961538461539 0.9338942307692307 0.036057692307692304 0.07211538461538461
0 0.5841346153846154 0.9879807692307693 0.038461538461538464 0.02403846153846154
1 0.5300480769230769 0.8125 0.021634615384615384 0.07692307692307693
1 0.5829326923076923 0.6959134615384616 0.052884615384615384 0.09615384615384616
1 0.6502403846153846 0.9879807692307693 0.036057692307692304 0.02403846153846154
1 0.7127403846153846 0.9483173076923077 0.04326923076923077 0.07692307692307693