1 0.06971153846153846 0.3317307692307692 0.04326923076923077 0.10576923076923077
1 0.2548076923076923 0.20552884615384615 0.028846153846153848 0.09375
1 0.8137019230769231 0.49278846153846156 0.04326923076923077 0.06971153846153846
1 0.7139423076923077 0.5036057692307693 0.04326923076923077 0.0889423076923077
1 0.6105769230769231 0.4987980769230769 0.038461538461538464 0.08653846153846154
1 0.5240384615384616 0.5180288461538461 0.04807692307692308 0.07932692307692307
1 0.484375 0.5252403846153846 0.03125 0.06490384615384616
1 0.546875 0.4014423076923077 0.036057692307692304 0.06971153846153846
0 0.6670673076923077 0.5348557692307693 0.036057692307692304 0.04567307692307692
0 0.47596153846153844 0.2932692307692308 0.014423076923076924 0.09615384615384616
1 0.19831730769230768 0.9158653846153846 0.057692307692307696 0.10336538461538461
1 0.30288461538461536 0.7560096153846154 0.038461538461538464 0.0673076923076923
0 0.9026442307692307 0.9543269230769231 0.07932692307692307 0.09134615384615384
0 0.6706730769230769 0.9591346153846154 0.04807692307692308 0.08173076923076923
0 0.625 0.8221153846153846 0.07211538461538461 0.10096153846153846
0 0.6947115384615384 0.6418269230769231 0.08173076923076923 0.08653846153846154