1 0.5324519230769231 0.015625 0.03125 0.03125
1 0.27524038461538464 0.08653846153846154 0.03365384615384615 0.07211538461538461
1 0.31971153846153844 0.09495192307692307 0.052884615384615384 0.0889423076923077
1 0.40625 0.1201923076923077 0.04326923076923077 0.09134615384615384
1 0.5096153846153846 0.12139423076923077 0.052884615384615384 0.0889423076923077
1 0.34375 0.21754807692307693 0.04567307692307692 0.07692307692307693
0 0.4639423076923077 0.051682692307692304 0.028846153846153848 0.10336538461538461
0 0.23677884615384615 0.31971153846153844 0.07211538461538461 0.11298076923076923
1 0.4543269230769231 0.5180288461538461 0.038461538461538464 0.016826923076923076
1 0.5120192307692307 0.5661057692307693 0.04326923076923077 0.07692307692307693
1 0.4579326923076923 0.6586538461538461 0.04326923076923077 0.07211538461538461
1 0.39783653846153844 0.6370192307692307 0.028846153846153848 0.06490384615384616
1 0.35336538461538464 0.5348557692307693 0.028846153846153848 0.05048076923076923
1 0.30408653846153844 0.5949519230769231 0.03365384615384615 0.0625
1 0.41586538461538464 0.8389423076923077 0.052884615384615384 0.09615384615384616
1 0.49158653846153844 0.7872596153846154 0.04326923076923077 0.08413461538461539
1 0.47475961538461536 0.9266826923076923 0.04567307692307692 0.07692307692307693
1 0.3473557692307692 0.8257211538461539 0.04326923076923077 0.0889423076923077
1 0.9194711538461539 0.7439903846153846 0.036057692307692304 0.07451923076923077
1 0.9663461538461539 0.6682692307692307 0.038461538461538464 0.052884615384615384
1 0.9122596153846154 0.5793269230769231 0.028846153846153848 0.04807692307692308
1 0.9627403846153846 0.9783653846153846 0.040865384615384616 0.04326923076923077
1 0.9242788461538461 0.9194711538461539 0.038461538461538464 0.0625