1 0.5456730769230769 0.13942307692307693 0.0625 0.15865384615384615
1 0.6959134615384616 0.1658653846153846 0.0889423076923077 0.125
1 0.7884615384615384 0.1875 0.0673076923076923 0.08173076923076923
1 0.8040865384615384 0.036057692307692304 0.05048076923076923 0.07211538461538461
1 0.7283653846153846 0.016826923076923076 0.0673076923076923 0.03365384615384615
1 0.5901442307692307 0.016826923076923076 0.06009615384615385 0.03365384615384615
1 0.2091346153846154 0.8605769230769231 0.07692307692307693 0.11057692307692307
1 0.19110576923076922 0.6899038461538461 0.0673076923076923 0.1201923076923077
1 0.07451923076923077 0.6237980769230769 0.09134615384615384 0.13221153846153846
1 0.11899038461538461 0.4026442307692308 0.0625 0.14423076923076922
0 0.3016826923076923 0.9591346153846154 0.07932692307692307 0.08173076923076923
0 0.1310096153846154 0.9411057692307693 0.10817307692307693 0.11778846153846154
0 0.29447115384615385 0.5685096153846154 0.06971153846153846 0.1875
0 0.35216346153846156 0.43028846153846156 0.03125 0.19230769230769232
1 0.9302884615384616 0.6262019230769231 0.06009615384615385 0.11538461538461539
1 0.7836538461538461 0.6622596153846154 0.052884615384615384 0.08413461538461539
1 0.7283653846153846 0.7752403846153846 0.0625 0.10576923076923077