1 0.36899038461538464 0.5889423076923077 0.04567307692307692 0.057692307692307696
1 0.31490384615384615 0.5144230769230769 0.038461538461538464 0.07211538461538461
1 0.34615384615384615 0.3894230769230769 0.038461538461538464 0.07211538461538461
1 0.25841346153846156 0.36778846153846156 0.052884615384615384 0.0889423076923077
1 0.2247596153846154 0.47115384615384615 0.038461538461538464 0.06971153846153846
1 0.25841346153846156 0.578125 0.03125 0.0673076923076923
1 0.21033653846153846 0.609375 0.03125 0.016826923076923076
1 0.13822115384615385 0.49399038461538464 0.03365384615384615 0.0673076923076923
1 0.32211538461538464 0.2536057692307692 0.052884615384615384 0.07932692307692307
0 0.71875 0.59375 0.038461538461538464 0.04807692307692308
0 0.8822115384615384 0.6045673076923077 0.07692307692307693 0.026442307692307692
0 0.921875 0.41346153846153844 0.052884615384615384 0.10096153846153846
0 0.8329326923076923 0.44591346153846156 0.03365384615384615 0.0673076923076923
0 0.7548076923076923 0.35216346153846156 0.0625 0.10096153846153846
1 0.02403846153846154 0.9447115384615384 0.04807692307692308 0.08653846153846154
1 0.0985576923076923 0.9723557692307693 0.04807692307692308 0.055288461538461536
1 0.20072115384615385 0.9290865384615384 0.04807692307692308 0.08653846153846154
1 0.09615384615384616 0.8076923076923077 0.04807692307692308 0.09615384615384616
1 0.17668269230769232 0.7331730769230769 0.04807692307692308 0.08653846153846154