0 0.5817307692307693 0.19951923076923078 0.08173076923076923 0.16826923076923078
0 0.4411057692307692 0.07692307692307693 0.1346153846153846 0.12259615384615384
0 0.6045673076923077 0.5084134615384616 0.09615384615384616 0.17908653846153846
0 0.5036057692307693 0.40024038461538464 0.052884615384615384 0.06971153846153846
0 0.4735576923076923 0.6430288461538461 0.06850961538461539 0.11778846153846154
0 0.46274038461538464 0.23918269230769232 0.06850961538461539 0.13221153846153846
0 0.578125 0.7704326923076923 0.10576923076923077 0.19230769230769232
1 0.3629807692307692 0.29086538461538464 0.08413461538461539 0.11899038461538461
1 0.22716346153846154 0.27524038461538464 0.06490384615384616 0.1141826923076923
1 0.28846153846153844 0.4807692307692308 0.06490384615384616 0.109375
1 0.39783653846153844 0.4639423076923077 0.0673076923076923 0.109375
1 0.20432692307692307 0.4807692307692308 0.07932692307692307 0.1310096153846154
1 0.34134615384615385 0.7475961538461539 0.08774038461538461 0.16346153846153846
1 0.2512019230769231 0.7836538461538461 0.07211538461538461 0.125
1 0.4338942307692308 0.9459134615384616 0.1045673076923077 0.10697115384615384