0 0.5600961538461539 0.33774038461538464 0.019230769230769232 0.07451923076923077
1 0.6923076923076923 0.3641826923076923 0.1201923076923077 0.057692307692307696
1 0.7572115384615384 0.29447115384615385 0.10576923076923077 0.06490384615384616
0 0.2980769230769231 0.875 0.10576923076923077 0.0673076923076923
0 0.34134615384615385 0.7932692307692307 0.11538461538461539 0.05048076923076923
0 0.46875 0.7331730769230769 0.12980769230769232 0.06971153846153846
0 0.25240384615384615 0.6418269230769231 0.18028846153846154 0.06971153846153846
0 0.29447115384615385 0.5096153846153846 0.07211538461538461 0.08173076923076923
0 0.06610576923076923 0.6802884615384616 0.12980769230769232 0.03365384615384615
0 0.15144230769230768 0.7608173076923077 0.15144230769230768 0.09615384615384616
0 0.9122596153846154 0.7115384615384616 0.1346153846153846 0.038461538461538464