0 0.14302884615384615 0.3954326923076923 0.08653846153846154 0.055288461538461536
0 0.31490384615384615 0.5264423076923077 0.04807692307692308 0.0673076923076923
0 0.08774038461538461 0.5192307692307693 0.17548076923076922 0.10576923076923077
0 0.27163461538461536 0.22596153846153846 0.1346153846153846 0.10576923076923077
0 0.5072115384615384 0.4675480769230769 0.16346153846153846 0.10817307692307693
0 0.671875 0.5829326923076923 0.2644230769230769 0.11298076923076923
0 0.8858173076923077 0.3329326923076923 0.2283653846153846 0.11298076923076923
0 0.8112980769230769 0.1971153846153846 0.21153846153846154 0.1201923076923077
1 0.9603365384615384 0.5552884615384616 0.07932692307692307 0.0673076923076923
1 0.6346153846153846 0.42788461538461536 0.10576923076923077 0.07451923076923077
1 0.8473557692307693 0.4338942307692308 0.16346153846153846 0.07692307692307693
1 0.5889423076923077 0.30408653846153844 0.10817307692307693 0.08413461538461539
1 0.6694711538461539 0.25600961538461536 0.09134615384615384 0.07211538461538461
1 0.9603365384615384 0.13822115384615385 0.07932692307692307 0.06490384615384616
1 0.020432692307692308 0.8762019230769231 0.040865384615384616 0.04567307692307692
1 0.7932692307692307 0.6983173076923077 0.11057692307692307 0.016826923076923076
1 0.7896634615384616 0.7223557692307693 0.07932692307692307 0.04807692307692308
1 0.8004807692307693 0.7644230769230769 0.08653846153846154 0.04567307692307692
1 0.6237980769230769 0.7163461538461539 0.07211538461538461 0.04567307692307692
1 0.5240384615384616 0.8173076923076923 0.09615384615384616 0.052884615384615384
1 0.3713942307692308 0.9555288461538461 0.06490384615384616 0.04567307692307692
1 0.5336538461538461 0.9555288461538461 0.11298076923076923 0.0625
1 0.6526442307692307 0.9675480769230769 0.08173076923076923 0.052884615384615384
1 0.7115384615384616 0.9639423076923077 0.0673076923076923 0.04567307692307692
1 0.7860576923076923 0.9579326923076923 0.09134615384615384 0.057692307692307696
1 0.8846153846153846 0.8557692307692307 0.08653846153846154 0.0625
1 0.9579326923076923 0.8365384615384616 0.06971153846153846 0.04326923076923077
1 0.8966346153846154 0.7475961538461539 0.09134615384615384 0.057692307692307696
1 0.9026442307692307 0.7956730769230769 0.08653846153846154 0.057692307692307696