1 0.3004807692307692 0.21634615384615385 0.10817307692307693 0.17307692307692307
1 0.6586538461538461 0.18509615384615385 0.06370192307692307 0.12139423076923077
1 0.5709134615384616 0.36658653846153844 0.0625 0.10576923076923077
1 0.5432692307692307 0.5084134615384616 0.0625 0.109375
1 0.43028846153846156 0.5 0.08413461538461539 0.12139423076923077
1 0.28365384615384615 0.6442307692307693 0.08653846153846154 0.14423076923076922
1 0.43028846153846156 0.6322115384615384 0.0673076923076923 0.1346153846153846
1 0.5817307692307693 0.8305288461538461 0.07692307692307693 0.15985576923076922
1 0.7091346153846154 0.6105769230769231 0.06129807692307692 0.11057692307692307
1 0.6574519230769231 0.9170673076923077 0.056490384615384616 0.11177884615384616
1 0.4338942307692308 0.8677884615384616 0.078125 0.14423076923076922