0 0.4951923076923077 0.03245192307692308 0.11538461538461539 0.06490384615384616
0 0.6514423076923077 0.015625 0.08653846153846154 0.03125
0 0.5841346153846154 0.12379807692307693 0.07211538461538461 0.10576923076923077
0 0.4519230769230769 0.24278846153846154 0.052884615384615384 0.10576923076923077
0 0.3317307692307692 0.14903846153846154 0.07451923076923077 0.125
0 0.24759615384615385 0.7596153846153846 0.02403846153846154 0.11057692307692307
1 0.30649038461538464 0.5612980769230769 0.055288461538461536 0.06490384615384616
1 0.328125 0.5973557692307693 0.05048076923076923 0.06009615384615385
1 0.35336538461538464 0.6850961538461539 0.057692307692307696 0.11057692307692307
1 0.4014423076923077 0.6899038461538461 0.04807692307692308 0.09134615384615384
1 0.4651442307692308 0.6814903846153846 0.057692307692307696 0.10817307692307693
1 0.5216346153846154 0.6129807692307693 0.04807692307692308 0.08173076923076923
1 0.4879807692307692 0.5552884615384616 0.04807692307692308 0.052884615384615384
1 0.5396634615384616 0.7151442307692307 0.0625 0.10576923076923077
1 0.6394230769230769 0.734375 0.04807692307692308 0.08653846153846154