1 0.7608173076923077 0.3870192307692308 0.04326923076923077 0.06971153846153846
1 0.5853365384615384 0.35336538461538464 0.03125 0.10576923076923077
1 0.3581730769230769 0.5 0.0625 0.10096153846153846
1 0.2956730769230769 0.49158653846153844 0.0625 0.08413461538461539
1 0.25 0.48197115384615385 0.04807692307692308 0.06490384615384616
1 0.22355769230769232 0.4579326923076923 0.04807692307692308 0.016826923076923076
1 0.20673076923076922 0.48197115384615385 0.04807692307692308 0.06490384615384616
1 0.17067307692307693 0.46033653846153844 0.0673076923076923 0.021634615384615384
1 0.1141826923076923 0.5408653846153846 0.04326923076923077 0.08173076923076923
1 0.04326923076923077 0.5805288461538461 0.04807692307692308 0.11057692307692307
1 0.1814903846153846 0.6394230769230769 0.04326923076923077 0.13221153846153846
1 0.27524038461538464 0.6730769230769231 0.04567307692307692 0.08173076923076923
1 0.171875 0.8353365384615384 0.057692307692307696 0.10817307692307693
1 0.1045673076923077 0.8677884615384616 0.04567307692307692 0.07211538461538461
1 0.08533653846153846 0.7692307692307693 0.057692307692307696 0.0985576923076923
1 0.05048076923076923 0.7379807692307693 0.038461538461538464 0.07211538461538461
0 0.6021634615384616 0.5012019230769231 0.06490384615384616 0.10336538461538461
0 0.7019230769230769 0.8713942307692307 0.09615384615384616 0.25721153846153844
0 0.8533653846153846 0.7800480769230769 0.12980769230769232 0.21394230769230768
1 0.6129807692307693 0.6045673076923077 0.052884615384615384 0.10576923076923077
1 0.7331730769230769 0.5576923076923077 0.08173076923076923 0.09134615384615384
1 0.7896634615384616 0.6418269230769231 0.057692307692307696 0.09375
1 0.6177884615384616 0.8040865384615384 0.07211538461538461 0.12980769230769232
1 0.6274038461538461 0.984375 0.057692307692307696 0.03125
1 0.9158653846153846 0.9411057692307693 0.06009615384615385 0.09134615384615384