1 0.04927884615384615 0.6586538461538461 0.0985576923076923 0.057692307692307696
1 0.19831730769230768 0.6658653846153846 0.021634615384615384 0.057692307692307696
0 0.2439903846153846 0.3786057692307692 0.06971153846153846 0.09375
0 0.39302884615384615 0.31490384615384615 0.10096153846153846 0.0625
0 0.5264423076923077 0.3269230769230769 0.10817307692307693 0.04807692307692308
0 0.6153846153846154 0.4182692307692308 0.13942307692307693 0.057692307692307696
0 0.5625 0.5444711538461539 0.08653846153846154 0.0625
0 0.34975961538461536 0.5721153846153846 0.18269230769230768 0.09134615384615384
0 0.23317307692307693 0.9230769230769231 0.04807692307692308 0.04807692307692308
0 0.3112980769230769 0.9651442307692307 0.1346153846153846 0.052884615384615384
0 0.5600961538461539 0.9675480769230769 0.11538461538461539 0.06490384615384616