1 0.38221153846153844 0.17307692307692307 0.057692307692307696 0.10096153846153846
1 0.4254807692307692 0.453125 0.057692307692307696 0.03125
1 0.2956730769230769 0.4411057692307692 0.04326923076923077 0.055288461538461536
1 0.28966346153846156 0.21153846153846154 0.038461538461538464 0.0673076923076923
0 0.27884615384615385 0.02403846153846154 0.10096153846153846 0.04807692307692308
0 0.4050480769230769 0.2704326923076923 0.057692307692307696 0.125
0 0.19230769230769232 0.3798076923076923 0.057692307692307696 0.1346153846153846
0 0.1346153846153846 0.34134615384615385 0.06009615384615385 0.13221153846153846
0 0.4807692307692308 0.5024038461538461 0.052884615384615384 0.0673076923076923
1 0.7644230769230769 0.5757211538461539 0.038461538461538464 0.07211538461538461
1 0.6694711538461539 0.5612980769230769 0.052884615384615384 0.08413461538461539
1 0.5649038461538461 0.5625 0.052884615384615384 0.08653846153846154
0 0.6274038461538461 0.5108173076923077 0.03365384615384615 0.08413461538461539