0 0.016826923076923076 0.21394230769230768 0.03365384615384615 0.11538461538461539
1 0.7103365384615384 0.30408653846153844 0.040865384615384616 0.08173076923076923
1 0.6358173076923077 0.078125 0.057692307692307696 0.09615384615384616
1 0.7451923076923077 0.02403846153846154 0.0673076923076923 0.04807692307692308
0 0.08533653846153846 0.8004807692307693 0.11057692307692307 0.12980769230769232
0 0.05048076923076923 0.7127403846153846 0.10096153846153846 0.12740384615384615
0 0.9134615384615384 0.8810096153846154 0.10336538461538461 0.22355769230769232
0 0.8149038461538461 0.9711538461538461 0.038461538461538464 0.057692307692307696
0 0.8870192307692307 0.6310096153846154 0.09375 0.19230769230769232
0 0.7800480769230769 0.75 0.0673076923076923 0.0889423076923077
1 0.6358173076923077 0.9170673076923077 0.07211538461538461 0.10817307692307693
1 0.7211538461538461 0.8774038461538461 0.052884615384615384 0.12980769230769232
1 0.6538461538461539 0.7019230769230769 0.0673076923076923 0.14423076923076922
1 0.546875 0.8930288461538461 0.07692307692307693 0.13942307692307693
1 0.5480769230769231 0.6538461538461539 0.0673076923076923 0.0889423076923077
1 0.6742788461538461 0.5336538461538461 0.11538461538461539 0.1201923076923077