1 0.2247596153846154 0.36899038461538464 0.046875 0.08653846153846154
1 0.27163461538461536 0.44350961538461536 0.04927884615384615 0.08533653846153846
1 0.2824519230769231 0.3798076923076923 0.055288461538461536 0.08052884615384616
1 0.30528846153846156 0.31850961538461536 0.05048076923076923 0.0889423076923077
1 0.27524038461538464 0.27283653846153844 0.052884615384615384 0.09735576923076923
1 0.22596153846153846 0.2127403846153846 0.051682692307692304 0.07932692307692307
1 0.3245192307692308 0.1875 0.06129807692307692 0.1045673076923077
1 0.4483173076923077 0.12980769230769232 0.052884615384615384 0.109375
1 0.5024038461538461 0.038461538461538464 0.05048076923076923 0.06971153846153846
1 0.5264423076923077 0.26322115384615385 0.04326923076923077 0.08173076923076923
1 0.5925480769230769 0.3004807692307692 0.04927884615384615 0.08533653846153846
1 0.4254807692307692 0.3737980769230769 0.04567307692307692 0.09134615384615384
1 0.38100961538461536 0.36538461538461536 0.04567307692307692 0.09014423076923077
1 0.44591346153846156 0.4891826923076923 0.052884615384615384 0.10336538461538461
1 0.4014423076923077 0.5360576923076923 0.06610576923076923 0.11538461538461539
1 0.3870192307692308 0.7019230769230769 0.055288461538461536 0.10817307692307693