1 0.46274038461538464 0.3317307692307692 0.11778846153846154 0.04326923076923077
1 0.4266826923076923 0.2439903846153846 0.07692307692307693 0.057692307692307696
1 0.6069711538461539 0.15985576923076922 0.10336538461538461 0.07211538461538461
1 0.6117788461538461 0.21875 0.10096153846153846 0.0625
1 0.6850961538461539 0.23557692307692307 0.08173076923076923 0.052884615384615384
1 0.6766826923076923 0.2860576923076923 0.07692307692307693 0.04807692307692308
1 0.6177884615384616 0.3076923076923077 0.07692307692307693 0.052884615384615384
1 0.6790865384615384 0.3425480769230769 0.09615384615384616 0.0625
1 0.6262019230769231 0.2620192307692308 0.07692307692307693 0.04326923076923077
1 0.5612980769230769 0.39663461538461536 0.07932692307692307 0.04807692307692308
1 0.5216346153846154 0.46875 0.10817307692307693 0.052884615384615384
1 0.36177884615384615 0.46634615384615385 0.0985576923076923 0.04567307692307692
1 0.3317307692307692 0.4266826923076923 0.09615384615384616 0.0625
1 0.23798076923076922 0.4098557692307692 0.07692307692307693 0.052884615384615384
1 0.2620192307692308 0.3425480769230769 0.10576923076923077 0.057692307692307696
0 0.6742788461538461 0.8016826923076923 0.15144230769230768 0.10817307692307693
0 0.46634615384615385 0.9771634615384616 0.18269230769230768 0.04567307692307692
0 0.4795673076923077 0.6201923076923077 0.08413461538461539 0.125
0 0.19831730769230768 0.7259615384615384 0.22115384615384615 0.125
0 0.11538461538461539 0.9050480769230769 0.17307692307692307 0.17307692307692307
1 0.9831730769230769 0.6778846153846154 0.03365384615384615 0.052884615384615384
1 0.9242788461538461 0.5817307692307693 0.0985576923076923 0.04807692307692308
1 0.8569711538461539 0.5733173076923077 0.06971153846153846 0.03125