1 0.2704326923076923 0.21153846153846154 0.057692307692307696 0.09975961538461539
1 0.34975961538461536 0.12139423076923077 0.06009615384615385 0.09495192307692307
1 0.4699519230769231 0.0625 0.04447115384615385 0.0733173076923077
1 0.4795673076923077 0.1875 0.05889423076923077 0.09975961538461539
1 0.546875 0.12860576923076922 0.051682692307692304 0.10216346153846154
1 0.6081730769230769 0.21033653846153846 0.036057692307692304 0.07932692307692307
1 0.5180288461538461 0.30408653846153844 0.03485576923076923 0.06971153846153846
1 0.4230769230769231 0.43028846153846156 0.037259615384615384 0.06610576923076923
1 0.46875 0.4387019230769231 0.046875 0.08052884615384616
1 0.5492788461538461 0.4639423076923077 0.054086538461538464 0.0985576923076923
1 0.49278846153846156 0.5625 0.04927884615384615 0.0733173076923077
1 0.6574519230769231 0.4699519230769231 0.04807692307692308 0.08052884615384616
1 0.7512019230769231 0.4831730769230769 0.04927884615384615 0.07451923076923077
1 0.6862980769230769 0.3389423076923077 0.042067307692307696 0.06490384615384616
0 0.38341346153846156 0.6622596153846154 0.07211538461538461 0.10096153846153846
0 0.22355769230769232 0.1502403846153846 0.08173076923076923 0.08413461538461539
0 0.6442307692307693 0.21033653846153846 0.051682692307692304 0.12860576923076922
0 0.6129807692307693 0.38461538461538464 0.039663461538461536 0.13942307692307693