1 0.4543269230769231 0.4338942307692308 0.04326923076923077 0.08413461538461539
1 0.4182692307692308 0.4567307692307692 0.04326923076923077 0.04326923076923077
1 0.39783653846153844 0.4230769230769231 0.04326923076923077 0.0673076923076923
1 0.3161057692307692 0.39663461538461536 0.057692307692307696 0.09134615384615384
1 0.3125 0.34134615384615385 0.052884615384615384 0.07211538461538461
1 0.2403846153846154 0.33052884615384615 0.04326923076923077 0.10096153846153846
1 0.24519230769230768 0.16826923076923078 0.04807692307692308 0.07211538461538461
1 0.27884615384615385 0.13581730769230768 0.057692307692307696 0.09134615384615384
1 0.2956730769230769 0.040865384615384616 0.04567307692307692 0.07932692307692307
1 0.36778846153846156 0.06370192307692307 0.057692307692307696 0.10096153846153846
1 0.4807692307692308 0.12259615384615384 0.06971153846153846 0.10817307692307693
1 0.4651442307692308 0.17908653846153846 0.04807692307692308 0.057692307692307696
1 0.453125 0.27163461538461536 0.06009615384615385 0.09375
1 0.48677884615384615 0.33653846153846156 0.04326923076923077 0.07692307692307693
1 0.921875 0.06129807692307692 0.04567307692307692 0.07451923076923077
1 0.7307692307692307 0.0985576923076923 0.057692307692307696 0.10096153846153846
0 0.27403846153846156 0.9807692307692307 0.0673076923076923 0.038461538461538464
0 0.2860576923076923 0.8762019230769231 0.06490384615384616 0.10817307692307693
0 0.37259615384615385 0.7848557692307693 0.04807692307692308 0.13942307692307693
0 0.5024038461538461 0.8413461538461539 0.0625 0.07211538461538461
0 0.9579326923076923 0.890625 0.08173076923076923 0.09134615384615384